23513     	1.0                 	104.29275200000001  	104.29275200000001  	1.0                 	0.006051855782247045	0.0003231714833962534
23567     	0.6666666666666666  	214.241605          	214.241605          	1.0                 	0.005839617409009737	0.00034620943165735194
23621     	0.6                 	310.486194          	310.486194          	1.0                 	0.006386614502057686	0.0005506703002321257
23702     	0.5                 	747.44903           	747.44903           	1.0                 	0.00730315045806787 	0.001620314517897951
23729     	0.5555555555555556  	937.024216          	952.496632          	0.9837559362624603  	0.011386288624929658	0.002731249100684582
23756     	0.6                 	1121.812278         	1137.284694         	0.9863953009465194  	0.01584403809183345 	0.003942892935398603
23783     	0.6363636363636364  	1324.5085100000001  	1339.980926         	0.9884532565353845  	0.02048032756253562 	0.005208073442569085
23810     	0.6666666666666666  	1595.3454160000001  	1632.152208         	0.9774489218471223  	0.02544853512540496 	0.006586622600907002
23837     	0.6923076923076923  	1681.2542290000001  	1718.061021         	0.9785765513854819  	0.030124368845772933	0.007793899270064008
23864     	0.7142857142857143  	1879.34509          	1916.151882         	0.9807912972109588  	0.03472605188051924 	0.009062228828388893
23891     	0.7333333333333333  	2044.062455         	2080.869247         	0.9823118189415002  	0.03991098780774722 	0.010225100122706303
23918     	0.75                	2128.780613         	2165.587405         	0.9830037836778053  	0.04473962130453625 	0.011414751746015236
23945     	0.7647058823529411  	2413.1467509999998  	2507.2107960000003  	0.9624825941440305  	0.05038538975871137 	0.01278876625097254 
24073     	0.6666666666666666  	2500.527635         	2594.5916800000005  	0.9637461085977118  	0.04769001479383318 	0.012097058732450303
24097     	0.6818181818181818  	2572.7157159999997  	2666.7797610000002  	0.9647274790458407  	0.05245347619207208 	0.013217031963122801
24121     	0.6956521739130435  	2645.3463319999996  	2739.410377         	0.9656626674886832  	0.05716970671479387 	0.014242717745767988
24195     	0.6538461538461539  	2734.082877         	2828.1469220000004  	0.9667400430054459  	0.05633044340907914 	0.013605319779260359
24243     	0.6428571428571429  	3216.825492         	3359.72317          	0.9574674249128685  	0.058326676726402495	0.014198186799487053
24268     	0.6551724137931034  	3446.886999         	3605.2011230000003  	0.9560872976017876  	0.06274464270644906 	0.015334532624065512
24292     	0.6666666666666666  	3668.5659419999997  	3827.2209100000005  	0.9585456466373663  	0.06721071531963195 	0.01643699345246782 
24317     	0.6774193548387096  	4105.023491999999   	4308.880707         	0.952689055728829   	0.07178988432399475 	0.017947185829309004
24341     	0.6875              	4275.781747999999   	4482.027727000001   	0.9539837788692017  	0.07550709590637174 	0.01926295894991905 
24414     	0.6571428571428571  	4371.310874999999   	4577.556854         	0.954944092323009   	0.07449299864583799 	0.0193235787934641  
24487     	0.631578947368421   	4525.520826999999   	4731.7668060000005  	0.9564124802730185  	0.07359348475909244 	0.0194182425710353  
24512     	0.6410256410256411  	4705.9118929999995  	4912.157872000001   	0.9580131615525567  	0.07675060290628302 	0.020580924506076567
24536     	0.65                	4847.95843          	5054.204409000001   	0.9591931860467021  	0.07993112371807899 	0.02180084730804346 
24560     	0.6585365853658537  	4938.661297         	5144.907276000001   	0.9599125955171051  	0.08289465276606478 	0.02301556113626902 
24634     	0.6363636363636364  	5353.249532         	5708.170933000001   	0.9378222192071834  	0.0820467768899488  	0.023563296340405538
24658     	0.6444444444444445  	5563.8225999999995  	5924.249364000001   	0.9391607709509641  	0.08547249429508658 	0.025152552722522786
24682     	0.6521739130434783  	5862.674899         	6223.101663000001   	0.9420824560615889  	0.08940223151919886 	0.026784669275108784
24731     	0.6458333333333334  	6578.2665           	7175.976198000001   	0.9167068449632556  	0.09151758325747449 	0.028184466428162927
24780     	0.64                	6786.08537          	7409.003765000001   	0.9159241357194801  	0.09330730630557865 	0.02918479369911471 
24804     	0.6470588235294118  	6982.194062         	7605.112457000001   	0.9180921520198368  	0.09670491666960994 	0.030736630408906507
24829     	0.6538461538461539  	7049.1896289999995  	7672.108024000001   	0.9188074003844342  	0.10006541506930325 	0.03223374366978773 
24853     	0.660377358490566   	7131.550915999999   	7754.469311000001   	0.9196697581720559  	0.10306938317992599 	0.03365052598385204 
24902     	0.6545454545454545  	7821.567281         	8840.011639         	0.8847915139040237  	0.1043735426523877  	0.035049583642780074
24926     	0.6607142857142857  	7890.6661859999995  	8909.110544000001   	0.8856850688999598  	0.1075511734188747  	0.03700831980799692 
24975     	0.6551724137931034  	7960.015893999999   	8978.460252         	0.8865680384592517  	0.10883352493923888 	0.03823308567875638 
25000     	0.6610169491525424  	8376.951788999999   	9474.879009         	0.8841222965531167  	0.11223161293420503 	0.04034848796390531 
25076     	0.6557377049180327  	8497.853340999998   	9595.780561         	0.8855822918187299  	0.1135833252955456  	0.04167744673190939 
25102     	0.6612903225806451  	8742.122302999998   	9868.444034         	0.8858663303840547  	0.11714548383331458 	0.0436620262232897  
25153     	0.65625             	8921.475875999999   	10061.219777        	0.8867191129642688  	0.1187560015536287  	0.04476577297529715 
25205     	0.6515151515151515  	9011.119047999999   	10150.862949        	0.8877195065359166  	0.12027672871446295 	0.04571346268121185 
25230     	0.6567164179104478  	9023.784475999999   	10163.528377        	0.8878594264980619  	0.12353882090377606 	0.04730104944754951 
25256     	0.6617647058823529  	9176.940588         	10316.684489000001  	0.8895242069082141  	0.12692016815504073 	0.048849507495359094
25282     	0.6666666666666666  	9292.180067         	10443.563206        	0.8897518867565706  	0.13026277665160724 	0.05037219678248372 
25358     	0.6527777777777778  	9523.402054         	10679.475801        	0.8917480812221374  	0.1297882454319742  	0.0499153283715502  
25384     	0.6575342465753424  	9858.704899         	11190.118382        	0.8810188205746187  	0.13310081695070708 	0.05113626962422307 
25410     	0.6621621621621622  	9955.385584         	11286.799067        	0.882037991896857   	0.13609282294639571 	0.052283119044574146
25461     	0.6578947368421053  	10344.744335        	11676.157818        	0.8859716095180309  	0.13702556843945182 	0.05284368162156269 
25487     	0.6623376623376623  	10489.537042        	11828.864706        	0.8867746231537632  	0.13985708669299013 	0.05408172434310596 
25512     	0.6666666666666666  	10554.461393        	11893.789057        	0.8873926838973364  	0.14269829770219858 	0.05530045142174277 
25538     	0.6708860759493671  	10601.115330999999  	11940.442995        	0.887832665457987   	0.14543007051505202 	0.0564907968775535  
25641     	0.6506024096385542  	10899.828773        	12259.896278        	0.8890637021586717  	0.14199608674997616 	0.05549651120642098 
25692     	0.6470588235294118  	11023.920655999998  	12383.988161        	0.8901753225763601  	0.14199106243020052 	0.055875183435854674
25743     	0.6436781609195402  	11089.152023999999  	12449.219529        	0.8907507814580847  	0.14165972871498972 	0.05595642799746073 
25769     	0.6477272727272727  	11238.430612999999  	12598.498118        	0.8920452666451714  	0.14311521284570608 	0.056684689868005164
25794     	0.651685393258427   	11362.316150999999  	12722.383656        	0.8930964871226329  	0.14465303418498948 	0.05741876108753174 
25820     	0.6555555555555556  	11646.621371        	13027.460456        	0.8940055055500833  	0.14639700029084662 	0.05817001447342955 
25871     	0.6521739130434783  	11817.226300999999  	13198.065386        	0.8953756444891732  	0.14640314216136605 	0.05800935028200338 
25897     	0.6559139784946236  	12016.97683         	13407.925482        	0.8962592196781423  	0.14807765294748848 	0.058458810718773645
25923     	0.6595744680851063  	12105.096474        	13496.045126        	0.8969365737137058  	0.14983464008613823 	0.058902999068074724
25974     	0.65625             	12282.750595        	13673.699247        	0.8982756146033288  	0.150067115648921   	0.05871588950598142 
26000     	0.6597938144329897  	12531.989006        	13922.937658        	0.9000966113497769  	0.15211891702420355 	0.059163959209174284
26040     	0.6632653061224489  	12745.976591        	14162.289068        	0.8999940991036408  	0.15417684771084825 	0.05942122178965249 
26080     	0.66                	13165.94448         	14779.43465         	0.8908286948580947  	0.15481494629043666 	0.059335252783626495
26140     	0.6504854368932039  	13375.835772        	14993.19284         	0.8921272416582885  	0.153747233570822   	0.05847848973827561 
26160     	0.6538461538461539  	13817.707699        	15508.061329        	0.8910016156023934  	0.15593120820067236 	0.058938123830470875
26180     	0.6571428571428571  	14006.621177        	15696.974807        	0.8923134138403411  	0.15799724022441702 	0.0594124956471376  
26220     	0.6542056074766355  	14158.103218        	15851.617045        	0.8931646013026678  	0.15865462577883896 	0.05932382501300663 
26240     	0.6574074074074074  	14278.736276        	15972.250103        	0.8939714933037571  	0.16088270324611822 	0.05979041347570782 
26260     	0.6605504587155964  	14387.676164        	16083.198714        	0.8945780264143542  	0.1631559619238258  	0.06025139441096671 
26280     	0.6636363636363637  	14452.027946        	16147.550496        	0.8949981577441106  	0.16546209322685354 	0.06070672222727872 
26380     	0.6434782608695652  	14764.450702        	16497.198555        	0.8949671456506272  	0.1612793079197299  	0.05891005773149154 
26400     	0.646551724137931   	14990.911081        	16725.611731        	0.8962847710505663  	0.16289909971529895 	0.05924622997017182 
26420     	0.6495726495726496  	15069.274332        	16803.974982        	0.8967684341438161  	0.16455673055811565 	0.05958122396773035 
26440     	0.652542372881356   	15195.747553000001  	16930.448203        	0.8975395908483618  	0.16617962031875796 	0.05969975903409181 
26460     	0.6554621848739496  	15400.010412000001  	17147.249568        	0.8981038242272582  	0.16755345099929617 	0.05968368988253095 
26500     	0.6528925619834711  	15658.888665000002  	17406.127821        	0.8996193079834791  	0.16761944275035806 	0.059239740137353086
26520     	0.6557377049180327  	15856.540031000002  	17603.779186999996  	0.9007463603445849  	0.16900466637362077 	0.05928563627976641 
26560     	0.6532258064516129  	15924.844825000002  	17672.083980999996  	0.9011299879584929  	0.16887919784662755 	0.058843822292491015
26580     	0.656               	16022.734387000002  	17769.973542999996  	0.9016746337988628  	0.17018898684938927 	0.05888596765546557 
26620     	0.6535433070866141  	16253.537740000002  	18039.656299999995  	0.9009893242810844  	0.17017803589960684 	0.05848918292975451 
26640     	0.65625             	16708.879293        	18580.953882999995  	0.8992476596310385  	0.17143715963208983 	0.058685544489095104
26660     	0.6589147286821705  	16918.759956        	18793.879325999995  	0.9002271251467546  	0.17287886809558262 	0.05888673815179566 
26680     	0.6615384615384615  	17087.28526         	18962.404629999994  	0.9011138404338547  	0.17438254543625106 	0.059109640125735566
26700     	0.6641221374045801  	17255.966285000002  	19161.133464999995  	0.9005712692581574  	0.17583964361955673 	0.05931549091677549 
26720     	0.6666666666666666  	17597.628054        	19637.012415999994  	0.8961458943551756  	0.17736841186290023 	0.05959339862445265 
26780     	0.6592592592592592  	18022.22466         	20406.915969999995  	0.8831429838048186  	0.17627241266781102 	0.05914707577060684 
26820     	0.656934306569343   	18186.150326        	20571.827653999993  	0.8840318240982287  	0.1766440097702271  	0.05915657077306504 
26860     	0.6546762589928058  	18489.233842999998  	20904.173007999994  	0.8844757377354368  	0.1771995919168128  	0.059175532887186064
26920     	0.647887323943662   	18705.49501         	21120.434174999995  	0.8856586401117392  	0.1764213508023004  	0.058795762862714235
26940     	0.6503496503496503  	19205.276711        	21895.681067999994  	0.8771262538651078  	0.1783180317146267  	0.059410678647456444
26960     	0.6527777777777778  	19350.505946999998  	22043.074382999996  	0.877849686971226   	0.180139759394691   	0.060009671751168364
27050     	0.6462585034013606  	19459.577844        	22152.146279999997  	0.8784511260459229  	0.17927487964678082 	0.05959837669700767 
27075     	0.6486486486486487  	19662.920434        	22355.488869999997  	0.8795567186359634  	0.18085245996313554 	0.06000053417786445 
27100     	0.6510067114093959  	19885.371879        	22583.746457999998  	0.8805169645338391  	0.18258350395720985 	0.06041008844029853 
27125     	0.6533333333333333  	20129.870666        	22828.245245        	0.8817966711834315  	0.18434203621298131 	0.06084424490418718 
27150     	0.6556291390728477  	20241.565808        	22939.940387        	0.8823722061401188  	0.18611997871066213 	0.06128542480361523 
27175     	0.6578947368421053  	20282.446961999998  	22980.821540999998  	0.8825814571430426  	0.18788064120042383 	0.06172410791512841 
27225     	0.6558441558441559  	20405.484599        	23103.859178        	0.8832067596062284  	0.18817000089212144 	0.06157585614616877 
27250     	0.6580645161290323  	20620.277661        	23339.761134999997  	0.8834828060891379  	0.1897235935911654  	0.0618812293036366  
27300     	0.6560509554140127  	20800.198565        	23525.516091999998  	0.8841548250698414  	0.18984650384086205 	0.0617727784742473  
27325     	0.6582278481012658  	20990.003722999998  	23723.289159999997  	0.8847847185706184  	0.19126137664479503 	0.06205267265732163 
27350     	0.660377358490566   	21248.076351999996  	24038.325670999995  	0.8839249722635144  	0.19271116814344746 	0.06235891069311784 
27400     	0.6583850931677019  	21353.720191999997  	24143.969510999996  	0.8844328676886061  	0.1927770148261309  	0.06226437833573527 
27450     	0.656441717791411   	21786.949941999996  	24692.618374999995  	0.882326435015015   	0.19257983715264446 	0.06220799329983427 
27475     	0.6585365853658537  	21844.170927999996  	24749.839360999995  	0.8825984932419942  	0.1935981683883816  	0.06253316151114628 
27500     	0.6606060606060606  	22012.050474999996  	24927.326124999996  	0.8830490027136836  	0.19456937087224585 	0.06279172363978695 
27525     	0.6626506024096386  	22094.735503999997  	25010.011153999996  	0.8834356517456513  	0.1955709328447514  	0.06305193291795114 
27575     	0.6607142857142857  	22520.333002999996  	25435.608652999996  	0.8853860471840466  	0.1955063306989887  	0.06295471400167071 
27675     	0.6511627906976745  	22872.014041999995  	25936.886055999996  	0.8818334626838906  	0.19330333332192862 	0.06223355699508189 
27750     	0.6457142857142857  	23026.478463999996  	26091.350477999997  	0.8825330250120907  	0.1921421003952067  	0.06178388557602687 
27775     	0.6477272727272727  	23245.466346999998  	26316.623539999997  	0.8832997254251865  	0.19332546528067515 	0.06205560132374968 
27800     	0.6497175141242938  	23314.681642        	26385.838835        	0.8836058534198957  	0.19452001497546476 	0.062342779855346364
27850     	0.6480446927374302  	23472.720741        	26543.877934        	0.8842988503550131  	0.19470358144832592 	0.06228566097214264 
27900     	0.6464088397790055  	23633.405296        	26713.32299         	0.8847048083402821  	0.19494914661881346 	0.06224198654191924 
27950     	0.644808743169399   	24121.593413000002  	27246.504313        	0.8853096579252178  	0.19510144949989008 	0.06216010327167818 
28075     	0.6363636363636364  	24152.782306        	27277.693206        	0.8854407930905006  	0.1930708353856588  	0.06139657869940646 
28100     	0.6382978723404256  	24311.007629        	27436.389326        	0.8860862608463482  	0.19426118206025997 	0.061639042052611726
28200     	0.6302083333333334  	24579.926299        	27779.795148        	0.8848130869233434  	0.1921994284874453  	0.06079356021837568 
28300     	0.6224489795918368  	25245.556849999997  	28646.682454        	0.881273316396709   	0.1900564031980384  	0.06008673800138301 
28325     	0.6243654822335025  	25329.563001        	28730.688605000003  	0.8816204633742016  	0.19087617798664222 	0.06031897614219309 
28350     	0.6262626262626263  	25669.980546        	29152.767058000005  	0.8805332438917056  	0.19174973517230437 	0.06062144182369648 
28375     	0.628140703517588   	25725.013329999998  	29207.799842000004  	0.8807583408938644  	0.19264574805722273 	0.06092349902600335 
28400     	0.63                	25811.193682999998  	29293.980195000004  	0.8811091395291357  	0.19359027292381384 	0.06122538941249126 
28425     	0.6318407960199005  	26050.641842999998  	29547.395066000005  	0.8816561251782328  	0.1946623904478986  	0.06151643062297599 
28475     	0.6305418719211823  	26120.165222999996  	29616.918446000003  	0.8819339280899336  	0.19476502969871615 	0.061489535324964914
28500     	0.6323529411764706  	26171.215411999998  	29667.968635000005  	0.8821370864308248  	0.1958512280010982  	0.06176476195893859 
28550     	0.6310679611650486  	26414.561665999998  	29912.140982000004  	0.883071582268059   	0.1960018882362418  	0.061733331546945706
28600     	0.6298076923076923  	26596.539833        	30094.119149000006  	0.8837786446354179  	0.19601284216475537 	0.06169919436067993 
28625     	0.631578947368421   	26717.614310999998  	30215.193627000004  	0.8842443520575488  	0.19698737319573675 	0.061969475572545896
28675     	0.6303317535545023  	26818.140311999996  	30315.719628000003  	0.88462819425307    	0.19698125875497396 	0.06193966597851462 
28725     	0.6291079812206573  	26907.584944999995  	30405.164261        	0.8849675901772295  	0.19699891798771255 	0.06189633562723007 
28750     	0.6308411214953271  	27003.018409999993  	30500.597726        	0.8853275156303405  	0.19797345202680802 	0.062143792535892355
28775     	0.6325581395348837  	27131.246781999995  	30628.826098        	0.885807594949635   	0.19900113205844275 	0.062393938532005845
28800     	0.6342592592592593  	27271.924325999993  	30769.503642        	0.8863296802998846  	0.19995620690060523 	0.06259002942210495 
28825     	0.6359447004608295  	27797.659853999994  	31375.278596        	0.8859733235179588  	0.20102669766389958 	0.06287524339443341 
28850     	0.6376146788990825  	28251.553012999993  	31951.304225        	0.8842065667821731  	0.20192421094927634 	0.06317435671259845 
28925     	0.6334841628959276  	28312.064283999993  	32011.815496        	0.8844254487077653  	0.20070373484031534 	0.0628864549298485  
28975     	0.6322869955156951  	28475.091545999992  	32174.842758        	0.8850110553817673  	0.20030568964088674 	0.06289533853781579 
29050     	0.6311111111111111  	28562.477507999993  	32262.22872         	0.8853225161810828  	0.1998325267270922  	0.06283416359384204 
29075     	0.6327433628318584  	28904.003405999993  	32649.523471        	0.8852810189304338  	0.2002986125608475  	0.06310202936264592 
29125     	0.631578947368421   	29141.079479999993  	32886.599545        	0.8861080161275152  	0.19988748668313894 	0.06311885159310435 
29175     	0.6304347826086957  	29232.727285999994  	32978.247351        	0.8864245262904662  	0.1994244894316655  	0.06314141441758296 
29200     	0.6320346320346321  	29300.838507999993  	33046.358573        	0.8866586145421717  	0.19986749521569996 	0.06343727288571162 
29250     	0.630901287553648   	29514.117148999994  	33283.505159        	0.886749067083136   	0.19949946205394997 	0.06347783318487016 
29300     	0.6297872340425532  	29663.790732999994  	33433.178743        	0.8872560686204805  	0.19898728812869587 	0.06336998938269908 
29375     	0.6260504201680672  	29844.619745999993  	33633.249568        	0.88735463059137    	0.19763851157764678 	0.06297658547945038 
29400     	0.6276150627615062  	30575.384556999994  	34693.379625        	0.8813031445044752  	0.1980227499228364  	0.0632492546067395  
29425     	0.6291666666666667  	30697.833934999995  	34815.829003        	0.8817206085299544  	0.19844300036166732 	0.063533286473349   
29500     	0.6255144032921811  	30931.343072999996  	35074.979726        	0.8818634626343503  	0.19711959655490036 	0.063252944775226   
29575     	0.6219512195121951  	31386.577870999998  	35672.043123999996  	0.8798648779913378  	0.19591738745908158 	0.06305792254047045 
29600     	0.6234817813765182  	31643.237072999997  	35979.483836        	0.8794800174798149  	0.19638787101621197 	0.06341557678062552 
29625     	0.625               	31739.883026999996  	36076.12979         	0.8798028838392201  	0.19678317084355595 	0.0637655063664488  
29650     	0.6265060240963856  	31793.824071999996  	36130.070835        	0.8799823343053237  	0.19719911044725744 	0.06411423456291485 
29700     	0.6254980079681275  	31943.138212999995  	36279.384976        	0.8804762879561333  	0.1968112212567987  	0.06420161851465286 
29750     	0.6245059288537549  	32307.981782999996  	36680.898042        	0.8807849182429238  	0.19657620517453792 	0.0643081007517113  
29775     	0.6259842519685039  	32394.830368999996  	36769.785316        	0.8810176641119444  	0.19707926412245433 	0.06465670786943814 
29800     	0.6274509803921569  	32897.442731999996  	37622.317686        	0.8744129749412481  	0.19771500448056123 	0.06510591791500951 
29875     	0.624031007751938   	33131.56125499999   	37856.436209        	0.8751896526150892  	0.19687951562489373 	0.06506742186358569 
29900     	0.6254826254826255  	33158.38898999999   	37883.263944        	0.8752780393742092  	0.19746976217570023 	0.06546890866802989 
29950     	0.6245210727969349  	33506.714092999995  	38231.589047        	0.8764143716811906  	0.19727958979561766 	0.06563915779245703 
30000     	0.623574144486692   	33878.596733        	38626.867446000004  	0.8770733681772657  	0.19721242983821619 	0.0658239937000999  
30051     	0.625               	34110.859588        	38878.761979        	0.8773648607027317  	0.19792768291530757 	0.06626289343658294 
30076     	0.6264150943396226  	34435.727621        	39349.691804        	0.8751206437022084  	0.19870525302572717 	0.06676250291877456 
30102     	0.6278195488721805  	34537.792257        	39451.756440000005  	0.8754437159097497  	0.1994603835104366  	0.06726242263200799 
30128     	0.6292134831460674  	35269.842401        	40721.05891100001   	0.8661327417365499  	0.20021718989341974 	0.06788965964495178 
30205     	0.6259259259259259  	35427.618838        	40878.83534800001   	0.8666494173918117  	0.19946779157690467 	0.06801636367341352 
30256     	0.625               	35652.464282        	41151.098624000006  	0.8663794035672936  	0.19944421128910683 	0.0683731129601448  
30282     	0.6263736263736264  	35750.548301        	41249.18264300001   	0.8666971321689176  	0.2001836462397924  	0.06898107478654011 
30307     	0.6277372262773723  	35862.387670000004  	41361.02201200001   	0.8670575804339483  	0.20096074461658    	0.06958563338657059 
30358     	0.6268115942028986  	35946.166798000006  	41444.80114000001   	0.8673263186032504  	0.20089402730905634 	0.06990480419329992 
30410     	0.6258992805755396  	36060.639457000005  	41559.27379900001   	0.8676917607224333  	0.20056821796105007 	0.07013246912645194 
30512     	0.6205673758865248  	36224.58109400001   	41723.92634900001   	0.8681968420469182  	0.19888396115903395 	0.06986373227624836 
30538     	0.6219081272084805  	36319.70895200001   	41819.05420700001   	0.8684966611684041  	0.1993689203566696  	0.07034444057878203 
30589     	0.6210526315789474  	36369.97853900001   	41869.32379400001   	0.86865454808735    	0.19908028861725335 	0.07049006243875834 
30615     	0.6223776223776224  	36492.40332000001   	41991.74857500001   	0.8690374789900018  	0.19952003747558547 	0.07088294399516623 
30641     	0.6236933797909407  	36990.88642100001   	42609.91857500001   	0.8681285404451163  	0.20008361425441734 	0.07132356069229888 
30666     	0.625               	37203.36856900001   	42833.59617800001   	0.8685558040561683  	0.2007315870120236  	0.07177035311718437 
30769     	0.6198630136986302  	37292.16832000001   	42922.395929000006  	0.8688277416220375  	0.19905785428835523 	0.07118686344358609 
30820     	0.6190476190476191  	37469.41631200001   	43099.643921        	0.8693671896844442  	0.19868779719147234 	0.07101859538840853 
30846     	0.6203389830508474  	37586.10218900001   	43216.329798000006  	0.8697199036726031  	0.19904153048646814 	0.07109401683378545 
30871     	0.6216216216216216  	37706.86538300001   	43337.092992000005  	0.8700829423413488  	0.19942628171437055 	0.07117111853947783 
30897     	0.622895622895623   	37788.90415200001   	43419.131761000004  	0.8703284155935798  	0.19980848174349858 	0.07125130200917179 
30948     	0.6220735785953178  	38474.86119900001   	44408.011065000006  	0.8663946048537134  	0.19952602721647242 	0.07112594814859635 
30974     	0.6233333333333333  	38547.49464500001   	44480.644511000006  	0.8666127721118625  	0.1999391164654357  	0.07123988789876233 
31105     	0.618421052631579   	38762.83598100001   	44723.999456000005  	0.8667122004402881  	0.19839089197726403 	0.0706544281854002  
31157     	0.6176470588235294  	38850.798270000014  	44811.96174500001   	0.8669738337071323  	0.1982023972139453  	0.07054510373328503 
31210     	0.6168831168831169  	39154.53254700002   	45299.16502700001   	0.8643543986663428  	0.19802983482314457 	0.07048250132643166 
31236     	0.6181229773462783  	39356.288369000016  	45560.52316800001   	0.8638243293185534  	0.19856349948006735 	0.07066555345747673 
31263     	0.6193548387096774  	39404.74339100002   	45608.97819000001   	0.8639690024811759  	0.1990780791916451  	0.07084595744267273 
31289     	0.6205787781350482  	39709.74203600002   	45963.39622500001   	0.8639427304634517  	0.1996465578815417  	0.07104735625342386 
31368     	0.6178343949044586  	40367.27258700002   	46960.95121900001   	0.8595923110404918  	0.19897144044375742 	0.07089305077295475 
31447     	0.6151419558359621  	40522.99981100002   	47116.67844300001   	0.860056378125704   	0.19821926487977165 	0.0706784974650739  
31500     	0.6144200626959248  	41068.63708200002   	47937.525041000015  	0.8567116689248107  	0.19817242859150772 	0.07076375675678459 
31552     	0.6137071651090342  	41293.67909000002   	48162.56704900001   	0.8573811908320487  	0.19813240074864313 	0.07086207780652598 
31578     	0.6149068322981367  	41626.49338400002   	48495.381343000015  	0.858359955757076   	0.19874875614893237 	0.07121707975385286 
31631     	0.6141975308641975  	41711.408820000026  	48580.29677900002   	0.8586075340328256  	0.19870502231476536 	0.07134897532331948 
31657     	0.6153846153846154  	41906.66785300003   	48809.942036000015  	0.8585682773827422  	0.19932319941828347 	0.07171112842307549 
31684     	0.6165644171779141  	42088.388121000025  	48991.66230400001   	0.8590928770662195  	0.19990778918656235 	0.07208531205421048 
31736     	0.6158536585365854  	42301.629308000025  	49247.15924700001   	0.8589658765053928  	0.199912902445899   	0.07225474501865148 
31763     	0.6170212765957447  	42491.296565000026  	49436.82650400001   	0.8595069621137997  	0.20043039831411044 	0.07262373459008276 
31789     	0.6181818181818182  	42754.54975700002   	49700.07969600001   	0.8602511307530362  	0.20100410790404127 	0.07300781431771267 
31842     	0.6174698795180723  	43201.44514700002   	50187.19557900001   	0.8608061209356943  	0.20084699304509113 	0.07315130174930648 
31973     	0.6112759643916914  	43480.85759900002   	50497.541174000005  	0.861049005320427   	0.19885136189401414 	0.07251625412843045 
32065     	0.6088235294117647  	44041.58554700002   	51184.747762000006  	0.8604435397784038  	0.1979659539483242  	0.07224568501712365 
32086     	0.6099706744868035  	44349.246843000015  	51635.67724600001   	0.8588876762807552  	0.19829180924161766 	0.0724482222310135  
32130     	0.60932944606414    	44711.95208000002   	52237.899132000006  	0.8559293697286205  	0.19808950856978025 	0.0724926833995629  
32173     	0.6086956521739131  	44783.69491200002   	52309.64196400001   	0.8561269630333272  	0.1978025960961344  	0.0725209518676601  
32239     	0.6063218390804598  	45213.43885100002   	52739.38590300001   	0.8572993044355511  	0.19692312742068863 	0.07233792672556684 
32260     	0.6074498567335244  	45335.71133000002   	52861.65838200001   	0.8576293804932412  	0.19710859726733615 	0.07253741786828323 
32282     	0.6085714285714285  	45525.84015100002   	53051.78720300001   	0.858139613219771   	0.1972569640201946  	0.07272883203198835 
32304     	0.6096866096866097  	45935.22488800002   	53548.92475400001   	0.8578178758774936  	0.19746409449581676 	0.07296470100318758 
32326     	0.6107954545454546  	46043.58132400002   	53657.28119000001   	0.8581050009030473  	0.19770199130092914 	0.07320053249916393 
32347     	0.6118980169971672  	46251.26316700002   	53870.324361000006  	0.8585666360027361  	0.19795722609052258 	0.07342478314071461 
32369     	0.6129943502824858  	46411.49898500002   	54030.56017900001   	0.8589860780869476  	0.19825659354646907 	0.07365122694764482 
32434     	0.6106442577030813  	46570.21950500002   	54231.33835700001   	0.8587326242703521  	0.19743766981596375 	0.07346024187183499 
32456     	0.611731843575419   	46723.578911000026  	54384.69776300001   	0.8591309841348032  	0.1977188281182143  	0.07367990056175103 
32478     	0.6128133704735376  	46870.05903200003   	54560.52476000001   	0.8590470718192561  	0.19796922935384142 	0.07389726195756523 
32500     	0.6138888888888889  	47124.092599000025  	54814.558327000006  	0.859700306584211   	0.1982618685843997  	0.07413752507979754 
32521     	0.6149584487534626  	47658.620435000026  	55391.626326000005  	0.8603939547561141  	0.19862631253396096 	0.07442795721890427 
32543     	0.6160220994475138  	47708.73540600003   	55441.74129700001   	0.8605201476343526  	0.19899472109071356 	0.07471737678714808 
32608     	0.6136986301369863  	47874.32332900003   	55607.32922000001   	0.8609354917873184  	0.19826130765676378 	0.07455562667500627 
32695     	0.6097560975609756  	47947.27512500003   	55680.28101600001   	0.8611176928367538  	0.196970517367758   	0.0741922721025286  
32717     	0.6108108108108108  	48636.50404000003   	56793.272434000006  	0.8563779116007264  	0.19737539012730893 	0.07453031908435792 
32739     	0.6118598382749326  	48824.13905700003   	56980.90745100001   	0.8568508512958611  	0.19776738970140068 	0.07486905846403617 
32782     	0.6112600536193029  	49026.28704800003   	57213.078566000004  	0.856906991841807   	0.1975708644497875  	0.07495080056141225 
32826     	0.6106666666666667  	49065.923970000025  	57252.715488        	0.8570060572984367  	0.1973868762115806  	0.07503169323390081 
32869     	0.610079575596817   	49096.50410900002   	57283.295627        	0.8570823932458732  	0.19721633190311075 	0.07511192184700843 
32913     	0.6094986807387863  	49229.42404200002   	57416.21556         	0.8574132509753317  	0.19692210689498382 	0.07507021762442471 
32934     	0.6105263157894737  	49642.99085600002   	57924.030988        	0.8570361904937944  	0.19719882311515705 	0.07525731240035718 
32956     	0.6115485564304461  	49813.666569000015  	58094.706700999996  	0.8574562020835982  	0.19749999755002565 	0.0754551036383827  
32978     	0.612565445026178   	50095.370618000015  	58460.649377999995  	0.8569075292696284  	0.19782619133440496 	0.07568524364266144 
33000     	0.6135770234986945  	50453.246818000014  	59035.83072299999   	0.854620765052498   	0.19821194749616122 	0.07597600392235238 
33047     	0.6145833333333334  	50985.431700000016  	59646.37303399999   	0.8547951720540826  	0.19865107297247445 	0.07630001869771262 
33119     	0.6124031007751938  	51080.16610100002   	59741.10743499999   	0.8550254304638841  	0.1979340430094531  	0.07613481282908038 
33142     	0.6134020618556701  	51814.699926000016  	60842.59339399999   	0.8516188583623021  	0.198284130181184   	0.07645564901968169 
33166     	0.6143958868894601  	51981.26886400001   	61014.44904899999   	0.8519501474520317  	0.1986838530443135  	0.07677920146756798 
33214     	0.6138107416879796  	52144.99401900001   	61178.17420399999   	0.8523463587703903  	0.19860456477069166 	0.07691158068306904 
33285     	0.6116751269035533  	52296.551752000014  	61330.05685299999   	0.8527067222087844  	0.19806810253947077 	0.0768484427745982  
33309     	0.6126582278481013  	52563.291935000016  	61640.44657599999   	0.8527402842578657  	0.19862538964868354 	0.07718601895261812 
33333     	0.6136363636363636  	52649.23194200001   	61726.386582999985  	0.8529453100450901  	0.19920804750101942 	0.0775236611163751  
33357     	0.6146095717884131  	53040.309382000014  	62239.12718299998   	0.8522020115424669  	0.19985566762205154 	0.07789868069586933 
33380     	0.6155778894472361  	53131.88210900001   	62330.69990999998   	0.8524191479594767  	0.2005163046812761  	0.07827502858820005 
33404     	0.6165413533834586  	53174.979284000015  	62373.797084999984  	0.8525211189489672  	0.20110268780894178 	0.07862764828398476 
33452     	0.6159600997506235  	53327.602843000015  	62527.62853499998   	0.8528646310830382  	0.20121003371237736 	0.07878312258741903 
33476     	0.6169154228855721  	53726.81302200002   	63015.08055799998   	0.8526024650964159  	0.2018430635130506  	0.07915618521758784 
33500     	0.6178660049627791  	53942.159672000016  	63253.80106899998   	0.8527892199420171  	0.20250218507630752 	0.07953968209761317 
33523     	0.6188118811881188  	54127.78171900001   	63454.21838199998   	0.8530210141924057  	0.2031411306621531  	0.07982972352830216 
33547     	0.6197530864197531  	54182.79242000001   	63509.22908299998   	0.8531483250912827  	0.20373673974047712 	0.08008937369013626 
33571     	0.6206896551724138  	54385.743767000014  	63712.573473999975  	0.8536108463613374  	0.20438227301328804 	0.08035171282560614 
33595     	0.6216216216216216  	54468.34597100002   	63795.17567799998   	0.8538003915205714  	0.20500588308203588 	0.08060768823468606 
33619     	0.6225490196078431  	54594.936923000016  	63921.76662999998   	0.854089925877883   	0.20564503206081744 	0.0808644307167876  
33642     	0.6234718826405868  	54783.74363000002   	64128.45747399997   	0.8542813251388646  	0.2063251697771192  	0.08112600367600789 
33690     	0.6228710462287105  	54902.02945400002   	64246.74329799997   	0.8545496103879423  	0.20650757110780746 	0.08118039193474684 
33714     	0.6237864077669902  	54947.18203500002   	64291.895878999974  	0.8546517610619682  	0.20717811189335875 	0.08142920686935055 
33738     	0.6246973365617433  	55177.21576500002   	64524.453760999975  	0.8551365032763806  	0.20785809512715261 	0.08167911472035409 
33761     	0.6256038647342995  	55373.62693100002   	64746.629571999976  	0.8552356670461598  	0.2085867165372984  	0.08193339076521745 
33785     	0.6265060240963856  	55417.93424900002   	64790.936889999975  	0.8553346642152567  	0.20932193159151705 	0.08218678287366654 
33809     	0.6274038461538461  	55530.65887000002   	64903.66151099998   	0.855585918840474   	0.21000783088281427 	0.08235612054071005 
33857     	0.6267942583732058  	55678.57793300002   	65051.58057399998   	0.8559142981877648  	0.21020628652519704 	0.08233732450773432 
33904     	0.6261904761904762  	55753.421994000026  	65126.42463499998   	0.8560798831882634  	0.2103929986042032  	0.08231181914028489 
33928     	0.6270783847980997  	55825.46125300002   	65198.46389399998   	0.8562389037840119  	0.21104243624900365 	0.08246314424139646 
33952     	0.6279620853080569  	55889.139409000025  	65262.14204999998   	0.8563791756357166  	0.21162080320657564 	0.08260738861373684 
33976     	0.6288416075650118  	56117.603795000025  	65490.60643599998   	0.8568801977706585  	0.21222069481241412 	0.0827639925752522  
34000     	0.6297169811320755  	56409.71886100002   	65835.93295299998   	0.856822654905957   	0.21285446037831574 	0.0829343306250949  
34056     	0.6291079812206573  	56532.67095200002   	65958.88504399998   	0.8570895477430842  	0.2129288638142016  	0.08287867520756989 
34075     	0.629976580796253   	56624.421453000024  	66050.63554499998   	0.857288063707155   	0.2134892185713896  	0.08301679855983451 
34094     	0.6308411214953271  	56891.634828000024  	66317.84891999999   	0.8578630904725073  	0.21407649820434865 	0.083162127201165   
34113     	0.6317016317016317  	57026.839848000025  	66453.05393999998   	0.8581522814510403  	0.21466886901689025 	0.0833121550005998  
34150     	0.6310904872389791  	57181.16340800002   	66607.37749999999   	0.8584809304044441  	0.2147532799020974  	0.08327573612068166 
34169     	0.6319444444444444  	57323.84211800002   	66750.05620999998   	0.8587834284012513  	0.21536872545640745 	0.0834372547264776  
34207     	0.631336405529954   	57423.53606200002   	66849.75015399998   	0.8589940266001737  	0.21550358486393723 	0.08340756417456237 
34226     	0.632183908045977   	57502.352890000024  	66928.56698199997   	0.8591600789161514  	0.21615799272557418 	0.08357006077655389 
34264     	0.631578947368421   	57562.83411700002   	66989.04820899997   	0.8592872365854343  	0.2161502838315508  	0.08346825671537006 
34283     	0.632420091324201   	57803.01188000002   	67229.22597199997   	0.859789935765052   	0.2166721805490895  	0.08357169314970593 
34301     	0.6332574031890661  	57882.18772900002   	67308.40182099998   	0.8599548668965868  	0.21720170723044377 	0.08367587226409938 
34320     	0.634090909090909   	57979.28069400002   	67405.49478599998   	0.8601565922492455  	0.21769859184001822 	0.08377863182385947 
34377     	0.6320541760722348  	58080.86459100002   	67507.07868299999   	0.8603670270452137  	0.217183205250116   	0.08349699780750779 
34396     	0.6328828828828829  	58289.39697200002   	67715.61106399998   	0.8607970312327097  	0.21765920326607383 	0.08360135998704851 
34415     	0.6337078651685393  	58482.80443400002   	67909.01852599999   	0.8611934865706976  	0.21817329978004127 	0.08371103045618965 
34433     	0.6345291479820628  	58588.10214600002   	68014.31623799998   	0.8614083826261641  	0.21870245583828257 	0.08382381947341708 
34471     	0.6339285714285714  	58821.37045300002   	68247.58454499999   	0.8618820848408977  	0.2187210111326746  	0.08375946457753523 
34490     	0.6347438752783965  	58948.974983000015  	68375.18907499999   	0.8621398460535084  	0.21922582146730354 	0.0838820235367629  
34584     	0.6299559471365639  	59297.567102000015  	68817.10707399999   	0.861668989343544   	0.21769654357976845 	0.08326227332607536 
34622     	0.6293859649122807  	59986.836856000016  	69642.40102799998   	0.8613550935999764  	0.21758901394506963 	0.08322238768995978 
34660     	0.62882096069869    	60248.38491900002   	69965.89129999997   	0.8611108041297838  	0.21753331599123812 	0.08319450678105028 
34698     	0.6282608695652174  	60404.81141600002   	70122.31779699997   	0.8614206334546505  	0.2174403266045131  	0.08312601209990506 
34716     	0.6290672451193059  	60673.59446900002   	70453.19376099997   	0.8611901211295613  	0.21785914673090748 	0.08326052482285015 
34735     	0.6298701298701299  	60946.499699000015  	70795.30693299997   	0.8608833316688523  	0.2182970190014451  	0.08340896486948234 
34773     	0.6293103448275862  	61601.34562700002   	71899.57657299997   	0.8567692406985998  	0.21832418452343058 	0.0834697915833304  
34811     	0.628755364806867   	61772.000347000016  	72077.93295899997   	0.8570168123735975  	0.21836659058533933 	0.08353332960597398 
34830     	0.6295503211991434  	61873.55010600002   	72179.48271799997   	0.8572179763013198  	0.21890811432879068 	0.08377544008633767 
34849     	0.6303418803418803  	62205.98366000002   	72682.16650799997   	0.8558630906131994  	0.21946372216580387 	0.08405086961193746 
34867     	0.6311300639658849  	62371.22410000002   	72847.40694799996   	0.8561900376841407  	0.22003766860207616 	0.08433423690658394 
34886     	0.6319148936170212  	62633.397702000024  	73109.58054999996   	0.8567057454141017  	0.2206428559557991  	0.08463155553765743 
34905     	0.6326963906581741  	62762.414989000026  	73246.62005599996   	0.8568643159372495  	0.22126405556716805 	0.08492594013823644 
34943     	0.6321353065539113  	62877.856420000026  	73362.06148699996   	0.8570895520860224  	0.22141123008451324 	0.08503981252822931 
34981     	0.631578947368421   	63322.79900600002   	73920.69271399996   	0.8566315693360272  	0.22151609144160947 	0.08514171762470453 
35040     	0.6310272536687631  	63666.16410900002   	74306.61301499997   	0.8568034731464345  	0.22158477676383598 	0.08523439818691345 
35061     	0.6317991631799164  	63836.65240500002   	74517.99772399997   	0.8566608652239751  	0.22211564542997647 	0.08551137419544215 
35081     	0.6325678496868476  	63950.15502900002   	74640.18545999998   	0.8567791550206049  	0.22266897873581493 	0.08578994795211257 
35102     	0.6333333333333333  	64037.99692600002   	74728.02735699998   	0.8569475094005864  	0.22321728724030487 	0.08606425238422989 
35142     	0.6327800829875518  	64426.076521000025  	75244.30270599999   	0.8562253114728204  	0.22330605819390378 	0.0861544959129016  
35183     	0.6322314049586777  	64564.660619000024  	75382.886804        	0.8564896272395616  	0.2234087822047402  	0.08623576158514444 
35204     	0.6329896907216495  	64757.24722900002   	75575.473414        	0.8568553302241578  	0.22398485214240318 	0.086501864449093   
35244     	0.6324435318275154  	64874.86712500002   	75693.09331         	0.8570777634797658  	0.22410700535556666 	0.08658763075925711 
35265     	0.6331967213114754  	64906.45002400002   	75724.676209        	0.8571373728275616  	0.22466514280464603 	0.08684343102283015 
35285     	0.6339468302658486  	65386.477954000016  	76456.819361        	0.8552079265195424  	0.2252845020702485  	0.08713168178098896 
35326     	0.6334012219959266  	65569.07492600002   	76661.297877        	0.8553086986761297  	0.2254684768261435  	0.08724381513233975 
35367     	0.6328600405679513  	65855.37318800001   	76947.596139        	0.8558470503618758  	0.22559204540365538 	0.08734737965289756 
35408     	0.6323232323232323  	66037.69132700001   	77129.914278        	0.8561877962029077  	0.22569012776538322 	0.08743059432880533 
35428     	0.6330645161290323  	66223.20832         	77315.431271        	0.8565328710109578  	0.22620968598879837 	0.08767462920193844 
35469     	0.6325301204819277  	66695.779505        	78022.43654899999   	0.8548282065391976  	0.22633750185736662 	0.08777855747860881 
35510     	0.632               	66963.092997        	78289.75004099999   	0.8553238829084487  	0.22646994646439697 	0.08788501080203706 
35612     	0.6277227722772277  	67184.639435        	78518.36661699999   	0.8556550821123917  	0.22529333340824778 	0.0874728202442812  
35632     	0.6284584980237155  	67315.597488        	78649.32466999999   	0.8558954291145602  	0.22591322965616759 	0.087752373698519   
35653     	0.6291913214990138  	67423.585081        	78757.31226299999   	0.8560930171899156  	0.22654388399720599 	0.08802567467224334 
35673     	0.6299212598425197  	67671.958728        	79088.95777399998   	0.8556435769627343  	0.22721506454497203 	0.08831290721264398 
35734     	0.6281800391389433  	67814.642583        	79231.64162899998   	0.8559035404130616  	0.2270180889223795  	0.08825284980385352 
35775     	0.6276803118908382  	67988.25583499999   	79405.25488099997   	0.8562185958207681  	0.22722575116410837 	0.08836990353374687 
35836     	0.625968992248062   	68109.11789299999   	79526.11693899997   	0.8564371116628601  	0.22696852985418517 	0.08827876354921625 
35857     	0.6266924564796905  	68302.301266        	79719.30031199998   	0.8567850068764162  	0.22760015919106372 	0.0885346966169583  
35897     	0.626204238921002   	68447.98352899999   	79872.51721999998   	0.8569653982541657  	0.22774404116419464 	0.0885766924132191  
35938     	0.6257197696737045  	68545.13895099999   	79969.67264199998   	0.8571391714688621  	0.2278836524735186  	0.08861654943347742 
35959     	0.6264367816091954  	69285.78195899999   	80950.52459399997   	0.8559028160286366  	0.22850867936673291 	0.08888570834929091 
36000     	0.6259541984732825  	69581.25006299998   	81290.13437199997   	0.8559618039820456  	0.2286904527566289  	0.08896065066439347 
36121     	0.6242884250474383  	69611.48405799999   	81320.36836699997   	0.8560153557573962  	0.22841356808825555 	0.08886256694568342 
36151     	0.625               	69970.89236999999   	81679.77667899997   	0.8566489186789077  	0.22899399724944844 	0.08911279430257323 
36212     	0.6245283018867924  	70112.41623699998   	81827.34535199997   	0.8568335674998937  	0.2291718591605035  	0.08919558476164008 
36242     	0.6252354048964218  	70244.17192399998   	81959.10103899997   	0.8570637187757162  	0.22977151057276052 	0.08944641431815596 
36272     	0.6259398496240601  	70568.77399899998   	82320.26119399998   	0.8572467212257033  	0.23040268350480653 	0.08968854969926048 
36303     	0.626641651031895   	70811.35133599998   	82576.63804899997   	0.857522817700345   	0.23095441095263072 	0.08991974592271082 
36333     	0.6273408239700374  	70844.24494999998   	82609.53166299997   	0.8575795495246761  	0.23149305165025844 	0.0901434777833163  
36363     	0.6280373831775701  	71065.49817799998   	82830.78489099997   	0.8579599755274279  	0.23204131609157308 	0.09037287340703153 
36424     	0.62756052141527    	71245.85548199998   	83023.42084599998   	0.8581416515485891  	0.2320877746973879  	0.0904036491251116  
36484     	0.62708719851577    	71270.73208299998   	83048.29744699998   	0.8581841443346115  	0.23212187005728166 	0.09043129219928198 
36545     	0.6266173752310537  	71514.04675599998   	83350.51892799998   	0.8579916199175124  	0.23209861752502986 	0.09039212414473655 
36575     	0.6273062730627307  	71797.48012499999   	83657.83497199998   	0.8582278055490007  	0.23244055335519573 	0.09049363636566779 
36696     	0.6245421245421245  	72186.42145699999   	84046.77630399998   	0.858883881469758   	0.2314427135693842  	0.09008847128046538 
36727     	0.6252285191956124  	72333.740058        	84194.09490499999   	0.8591307993704004  	0.23172358082925618 	0.09017783130723646 
36757     	0.6259124087591241  	72432.27294699999   	84292.62779399999   	0.859295466787616   	0.23202362878988986 	0.09026784613650513 
36787     	0.6265938069216758  	72722.758022        	84654.27322899998   	0.8590559607697085  	0.2322393794085857  	0.0903380444885822  
36818     	0.6272727272727273  	72972.95155         	84904.46675699999   	0.8594712897597194  	0.23247777130246922 	0.0904134465855585  
36848     	0.6279491833030852  	73451.044837        	85507.343646        	0.8590027675410778  	0.2327661675168434  	0.09052502049068142 
36878     	0.6286231884057971  	73665.801587        	85722.100396        	0.8593560032558117  	0.23301678727057737 	0.09064157130928688 
36909     	0.6292947558770343  	73850.592334        	85914.12350399999   	0.8595861695610695  	0.2332469771229889  	0.09074945500158306 
36939     	0.6299638989169675  	73934.14306         	85997.67422999999   	0.8597225881046947  	0.23348836640610277 	0.0908594324246884  
36969     	0.6306306306306306  	74073.29846         	86136.82963         	0.8599492084649646  	0.23373794351472496 	0.09096128366266468 
37000     	0.6312949640287769  	74479.37535300001   	86590.91903199999   	0.8601291704211602  	0.23403870978200042 	0.09109140811054177 
37037     	0.6319569120287253  	74715.68877800001   	86862.28217199999   	0.8601626265132206  	0.2343631747110083  	0.09122944336221532 
37055     	0.6326164874551972  	74811.15555600001   	86957.74895         	0.8603161473167368  	0.2346604545623822  	0.09136012016768857 
37074     	0.6332737030411449  	75540.84828900002   	88044.260795        	0.8579871942463961  	0.23500118767140524 	0.09154242580184174 
37111     	0.6327985739750446  	75654.66957000001   	88158.08207599999   	0.8581705475940261  	0.23490664516364174 	0.09156468355193759 
37148     	0.6323268206039077  	75813.722575        	88323.895618        	0.858360266432242   	0.23479733248362752 	0.0915572822194785  
37203     	0.6307420494699647  	75945.096038        	88455.26908099999   	0.8585706292799334  	0.23430292734055616 	0.0913892245387849  
37277     	0.6280701754385964  	76165.049994        	88675.22303699999   	0.8589214369635125  	0.23338700376929605 	0.09107336060980868 
37296     	0.6287215411558669  	76494.37405700001   	89066.34505899998   	0.8588471212816473  	0.23377556580419553 	0.09124806304036777 
37314     	0.6293706293706294  	76641.15829         	89222.06203299998   	0.8589933537027338  	0.23413362691041056 	0.09141830896582538 
37351     	0.6289198606271778  	76673.809661        	89254.71340399998   	0.859044937088598   	0.23404883780374733 	0.09142572619918957 
37370     	0.6295652173913043  	76779.287654        	89360.19139699997   	0.85921131606459    	0.2343365003540803  	0.09157148851162332 
37407     	0.6291161178509532  	76836.768882        	89417.67262499998   	0.8593018206170295  	0.23417794067537173 	0.09150765331972925 
37444     	0.6286701208981001  	77454.071832        	90434.66667599998   	0.8564643922390347  	0.2340575569611244  	0.09149066831122742 
37481     	0.6282271944922547  	77644.732845        	90648.45217199998   	0.8565478062181779  	0.2339684651090124  	0.09147861495048377 
37555     	0.6256410256410256  	77955.695061        	90959.41438799998   	0.8570382250755177  	0.23307049749367686 	0.09117326152840585 
37592     	0.6252129471890971  	78077.3925          	91081.11182699997   	0.8572292425272617  	0.2329277629422939  	0.09118155096235496 
37648     	0.6237288135593221  	78199.826573        	91203.54589999997   	0.8574209018007054  	0.23240665779299072 	0.0910357872495474  
37685     	0.6233108108108109  	78315.00386         	91318.72318699997   	0.8576007321042881  	0.23225305728036139 	0.09099366668745817 
37703     	0.6239460370994941  	78515.329562        	91523.63764699997   	0.8578694158205111  	0.23248819361205067 	0.09108232131596015 
37722     	0.6245791245791246  	78841.681679        	91849.98976399997   	0.8583744198728426  	0.23274671612702066 	0.09118819947956844 
37740     	0.6252100840336134  	78936.012816        	91944.32090099997   	0.8585197219629637  	0.2330204780369295  	0.091294557651833   
37759     	0.6258389261744967  	79065.64102         	92073.94910499996   	0.8587189078838634  	0.23331618512314045 	0.09140355606954945 
37777     	0.626465661641541   	79095.87307999999   	92104.18116499996   	0.8587652816575586  	0.23360388181862182 	0.09151014977168405 
37814     	0.6260434056761269  	79201.07123599999   	92209.37932099996   	0.8589264109487674  	0.23352119949639982 	0.09146423466465982 
37833     	0.6266666666666667  	79597.03782199998   	92730.50614099996   	0.8583694960207584  	0.23386389593565676 	0.09159014932267388 
37870     	0.6262458471760798  	79775.46904199998   	92908.93736099996   	0.8586414968027288  	0.23380255528717345 	0.09156763074075261 
37925     	0.6247933884297521  	79997.93336799998   	93159.96102399996   	0.8587158312291568  	0.23338697134597286 	0.09139866567612231 
37944     	0.6254125412541254  	80149.54356199998   	93312.02629799995   	0.8589411969903594  	0.2337766131577562  	0.09153468765580888 
37962     	0.6260296540362438  	80205.83663099998   	93368.31936699996   	0.8590262433206856  	0.23417620625843105 	0.09167119718681811 
38069     	0.6235679214402619  	80937.35947399998   	94403.97599399996   	0.8573511721491912  	0.23339781398870013 	0.09138394660665475 
38093     	0.6241830065359477  	80981.65393599999   	94448.27045599997   	0.8574180717658182  	0.23374378878662425 	0.09154296305554774 
38116     	0.6247960848287113  	81375.09043499999   	94925.16344899997   	0.8572552048195317  	0.23410704384858888 	0.09173038333484763 
38162     	0.624390243902439   	81468.979184        	95019.05219799998   	0.857396251587898   	0.2340682148163801  	0.09176204077221324 
38186     	0.625               	81679.473191        	95229.54620499998   	0.8577114608439819  	0.23438286287048676 	0.09190556066332684 
38279     	0.6225806451612903  	81998.770089        	95567.14626899998   	0.8580225871576403  	0.23358107719442883 	0.09160398251403483 
38302     	0.6231884057971014  	82152.41911         	95720.79528999998   	0.8582504863348385  	0.2339381036603601  	0.09174840879719813 
38325     	0.6237942122186495  	82430.77681         	96071.28656599998   	0.8580167889535955  	0.2342618748051911  	0.09187193977729112 
38348     	0.6243980738362761  	82936.190574        	96756.27352499998   	0.857166027095606   	0.23460939803518877 	0.09202727733227843 
38372     	0.625               	82994.50031199999   	96814.58326299998   	0.8572520535108096  	0.23494636549700318 	0.09218229488257482 
38441     	0.6236044657097288  	83505.22195099998   	97372.69887999998   	0.8575835209611476  	0.23446259579554934 	0.09206126151224972 
38465     	0.6242038216560509  	83620.60956399998   	97488.08649299998   	0.8577520861485395  	0.234746364448362   	0.09223718599730506 
38488     	0.6248012718600954  	83735.15395499999   	97602.63088399998   	0.8579190253029     	0.23503319711482784 	0.09242233947613449 
38511     	0.6253968253968254  	83839.53979399998   	97707.01672299998   	0.8580708183086341  	0.2353383483778771  	0.09260804418083007 
38581     	0.6240126382306477  	83933.00171099998   	97800.47863999997   	0.8582064513196742  	0.2348888802314336  	0.09249900687346543 
38627     	0.6236220472440945  	84439.55548799997   	98344.23986999998   	0.8586121119001943  	0.23483505040767913 	0.09256531832620363 
38674     	0.6232339089481946  	84612.07988199996   	98516.76426399997   	0.8588597130054031  	0.23474451676052746 	0.09259273309152229 
38697     	0.6238244514106583  	85053.77028399995   	99098.27528699997   	0.8582769986427562  	0.23506350817167934 	0.09279300051442108 
38720     	0.6244131455399061  	85115.94497899995   	99160.44998199996   	0.8583658605265564  	0.23536766139066348 	0.09296554862227008 
38767     	0.62402496099844    	85286.83709899995   	99341.60077199996   	0.8585208657422658  	0.23528854882139882 	0.09297677107041906 
38813     	0.6236391912908242  	85456.08343399996   	99510.84710699997   	0.8587614910172808  	0.2351519457286903  	0.09292634244099399 
38883     	0.6222910216718266  	85533.88118699996   	99588.64485999997   	0.8588718252692568  	0.23457845309246744 	0.09265119892284772 
38906     	0.6228748068006182  	85651.19143399996   	99707.13730399997   	0.8590276859805489  	0.23474528514748474 	0.09266621960817366 
38930     	0.6234567901234568  	85878.64346099997   	99938.95063099997   	0.8593110385767985  	0.23492055714762988 	0.09267869160730616 
38953     	0.6240369799691834  	86217.19314099997   	100359.26908099998  	0.8590855028190177  	0.23512859799262772 	0.09270310618453693 
38976     	0.6246153846153846  	86421.37806599996   	100563.45400599997  	0.8593716168583844  	0.23535275689278282 	0.09273173314247841 
39000     	0.6251920122887865  	86538.52863899997   	100680.60457899998  	0.859535250119567   	0.23559469604029779 	0.09276223399655903 
39040     	0.6257668711656442  	86799.49279899997   	100975.82931599997  	0.859606634448768   	0.23585002202856797 	0.0927965176744573  
39061     	0.6263399693721287  	86969.60913399997   	101145.94565099997  	0.8598427606192454  	0.23607561656999348 	0.09282199074582534 
39081     	0.6269113149847095  	87226.82866299996   	101418.60660599997  	0.8600673148849945  	0.236322870250074   	0.0928494088269911  
39102     	0.6274809160305344  	87702.67427199996   	101964.63275099997  	0.8601283788877262  	0.23660249885862697 	0.09290268635931638 
39122     	0.6280487804878049  	87790.66700999996   	102052.62548899997  	0.8602489802622738  	0.236888066313296   	0.09295953630752557 
39142     	0.6286149162861492  	87872.79314199997   	102134.75162099997  	0.8603613534801253  	0.23718429352608386 	0.09301642898854816 
39183     	0.6282245827010622  	88006.37280499996   	102268.33128399997  	0.8605437450681146  	0.23709379582936038 	0.09290450004295228 
39204     	0.6287878787878788  	88115.76759199996   	102377.72607099997  	0.860692759779513   	0.23738125007382316 	0.09293428880455143 
39244     	0.6283987915407855  	88382.43095499996   	102729.29496399997  	0.8603430110755879  	0.23735263241771298 	0.09283314130965363 
39285     	0.6280120481927711  	88469.57381099997   	102816.43781999998  	0.8604613784216395  	0.2372744407021508  	0.09272848000556069 
39346     	0.6266866566716641  	88573.53197899996   	102920.39598799997  	0.8606023240459278  	0.23684279379429962 	0.09248633259093247 
39387     	0.6263079222720478  	88708.89409899997   	103098.36211299998  	0.8604297127608238  	0.2367781033300527  	0.09238933122029792 
39428     	0.6259314456035767  	88914.05236899997   	103309.48699699999  	0.860657186029604   	0.23674236125852677 	0.09229572356938646 
39448     	0.6264880952380952  	89185.58935399997   	103589.84997199998  	0.8609491120810249  	0.23710793812760053 	0.09234346054439134 
39469     	0.6270430906389302  	89660.36654099997   	104191.20763499998  	0.8605367820967764  	0.23747101121292352 	0.09240761574458796 
39489     	0.6275964391691394  	89848.15293799997   	104378.99403199999  	0.860787687898724   	0.23785606483824415 	0.09247627942212219 
39510     	0.6281481481481481  	90129.91074399996   	104680.24669899998  	0.861002085743661   	0.23826811220694366 	0.09255470504607466 
39551     	0.6277695716395865  	90217.95349599996   	104768.28945099998  	0.8611188935960895  	0.23825670181090797 	0.0924614837802413  
39571     	0.6283185840707964  	90342.23480799996   	104892.57076299998  	0.8612834460137712  	0.23860188871336122 	0.09250559025634739 
39591     	0.6288659793814433  	90504.01340599997   	105054.34936099999  	0.8614970627727134  	0.2389779124340683  	0.09255054667365221 
39612     	0.6294117647058823  	90650.53969199996   	105200.87564699998  	0.8616899729635003  	0.23937288795282136 	0.09259804397912652 
39632     	0.6299559471365639  	90732.44889899997   	105282.78485399998  	0.8617975771140783  	0.23977161306322325 	0.0926443856864565  
39673     	0.6295754026354319  	90834.05155199996   	105384.38750699998  	0.8619308201223493  	0.2398195107649383  	0.0925546800780651  
39693     	0.6301169590643275  	91147.90852099996   	105698.24447599998  	0.8623407983062212  	0.24024218133590286 	0.09261678302233112 
39734     	0.6297376093294461  	91413.52671899996   	105963.86267399997  	0.8626858667868269  	0.24025856089606254 	0.09254080811755214 
39755     	0.6302765647743813  	91571.27210399996   	106124.21559899997  	0.8628687768116031  	0.24064864970441768 	0.09260176656228124 
39775     	0.6308139534883721  	91864.64006199996   	106458.29741999997  	0.8629166752458475  	0.2410370525392248  	0.09266603092826409 
39795     	0.6313497822931785  	92038.38756599996   	106646.06714399997  	0.8630265515719784  	0.24144908246580554 	0.09273269931318288 
39857     	0.630057803468208   	92146.90590499996   	106754.58548299997  	0.8631657880370283  	0.2411603509958817  	0.09253121499662602 
39897     	0.6296829971181557  	92495.79930399996   	107193.08871999997  	0.8628895799953024  	0.24122954605011904 	0.09247763336447741 
39918     	0.6302158273381295  	92593.13989599995   	107290.42931199996  	0.8630139751490752  	0.24165851483221865 	0.0925603454169001  
39938     	0.6307471264367817  	92707.70166499996   	107410.58815299996  	0.8631151105228414  	0.242102768321887   	0.09264473909426733 
39979     	0.6303724928366762  	92966.17955899995   	107788.54602399997  	0.8624866276450218  	0.24221662136140756 	0.09260845361064526 
40000     	0.630901287553648   	93093.31121899995   	107923.65815799996  	0.862584838281812   	0.24270000881276244 	0.09270700764300407 
40066     	0.6314285714285715  	93203.36475399995   	108033.71169299996  	0.862724822589235   	0.24318866832749703 	0.09280545643719963 
40166     	0.6301564722617354  	93367.35266499995   	108202.62924599997  	0.8628935665946542  	0.2428494082936402  	0.09261057464895743 
40200     	0.6306818181818182  	93569.33361899995   	108416.29576799997  	0.8630559913172922  	0.24320146526041106 	0.09268066809066751 
40266     	0.6303116147308782  	93748.39222699996   	108595.35437599997  	0.8632817929062235  	0.24317193976564913 	0.09260512393505702 
40300     	0.6308345120226309  	93910.95971099996   	108757.92185999997  	0.8634861544328517  	0.243486804452229   	0.09266339578400971 
40333     	0.6313559322033898  	94270.85837899995   	109136.37203999997  	0.8637895562851255  	0.24377267895959762 	0.0927228490416816  
40366     	0.6318758815232722  	94286.37471099995   	109151.88837199997  	0.8638089190877125  	0.24400358572964445 	0.09275022719361421 
40433     	0.6315049226441631  	94767.22572099995   	109674.47515799997  	0.8640773122868904  	0.24389651430794046 	0.09265746700067687 
40466     	0.6320224719101124  	94906.03271999994   	109813.28215699997  	0.8642491222902605  	0.244135412835287   	0.0926947394400874  
40500     	0.6325385694249649  	95127.82135399994   	110053.08611399996  	0.864381224670615   	0.2444066888230608  	0.09273634110052441 
40533     	0.6330532212885154  	95400.92475999994   	110341.18364299997  	0.8645994325080104  	0.24471990549632427 	0.0927815575376689  
40566     	0.6335664335664336  	95455.43728499993   	110395.69616799997  	0.8646662922414659  	0.24501449682799276 	0.09282533461295082 
40600     	0.6340782122905028  	95802.79005499993   	110743.04893799996  	0.8650907752109623  	0.2453255201841052  	0.092883748663861   
40633     	0.6345885634588564  	96182.04858099994   	111208.90506599996  	0.8648772193550334  	0.2456203027599128  	0.09294180104365    
40666     	0.6350974930362117  	96895.23386299994   	112252.73951599996  	0.8631881438331308  	0.24589543123285862 	0.0930403634062965  
40700     	0.6356050069541029  	96941.67506899995   	112299.18072199996  	0.8632447222298265  	0.2461704208206906  	0.09314204903969582 
40766     	0.6352288488210819  	97031.51398899994   	112389.01964199996  	0.8633540384824133  	0.24609723393434796 	0.0931136780281138  
40800     	0.6357340720221607  	97175.29863799993   	112534.03942199996  	0.8635191550673382  	0.24638583881678927 	0.09321491467521376 
40833     	0.636237897648686   	97356.99388599994   	112715.73466999996  	0.8637391591425447  	0.24665940581289122 	0.09330535684068557 
40866     	0.6367403314917127  	97484.42471799994   	112843.16550199996  	0.8638930349421311  	0.24691094319476964 	0.09339573099588454 
40900     	0.6372413793103449  	97591.38628999994   	112950.12707399996  	0.8640219255890023  	0.24711735578990968 	0.09347135208652695 
40933     	0.6377410468319559  	97624.70313499993   	112983.44391899995  	0.8640620231490641  	0.2473269217042216  	0.09354776391823508 
40966     	0.6382393397524071  	97742.26501199993   	113101.00579599995  	0.8642033227210857  	0.2475392373272197  	0.09362432435100715 
41071     	0.6378600823045267  	97813.46029299992   	113172.20107699995  	0.8642887507900437  	0.24740517361696587 	0.09357086922388476 
41107     	0.6383561643835617  	97916.19845299992   	113274.93923699994  	0.8644118382454777  	0.24754553233037266 	0.09360190496807716 
41178     	0.6379781420765027  	98130.74011199991   	113489.48089599994  	0.8646681554735937  	0.2473341395559107  	0.09349397300026356 
41214     	0.6384720327421555  	98615.6903579999    	114069.44799199993  	0.8645232539822245  	0.24744775954838627 	0.09351167885554183 
41250     	0.6389645776566758  	99032.8158239999    	114620.92112599993  	0.8640029660478439  	0.2475611558656914  	0.0935250172058508  
41321     	0.6385869565217391  	99755.03873699991   	115628.16501599993  	0.8627226655650586  	0.24733124447916638 	0.09344067991382315 
41357     	0.6390773405698779  	99969.2158839999    	115842.34216299992  	0.8629764731736416  	0.24745417776136225 	0.09349314826660637 
41392     	0.6395663956639567  	100488.9907449999   	116409.33491399992  	0.8632382516336723  	0.24756367196126042 	0.09356229040223374 
41428     	0.6400541271989174  	100559.3418789999   	116479.68604799992  	0.8633208526812184  	0.24768041505428906 	0.09363206158448845 
41464     	0.6405405405405405  	100652.0924489999   	116572.43661799992  	0.8634296011057063  	0.24781288430809628 	0.09370254484118916 
41500     	0.6410256410256411  	101122.4360819999   	117228.77372399993  	0.862607642045968   	0.2479562537006366  	0.09379706106063365 
41571     	0.6406460296096904  	101276.4860079999   	117404.87335999993  	0.8626259124478985  	0.2477622131280782  	0.09375340883483754 
41607     	0.6411290322580645  	101543.8983029999   	117672.28565499993  	0.8629380974268964  	0.2479228296134613  	0.09384332531434408 
41642     	0.6416107382550336  	101683.78639399991  	117812.17374599993  	0.8631008423053765  	0.24810153713903488 	0.09393572001643787 
41678     	0.6420911528150134  	101752.83378499991  	117881.22113699993  	0.8631810292051876  	0.24827622057945323 	0.0940280858794341  
41750     	0.6417112299465241  	101890.2395299999   	118018.62688199992  	0.8633403236581809  	0.24810319605029482 	0.0939828942206343  
41785     	0.6421895861148198  	101991.74182599991  	118120.12917799993  	0.8634577572490163  	0.24827435519298643 	0.09406356628302924 
41857     	0.6418109187749668  	102310.87136299991  	118439.25871499993  	0.8638256645052996  	0.24809227549820945 	0.09398454516974573 
41892     	0.6422872340425532  	102441.99378099991  	118570.38113299993  	0.8639762544584481  	0.2482294314547286  	0.09403223591749979 
41928     	0.6427622841965471  	102667.7892029999   	118829.10230499993  	0.863995327840493   	0.24838790054407017 	0.09408616203338473 
42000     	0.6423841059602649  	102760.2219419999   	118921.53504399993  	0.8641010385880027  	0.2481816709854836  	0.09399590580159811 
42045     	0.6428571428571429  	102850.79656299991  	119012.10966499994  	0.864204465012077   	0.24831129557795106 	0.09403196519147757 
42068     	0.6433289299867899  	102860.94195999991  	119022.25506199994  	0.8642160401549993  	0.24842209850686114 	0.09406641886179976 
42090     	0.6437994722955145  	102916.5805469999   	119077.89364899993  	0.8642794845730314  	0.24853500011367638 	0.09410337425598857 
42136     	0.6434210526315789  	102927.9041079999   	119089.21720999993  	0.8642923895158245  	0.24832198134476663 	0.09401656187553128 
42159     	0.6438896189224704  	103185.1990809999   	119346.51218299993  	0.8645849568086322  	0.24844549910245303 	0.09405818551898974 
42181     	0.6443569553805775  	103278.5848039999   	119439.89790599993  	0.864690832918167   	0.2485754731801177  	0.09410186753255151 
42204     	0.6448230668414154  	103447.3910799999   	119608.70418199993  	0.8648817975871679  	0.24872176765703538 	0.09414924028891045 
42227     	0.6452879581151832  	103983.38473999989  	120312.47500999992  	0.864277663071574   	0.24891505623083118 	0.0942258060460585  
42272     	0.6449086161879896  	104172.31023999989  	120534.28384599992  	0.8642546080341355  	0.24881569055072042 	0.09418303932564523 
42340     	0.6436931079323797  	104450.02759599988  	120812.00120199991  	0.8645666536171145  	0.24835868360945437 	0.09400870915843759 
42363     	0.6441558441558441  	104475.37370699989  	120837.34731299992  	0.8645950612965849  	0.2485528556226059  	0.09407949596091766 
42386     	0.6446173800259404  	104568.76946299989  	120930.74306899992  	0.8646996355867563  	0.2487507543951328  	0.09415111866104278 
42409     	0.6450777202072538  	104614.05624399989  	120976.02984999992  	0.8647502846118567  	0.24895551576456593 	0.09422300423281924 
42431     	0.6455368693402329  	104825.93965999989  	121187.91326599992  	0.864986753504976   	0.2491103747928527  	0.09427773810373664 
42454     	0.6459948320413437  	104873.21192599989  	121235.18553199992  	0.8650393981400614  	0.24926819342303658 	0.09433294466928435 
42477     	0.6464516129032258  	104967.14509399989  	121329.11869999992  	0.8651438848207834  	0.2494277414181722  	0.09439169128998064 
42500     	0.6469072164948454  	105188.72083799989  	121567.35819999992  	0.8652710924666616  	0.24960999135185002 	0.09445339468050015 
42522     	0.6473616473616474  	105380.90809899989  	121759.54546099991  	0.8654837507811971  	0.24981240285410689 	0.0945229754473259  
42568     	0.6469833119383825  	105582.03024499989  	121960.66760699991  	0.8657055780083318  	0.2497108198895718  	0.0944759556434906  
42613     	0.646606914212548   	105672.93096399988  	122051.5683259999   	0.8658055968748172  	0.2495605378735473  	0.0944085915378795  
42727     	0.6437659033078881  	106029.54774599988  	122445.8016499999   	0.8659304469178586  	0.24842404703518248 	0.09398039062337642 
42750     	0.6442185514612452  	106398.82444399988  	122858.98671799991  	0.8660239457144369  	0.2485799967156298  	0.09404221276391227 
42772     	0.6446700507614214  	106616.61609899988  	123100.00160999992  	0.8660976011745151  	0.2487615668051313  	0.09410642086221654 
42795     	0.6451204055766794  	106703.16711799988  	123186.55262899993  	0.8661916811598508  	0.24892422436377618 	0.09416706878986532 
42818     	0.6455696202531646  	106876.35381399989  	123363.92772799992  	0.866350121809085   	0.24909810404397706 	0.09422790246564595 
42863     	0.6452020202020202  	106980.28212799989  	123470.78306699992  	0.8664420802283916  	0.2489689006205147  	0.0941667377560802  
42886     	0.6456494325346784  	107203.99984799989  	123704.16034299992  	0.8666159614256358  	0.24917562043934885 	0.09422506288119117 
42931     	0.6452830188679245  	107278.73477899989  	123778.89527399992  	0.8666964957275238  	0.24907062357485663 	0.09416609957291958 
43000     	0.6441102756892231  	107565.04375799988  	124130.00219599993  	0.8665515335136774  	0.24869149081922554 	0.09399634029995299 
43052     	0.6445556946182729  	107740.15692699989  	124315.20980499993  	0.866669147693194   	0.24890384034084    	0.0940420089241619  
43184     	0.6417910447761194  	107999.90653899989  	124624.64773899993  	0.8666014989681892  	0.24780231168128228 	0.09360509479254706 
43210     	0.6422360248447205  	108431.88619699988  	125251.40632899993  	0.8657139219034401  	0.24796065681623475 	0.09365553828355377 
43236     	0.6426799007444168  	108591.82156799988  	125411.34169999993  	0.8658851751045411  	0.24813071648508914 	0.09371211524519618 
43263     	0.6431226765799256  	108769.84653499989  	125592.16209599993  	0.8660560079526187  	0.24832149017385663 	0.09377095288862373 
43342     	0.6419753086419753  	108849.12982399989  	125671.44538499993  	0.8661405102052885  	0.24782056438308395 	0.09355996035908538 
43394     	0.6416256157635468  	109019.15864799988  	125853.45695899993  	0.8662388883248215  	0.2476426979874354  	0.09346803173157432 
43421     	0.6420664206642066  	109232.97194499988  	126067.27025599993  	0.866465750572569   	0.2477622336320463  	0.09348679166204532 
43473     	0.6417177914110429  	109304.73190299988  	126139.03021399993  	0.8665417176393382  	0.24758015775957007 	0.09339254216310532 
43552     	0.6405867970660146  	109435.81745299988  	126271.99816099992  	0.866667345466938   	0.24701387926630805 	0.09313758404231673 
43578     	0.6410256410256411  	109514.53739299988  	126350.71810099992  	0.866750415343569   	0.24706011287209895 	0.09311149764208869 
43605     	0.6414634146341464  	109734.08341299987  	126603.14766299992  	0.8667563598426228  	0.2471198633895971  	0.0930894582951253  
43631     	0.6419001218026796  	110014.64821799987  	126936.48928299993  	0.8666904909645525  	0.24720554493578936 	0.09307174995169204 
43657     	0.6423357664233577  	110213.19656299987  	127144.73989799993  	0.8668325300080589  	0.2473131225331009  	0.09305396560963951 
43710     	0.6419902912621359  	110432.89028299987  	127364.43361799992  	0.8670622335134603  	0.2471143463374406  	0.09292162762575648 
43736     	0.6424242424242425  	110522.58561199986  	127454.12894699992  	0.8671557879302536  	0.24718938540856217 	0.09288252197692816 
43789     	0.6420798065296252  	110687.63601299986  	127619.17934799992  	0.8673275958872133  	0.24697620969962636 	0.0927334124427734  
43842     	0.6417370325693607  	110757.38637899986  	127688.92971399991  	0.8674000684873493  	0.24675393934075052 	0.09257810066122159 
43868     	0.6421686746987951  	111110.35577199986  	128041.89910699992  	0.867765602876204   	0.24685353277495786 	0.0925501878774188  
43894     	0.6425992779783394  	111255.83442399987  	128194.54357699992  	0.8678671597061709  	0.24696629433934794 	0.09252400310783211 
43947     	0.6422569027611045  	111460.25009099986  	128474.06095099992  	0.8675700703001119  	0.24672537472704387 	0.09237612336171179 
43973     	0.6426858513189448  	111526.41409099987  	128540.22495099992  	0.8676382364626654  	0.2467853239611337  	0.09233961416416821 
44000     	0.6431137724550898  	111700.48012999987  	128722.44982599992  	0.8677622301392691  	0.24683973626578337 	0.09230154121473388 
44081     	0.6427718040621266  	111855.71815099986  	128877.68784699992  	0.8679215155053986  	0.2466013090089116  	0.09215200832338664 
44108     	0.6431980906921241  	112481.36794799987  	129712.12440299992  	0.8671615584564311  	0.2466670259885396  	0.09214964177676895 
44135     	0.6436233611442194  	112833.82950199986  	130173.10175999992  	0.8667983475574819  	0.24677720144584533 	0.09215584021151914 
44162     	0.6440476190476191  	113586.44618299986  	131277.62864499993  	0.8652384062341616  	0.24692686789320387 	0.09221142457102904 
44270     	0.6421800947867299  	113911.09158099986  	131667.69676399993  	0.8651407625453731  	0.2461644668507605  	0.09191930650558743 
44297     	0.642603550295858   	114032.92017299986  	131789.52535599994  	0.8652654288340854  	0.24626799327722843 	0.09195641646125782 
44324     	0.6430260047281324  	114120.88264499986  	131877.48782799995  	0.8653552969847363  	0.2463695687857744  	0.09199481831888061 
44351     	0.6434474616292798  	114219.11116399986  	131975.71634699995  	0.8654555120101552  	0.2464872399636004  	0.09203316447290047 
44378     	0.6438679245283019  	114415.36315199986  	132171.96833499995  	0.8656552867700765  	0.2466207722885565  	0.09207669339894298 
44405     	0.6442873969375736  	114914.08629799986  	132878.52084099996  	0.8648055800944984  	0.24678321950930074 	0.09214707458006825 
44432     	0.6447058823529411  	115363.58946199986  	133439.59917399997  	0.864537889622782   	0.24697009000767794 	0.09223968271042181 
44459     	0.645123384253819   	115572.20466299985  	133649.24975099997  	0.8647426370018597  	0.2471914821379157  	0.09233448888443724 
44513     	0.6447831184056272  	115648.31870999985  	133725.36379799998  	0.8648196230349646  	0.24710832015440973 	0.09231597704005344 
44540     	0.6451990632318502  	115747.05887799985  	133824.10396599997  	0.8649193639092636  	0.24732280485436758 	0.09240832978074323 
44567     	0.6456140350877193  	116000.87954799985  	134077.92463599995  	0.8651750827954984  	0.247481063151783   	0.09249576246439999 
44621     	0.6452742123687282  	116168.63559399985  	134276.43398999996  	0.8651453731832894  	0.24732740656407753 	0.09247789474809455 
44648     	0.6456876456876457  	116902.78301099985  	135282.77030899996  	0.8641365248803059  	0.2474846768208256  	0.0925968940597879  
44783     	0.6431054461181923  	117188.04132099985  	135607.96652699995  	0.8641678237809676  	0.24648265785937323 	0.09228295275362407 
44837     	0.6427745664739885  	117405.49174299985  	135825.41694899995  	0.8643852850242568  	0.2463212478076299  	0.09229801265736703 
44864     	0.6431870669745958  	117445.43712599984  	135865.36233199996  	0.8644251567151511  	0.24642281807253588 	0.09237847810747592 
44891     	0.643598615916955   	117748.35965399984  	136254.65920799997  	0.8641785927793538  	0.24652737705595015 	0.09246759122339895 
44918     	0.6440092165898618  	117891.65989099984  	136398.96409499997  	0.8643149211081248  	0.24664280464327962 	0.09255737812310409 
45044     	0.6422018348623854  	118007.11440299984  	136514.41860699997  	0.864429674221598   	0.2458767288967936  	0.09231914404538978 
45088     	0.6418764302059496  	118107.96025899984  	136615.26446299997  	0.8645297487308782  	0.24569045300841008 	0.09229401687973567 
45111     	0.6422857142857142  	118115.58002299984  	136622.88422699997  	0.8645373042099587  	0.24576229236713468 	0.0923725954333593  
45133     	0.6426940639269406  	118392.83711199985  	136900.14131599996  	0.8648116501115904  	0.2458532777687083  	0.09245906489209726 
45155     	0.6431014823261118  	118759.32081899985  	137396.55258999998  	0.8643544439821951  	0.24596547092243698 	0.09256351800709349 
45222     	0.6420454545454546  	119130.36924599986  	137908.31122799998  	0.8638374887286157  	0.24551757464994667 	0.09245857453903379 
45311     	0.6402714932126696  	119328.21527299986  	138106.15725499997  	0.8640325503566911  	0.24479446480069714 	0.0922482733995421  
45333     	0.6406779661016949  	119501.28184699986  	138279.22382899997  	0.86420272357602    	0.2448868563583019  	0.0923501772659759  
45355     	0.6410835214446953  	119527.53702399986  	138305.47900599998  	0.8642285026091736  	0.2449810011375382  	0.09245224555255614 
45400     	0.6407657657657657  	119642.82517499986  	138420.76715699997  	0.8643415842313478  	0.24473882775772604 	0.09241611522483667 
45422     	0.641169853768279   	120088.95939499987  	138948.76827299997  	0.864267894473557   	0.24479993646295697 	0.09249787114625667 
45444     	0.6415730337078651  	120126.18891199987  	138985.99778999996  	0.8643042523859402  	0.24486038314138284 	0.09257959863978169 
45488     	0.6412556053811659  	120202.36992699986  	139062.17880499997  	0.8643785892032779  	0.2446550663004503  	0.09255711356290447 
45511     	0.6416573348264277  	120331.95564399986  	139191.76452199998  	0.8645048509675353  	0.24473083840963117 	0.09263094154635428 
45533     	0.6420581655480985  	120455.90844599986  	139315.717324       	0.8646254045109729  	0.24479898272284897 	0.09268828651747327 
45555     	0.6424581005586593  	120529.99883099986  	139389.807709       	0.8646973606752282  	0.24487375989604065 	0.09274621493667935 
45577     	0.6428571428571429  	120567.20829199986  	139427.01716999998  	0.8647334694465649  	0.2449447656114876  	0.09280386053909041 
45644     	0.6418242491657397  	120718.53702199986  	139578.3459         	0.8648801233716288  	0.2444433072093887  	0.09261406395587349 
45733     	0.6400885935769657  	120906.00868899986  	139779.47005499998  	0.8649768713633422  	0.24369515805523978 	0.09232587721411328 
45755     	0.6404867256637168  	121632.33946899987  	141090.89311299997  	0.8620849778843224  	0.24379017617963392 	0.09240382791202255 
45777     	0.6408839779005525  	121686.59087899986  	141145.14452299997  	0.8621379877447412  	0.24388311115285055 	0.09248134179177667 
45800     	0.6412803532008831  	122076.28777599987  	141584.37536599996  	0.8622158162610027  	0.24400896830141947 	0.09256093867239244 
45822     	0.6416758544652701  	122231.76969899987  	141748.76454699997  	0.8623127692832285  	0.24412184934079387 	0.09262959101416018 
45866     	0.6413641364136413  	122639.70709799987  	142252.81942999997  	0.8621249658840585  	0.24398695092425882 	0.09261100653755254 
45933     	0.6403508771929824  	122855.24378099987  	142485.08927399997  	0.8622322827390608  	0.24360193511291886 	0.09249763400212616 
45955     	0.6407447973713034  	123136.87263499986  	142809.28975599995  	0.8622469367741283  	0.24379361753656167 	0.09259187025620987 
46000     	0.6404371584699453  	123215.33279099986  	142887.74991199994  	0.8623225774559702  	0.24362629091840038 	0.09254436672415468 
46069     	0.6401308615049073  	123449.68786299987  	143122.10498399995  	0.8625480171410327  	0.24347280253175416 	0.09250534886880725 
46116     	0.6398258977149075  	123808.67120499988  	143518.34707399996  	0.862667900858435   	0.24332232611861793 	0.0924761650241842  
46139     	0.6402173913043478  	123861.40045899988  	143571.07632799997  	0.862718338727421   	0.24343084387727587 	0.09254628996653996 
46162     	0.6406080347448425  	123935.74304699988  	143645.41891599997  	0.8627893878013209  	0.24354679528333933 	0.09261685780657963 
46232     	0.6396103896103896  	124108.51371799989  	143818.18958699997  	0.8629542207032365  	0.2431213733824438  	0.09248778466963344 
46255     	0.64                	124371.06691699989  	144092.65965599997  	0.8631325649336858  	0.24322493369452042 	0.092539838492057   
46279     	0.6403887688984882  	124437.3724099999   	144158.96514899997  	0.8631955167088207  	0.2432899959011375  	0.09258674232131835 
46325     	0.6400862068965517  	124616.70847099989  	144338.30120999998  	0.8633654922243622  	0.24307347562128137 	0.09251282933360894 
46372     	0.6397849462365591  	124650.8844919999   	144372.47723099997  	0.8633978365042183  	0.2428592344612936  	0.09243982385620826 
46395     	0.640171858216971   	124705.9519959999   	144427.54473499997  	0.8634499203376624  	0.24291371298466588 	0.09246650034096057 
46418     	0.6405579399141631  	124772.6345139999   	144494.22725299996  	0.8635129367177498  	0.24296951212878265 	0.09249329272714667 
46441     	0.6409431939978564  	125038.8972129999   	144760.48995199997  	0.8637639818327542  	0.24304148649474197 	0.09252530092991237 
46465     	0.6413276231263383  	125184.8223339999   	144925.56343299997  	0.863787032243443   	0.24311206839894065 	0.09255647106019196 
46488     	0.6417112299465241  	125275.3221369999   	145016.063236       	0.8638720383212037  	0.24319191099602852 	0.09258801364833927 
46511     	0.6420940170940171  	125439.68320099989  	145180.42429999998  	0.8640261509485057  	0.24328694233652665 	0.09262378049961228 
46534     	0.6424759871931697  	125695.85722399989  	145436.59832299998  	0.8642656571548937  	0.24338805497969535 	0.09265823010058485 
46558     	0.6428571428571429  	125968.9453749999   	145754.98174599998  	0.8642513886387758  	0.24346420374512767 	0.09268269926643193 
46581     	0.6432374866879659  	126148.1828869999   	145934.21925799997  	0.8644181161101089  	0.24355296153047354 	0.09270873154916932 
46604     	0.6436170212765957  	126259.4988939999   	146045.53526499995  	0.8645214567148647  	0.24364897915413958 	0.09273798319202814 
46627     	0.6439957492029755  	126335.5709029999   	146121.60727399995  	0.8645919878646129  	0.2437324613660563  	0.092766652621745   
46651     	0.6443736730360934  	126523.5514469999   	146309.58781799994  	0.8647659619162303  	0.2438277397850357  	0.09280103107183665 
46697     	0.6440677966101694  	126942.00796299991  	146881.78106999994  	0.8642461102953451  	0.24367274665653768 	0.09275818821078836 
46720     	0.6444444444444445  	127045.7190089999   	146985.49211599995  	0.8643418964691855  	0.24378726662190847 	0.09281382586046699 
46744     	0.6448202959830867  	127552.14486499991  	147536.99597299995  	0.8645434592442334  	0.24390934445741871 	0.09287756846648561 
46813     	0.6438356164383562  	127632.18990399991  	147617.04101199994  	0.8646169102768058  	0.24351993120836218 	0.09274531752364915 
46837     	0.6442105263157895  	127768.8785459999   	147753.72965399994  	0.8647421547002621  	0.24365142221451863 	0.09281313178964626 
46860     	0.6445846477392219  	127885.0514779999   	147869.90258599992  	0.8648484190596055  	0.2437812404120373  	0.09288458735295368 
46883     	0.6449579831932774  	128025.5187409999   	148010.36984899992  	0.8649766828608796  	0.2439018806752095  	0.09295641346063259 
46953     	0.643979057591623   	128455.0433519999   	148566.2720229999   	0.8646312625527378  	0.24349812291091022 	0.0927957000463535  
46976     	0.6443514644351465  	128488.7121099999   	148599.94078099992  	0.8646619334752019  	0.24360902390876774 	0.09282994178189215 
47000     	0.644723092998955   	129003.7306929999   	149205.57980699991  	0.8646039300934224  	0.24373233914037906 	0.09287444523230964 
47051     	0.6450939457202505  	129106.13528299991  	149307.9843969999   	0.8646967930376407  	0.24385644227230993 	0.09291957783355027 
47102     	0.6447916666666667  	129278.09721099991  	149479.9463249999   	0.8648524460259234  	0.24373209422115452 	0.09286692966523206 
47128     	0.6451612903225806  	129552.83253599991  	149754.6816499999   	0.8651003835645361  	0.24381926523977776 	0.09290685759636273 
47153     	0.6455301455301455  	129868.37164499992  	150070.2207589999   	0.8653840248130077  	0.24391704239504933 	0.09295228779811196 
47179     	0.6458982346832814  	129942.59556499992  	150144.4446789999   	0.86545057223269    	0.24400784072675483 	0.0929903203792091  
47230     	0.6455958549222798  	130142.42850799992  	150345.2649269999   	0.86562372663476    	0.24383234393333986 	0.09290103674516859 
47256     	0.6459627329192547  	130367.05765399993  	150607.9060329999   	0.8656056716267939  	0.2439348183222588  	0.09291153002681793 
47307     	0.6456611570247934  	130587.97573699993  	150842.7451479999   	0.8657226146930239  	0.24376901822745659 	0.09282488589736851 
47358     	0.6453608247422681  	131097.41297899993  	151590.2032099999   	0.864814547397822   	0.24361550112987435 	0.09275377383281598 
47410     	0.6450617283950617  	131159.66864899994  	151652.4588799999   	0.8648700431081334  	0.24345170417969553 	0.09267796880008816 
47435     	0.645426515930113   	131603.14268299995  	152206.0867639999   	0.864637843866616   	0.2435617099024234  	0.09271755614773186 
47487     	0.6451282051282051  	131922.03289399995  	152548.5287629999   	0.8647873169524606  	0.24344250235634002 	0.09266457742011677 
47512     	0.6454918032786885  	132106.65292999995  	152755.67382799988  	0.8648232148728541  	0.24359137721468047 	0.09271025716532452 
47538     	0.6458546571136131  	132333.49892999994  	152982.51982799987  	0.8650236581197912  	0.24375092831371123 	0.09276328162848278 
47564     	0.6462167689161554  	132499.42748499993  	153148.44838299986  	0.8651698981215923  	0.2439157421630096  	0.09281974112345354 
47589     	0.6465781409601634  	132764.09870599993  	153453.76783899986  	0.8651732738507467  	0.2440748039530534  	0.09286867417874907 
47641     	0.6462793068297655  	133121.67041799994  	153883.86635299987  	0.8650787998309533  	0.2439815632427633  	0.09282837126543791 
47692     	0.6459816887080366  	133642.64214399992  	154494.42094399987  	0.8650321566786017  	0.2439085522395844  	0.09280425243001703 
47717     	0.6463414634146342  	133702.40546799992  	154554.18426799987  	0.8650843463167418  	0.24405884890313334 	0.09287093667367687 
47743     	0.6467005076142132  	133929.00832999992  	154832.74082199988  	0.8649915232332451  	0.24420131361600889 	0.09293330625113981 
47769     	0.6470588235294118  	134077.8758599999   	154981.60835199986  	0.8651212055786476  	0.24433305181314285 	0.09299669597968258 
47794     	0.6474164133738601  	134194.0173859999   	155097.74987799986  	0.8652222065862151  	0.24447179176602676 	0.093063447006796   
47820     	0.6477732793522267  	134230.0408649999   	155133.77335699985  	0.8652535032207624  	0.2445748412205341  	0.09312339355515845 
47846     	0.6481294236602629  	134484.8007089999   	155388.53320099984  	0.8654744204003758  	0.2446693140517207  	0.09318168090157684 
47923     	0.6471774193548387  	134551.8461019999   	155455.57859399985  	0.8655324390346016  	0.24424797801904688 	0.0930361396660481  
47948     	0.6475327291037261  	134902.5215629999   	155896.08326099985  	0.8653361825463395  	0.24432863664475182 	0.09308910813402822 
47974     	0.647887323943662   	135185.3597799999   	156178.92147799986  	0.8655800571592678  	0.24440712918653293 	0.09312687014246188 
48000     	0.6482412060301508  	135408.93385099992  	156407.77828499986  	0.8657429658278458  	0.24448488854519287 	0.09314786307540503 
48127     	0.646               	135531.56654599993  	156530.41097999987  	0.8658481485959748  	0.24359068169322018 	0.09279169349374504 
