23513     	1.0                 	104.29275200000001  	104.29275200000001  	1.0                 	0.012466987664472335	0.0002936753615780697
23567     	0.6666666666666666  	214.241605          	214.241605          	1.0                 	0.01281281409580081 	0.00033024666530634194
23621     	0.6                 	310.486194          	310.486194          	1.0                 	0.014210516184523883	0.000519531241917681
23702     	0.5                 	747.44903           	788.074759          	0.9484493970450841  	0.015139764564224077	0.0015559430788801044
23756     	0.5                 	932.237092          	972.8628209999999   	0.9582410509240747  	0.01866815975835178 	0.0024140747469585445
23783     	0.5454545454545454  	1134.933324         	1175.559053         	0.9654413541401226  	0.02437643615876759 	0.0034867380596147342
23810     	0.5833333333333334  	1405.77023          	1489.064711         	0.9440625512211203  	0.030797124535551768	0.004649107916671755
23837     	0.6153846153846154  	1491.679043         	1574.973524         	0.9471137262114383  	0.037078194312717076	0.0056587002455297415
23864     	0.6428571428571429  	1689.769904         	1773.064385         	0.95302230324817    	0.0432419025819615  	0.006745103062936153
23891     	0.6666666666666666  	1854.487269         	1937.7817499999999  	0.9570155508998885  	0.049892420816125195	0.007711835147457119
23918     	0.6875              	1939.2054269999999  	2022.4999079999998  	0.9588160767421899  	0.05613441805890572 	0.008612733822108025
23945     	0.7058823529411765  	2223.5715649999997  	2345.037548         	0.9482029688165999  	0.06301253922283098 	0.00957397706119615 
24073     	0.6190476190476191  	2310.952449         	2432.418432         	0.9500636973466249  	0.05948958449708417 	0.008984486024243055
24097     	0.6363636363636364  	2383.1405299999997  	2504.6065129999997  	0.9515029676839302  	0.06534589600629769 	0.009755758026351702
24121     	0.6521739130434783  	2455.7711459999996  	2577.2371289999996  	0.9528696907113353  	0.07104429772644791 	0.010461001739015931
24195     	0.6153846153846154  	2544.507691         	2665.973674         	0.9544384161837001  	0.06978526043685568 	0.009914751182067092
24243     	0.6071428571428571  	3027.250306         	3148.716289         	0.9614236495601907  	0.07205417744862785 	0.010069473412285214
24268     	0.6206896551724138  	3257.311813         	3378.777796         	0.9640503192770479  	0.07725032934144714 	0.010627878806472141
24292     	0.6333333333333333  	3478.9907559999997  	3600.627161         	0.9662179949322445  	0.08246100600740139 	0.011170042210380593
24317     	0.6451612903225806  	3915.448306         	4082.2869579999997  	0.9591310817400897  	0.08786282504938876 	0.011932157612332447
24341     	0.65625             	4086.206562         	4254.239595999999   	0.9605022166222159  	0.09296009780094007 	0.01261795010320742 
24414     	0.6285714285714286  	4181.735689         	4349.768722999999   	0.9613696624577989  	0.09219730308902337 	0.012500663278768795
24487     	0.6052631578947368  	4335.945641         	4503.978674999999   	0.9626923113706796  	0.0914877725699584  	0.01243679000355892 
24512     	0.6153846153846154  	4516.336707         	4684.3697409999995  	0.9641289985012736  	0.09588995147909224 	0.013088533361377034
24536     	0.625               	4658.383244000001   	4826.416278         	0.9651847200238539  	0.10024271224882572 	0.01375645120667334 
24560     	0.6341463414634146  	4749.0861110000005  	4917.119145         	0.9658269346247458  	0.104341093377607   	0.014409975019443879
24634     	0.6136363636363636  	5163.674346000001   	5381.265853999999   	0.959564995689953   	0.1036036980046602  	0.014562900270227962
24658     	0.6222222222222222  	5374.247414         	5602.849647999999   	0.9591989347632055  	0.10806694653840439 	0.015375539964325443
24682     	0.6304347826086957  	5673.0997130000005  	5901.701947         	0.9612650323494897  	0.11300328453617495 	0.016207825794842787
24731     	0.625               	6388.691314000001   	6816.353454         	0.9372593949409949  	0.11563300850865434 	0.016910495914138485
24780     	0.62                	6596.510184000001   	7032.575223         	0.937993547857995   	0.11774257888845874 	0.017396024437712904
24804     	0.6274509803921569  	6792.6188760000005  	7228.683915         	0.9396757357040975  	0.12186962014360854 	0.018214568325669304
24829     	0.6346153846153846  	6859.614443         	7295.679482         	0.9402296879850788  	0.12600929673399458 	0.019005286451392097
24853     	0.6415094339622641  	6941.97573          	7378.040768999999   	0.9408969057432978  	0.12962502225564082 	0.01975170163149308 
24902     	0.6363636363636364  	7631.992095         	8289.425334         	0.9206901307979137  	0.13115863975141262 	0.020390015051158106
24926     	0.6428571428571429  	7701.090999999999   	8358.524239         	0.9213457758568808  	0.13506239227429218 	0.021364140035373118
24975     	0.6379310344827587  	7770.440707999999   	8427.873947         	0.921992990980362   	0.13658816959986164 	0.021922603876075225
25000     	0.6440677966101694  	8187.376602999999   	8884.551273000001   	0.9215295574781921  	0.14073455048385833 	0.022958006951002714
25076     	0.639344262295082   	8308.278154999998   	9005.452825         	0.9225830523408464  	0.14234002792134717 	0.023557443680135418
25102     	0.6451612903225806  	8552.547116999998   	9259.186624         	0.923682334561831   	0.1466599741842663  	0.024521089005024397
25128     	0.6507936507936508  	9314.713723999997   	10249.796388        	0.9087706107904001  	0.15136784790340901 	0.02576057979546186 
25153     	0.65625             	9494.067296999998   	10429.149961000001  	0.9103395130478743  	0.15598608327796842 	0.026889147165997142
25179     	0.6615384615384615  	9685.328818999998   	10628.424822        	0.9112666252248529  	0.16068372143955895 	0.027943482188135405
25205     	0.6666666666666666  	9774.971990999999   	10718.067994        	0.9120087684153572  	0.1652855533694492  	0.028952599101619927
25230     	0.6716417910447762  	9787.637418999999   	10730.733422000001  	0.9121126240014051  	0.1697676708702284  	0.029931629027833997
25256     	0.6764705882352942  	9940.793531         	10883.889534000002  	0.9133493591556694  	0.17436519030325395 	0.030888516236094305
25282     	0.6811594202898551  	10056.03301         	11010.768251000001  	0.9132907696142554  	0.17888466358561153 	0.031824977088058426
25358     	0.6666666666666666  	10287.254997        	11244.059903000001  	0.914905744521628   	0.17817473011660284 	0.031614175727281923
25384     	0.6712328767123288  	10622.557842        	11623.197682000002  	0.9139101074096314  	0.18263487548901022 	0.032368891380629594
25410     	0.6756756756756757  	10719.238527        	11719.878367000001  	0.9146202879700925  	0.1867294722929623  	0.03307864885836185 
25461     	0.6710526315789473  	11108.597278        	12109.237118000001  	0.9173655755313783  	0.18761582242379166 	0.03313099180928741 
25487     	0.6753246753246753  	11253.389985        	12269.858187000002  	0.9171572982744857  	0.19109779920587489 	0.03362390088993257 
25512     	0.6794871794871795  	11318.314336        	12334.782538000001  	0.9175933423334746  	0.19456901918874545 	0.034111139808644234
25538     	0.6835443037974683  	11364.968273999999  	12381.436476        	0.9179038551810762  	0.19790602666549081 	0.03458693749454873 
25641     	0.6626506024096386  	11663.681716        	12700.889759000002  	0.9183357967291209  	0.19309947248804485 	0.03376132262222475 
25692     	0.6588235294117647  	11787.773598999998  	12824.981642        	0.9191259627535612  	0.19300240786858355 	0.033788192710512845
25743     	0.6551724137931034  	11853.004966999999  	12890.213010000001  	0.9195352286114004  	0.1925228735072288  	0.03368333143885387 
25769     	0.6590909090909091  	12002.283555999998  	13039.491599        	0.9204564046745852  	0.19442426275334526 	0.033972579688774394
25794     	0.6629213483146067  	12126.169093999999  	13163.377137000001  	0.9212050196385707  	0.196384555913635   	0.034263052007773645
25820     	0.6666666666666666  	12410.474314        	13459.337850000002  	0.9220716837864351  	0.19866679047174945 	0.03456488799266981 
25871     	0.6630434782608695  	12581.079243999999  	13629.942780000001  	0.9230471064384026  	0.19854328482222613 	0.034318352941924916
25897     	0.6666666666666666  	12780.829773        	13829.693309000002  	0.9241585830889374  	0.20075402139049034 	0.03444270015878449 
25923     	0.6702127659574468  	12868.949417        	13917.812953000002  	0.9246387676323873  	0.20303940675248458 	0.03456674467898164 
25974     	0.6666666666666666  	13046.603538        	14095.467074000002  	0.9255885930921226  	0.20324562137862545 	0.034324670439239376
26000     	0.6701030927835051  	13295.841949        	14347.175348000002  	0.9267219244555648  	0.20579986165744169 	0.03445516276622964 
26040     	0.673469387755102   	13509.829534        	14568.515923000003  	0.9273305260058368  	0.20838433418234034 	0.03452965457898251 
26080     	0.67                	13929.797423        	15068.238796000003  	0.9244476153840745  	0.2089848410252383  	0.03433369096665195 
26140     	0.6601941747572816  	14139.688715        	15285.863884000004  	0.9250173115698271  	0.20732301761721675 	0.033722059212084654
26160     	0.6634615384615384  	14581.560642        	15764.234092000004  	0.9249774240157862  	0.21001148382872392 	0.03383932040146022 
26180     	0.6666666666666666  	14770.47412         	15953.147570000005  	0.9258658239817182  	0.21255489941186217 	0.03396437875351985 
26200     	0.6698113207547169  	14927.179286        	16116.446119000004  	0.9262078733599989  	0.2151232844361434  	0.034092926040186   
26220     	0.6728971962616822  	15078.661327        	16268.981559000003  	0.9268349879380422  	0.2178251325672655  	0.03422218596656164 
26240     	0.6759259259259259  	15199.294385        	16389.614617000003  	0.9273735069544983  	0.2206244426828459  	0.034351650205368026
26260     	0.6788990825688074  	15308.234273        	16498.554505000004  	0.9278530593913988  	0.22346958311743872 	0.03448106260155519 
26280     	0.6818181818181818  	15372.586055        	16562.906287000005  	0.9281333715608673  	0.22633048247769774 	0.03460937465029169 
26380     	0.6608695652173913  	15685.008811        	16875.329043000005  	0.9294638801431989  	0.2205243724300869  	0.033497171761983566
26400     	0.6637931034482759  	15911.46919         	17103.742219000007  	0.9302916862442215  	0.2226968424649402  	0.03360332489650308 
26420     	0.6666666666666666  	15989.832441        	17182.105470000006  	0.9306096082880112  	0.22491072975501047 	0.033709784391792674
26440     	0.6694915254237288  	16116.305662        	17308.578691000006  	0.931116641621189   	0.22709783168676154 	0.03375271507450197 
26460     	0.6722689075630253  	16320.568521000001  	17521.200554000006  	0.9314754699999193  	0.22897135474264776 	0.033744908710412344
26500     	0.6694214876033058  	16579.446774        	17780.078807000005  	0.9324731883343893  	0.2290420393187466  	0.03348971060551134 
26520     	0.6721311475409836  	16777.09814         	17977.730173000004  	0.9332155938794107  	0.23089557312049036 	0.03351358186757304 
26560     	0.6693548387096774  	16845.402933999998  	18046.034967000003  	0.9334683748981121  	0.23073778520124927 	0.03326384702379742 
26580     	0.672               	16943.292496        	18143.924529000004  	0.9338273243431432  	0.23251722203461217 	0.03328792468224182 
26620     	0.6692913385826772  	17174.095848999998  	18386.756401000002  	0.9340470648790424  	0.2323415547615761  	0.03304750834813171 
26640     	0.671875            	17629.437401999996  	18885.075969        	0.9335115956609787  	0.23385512461739918 	0.03313153423185885 
26660     	0.6744186046511628  	17839.318064999996  	19096.479022        	0.9341679188319638  	0.23554364370923095 	0.0332179244445297  
26680     	0.676923076923077   	18007.843368999995  	19265.004326        	0.9347438009498216  	0.23731061838550307 	0.03331321136519378 
26700     	0.6793893129770993  	18176.524393999996  	19448.709256        	0.9345876970417701  	0.23902758238020713 	0.03338750525314327 
26720     	0.6818181818181818  	18518.186162999995  	19790.371024999997  	0.9357169776962277  	0.24086778277201448 	0.03350362712603164 
26780     	0.674074074074074   	18942.782768999994  	20325.611659999995  	0.9319661856119511  	0.2391616840623242  	0.03317083545551914 
26820     	0.6715328467153284  	19106.708434999993  	20489.537325999994  	0.9325104872307061  	0.23938249704790338 	0.03309571210946522 
26860     	0.6690647482014388  	19409.791951999992  	20805.313428999994  	0.9329247558916935  	0.2397444946653121  	0.03302633558555234 
26920     	0.6619718309859155  	19626.053118999993  	21021.574595999995  	0.9336147979483163  	0.23830534070299736 	0.03274718112159222 
26940     	0.6643356643356644  	20125.834819999993  	21559.499591999996  	0.9335019458182606  	0.24045421789638266 	0.032986718940609436
27000     	0.6575342465753424  	20826.49047499999   	22420.202162999998  	0.9289162659456254  	0.23935412775044884 	0.03285798142651983 
27050     	0.6598639455782312  	20935.562371999993  	22529.27406         	0.9292604065379279  	0.2412794330363654  	0.03309296906030978 
27075     	0.6621621621621622  	21138.904961999993  	22732.61665         	0.929893170129185   	0.2431418934057164  	0.03332263058745968 
27100     	0.6644295302013423  	21361.356406999992  	22957.003476        	0.9304941051793563  	0.2451632711139665  	0.033554308481098145
27125     	0.6666666666666666  	21605.855193999992  	23201.502263000002  	0.9312265623616697  	0.24721095092208709 	0.0337987820389752  
27150     	0.6688741721854304  	21717.550335999993  	23313.197405000003  	0.931556060660397   	0.24928535211136146 	0.034045382785618916
27175     	0.6710526315789473  	21758.43148999999   	23354.078559        	0.9316758713057813  	0.251349024940791   	0.034293242525729135
27200     	0.673202614379085   	21961.630318999993  	23560.092193        	0.9321538362029445  	0.25334551641372055 	0.03449696828863269 
27225     	0.6753246753246753  	22084.667955999994  	23683.12983         	0.9325063078455451  	0.2552236123449166  	0.034690106838974014
27250     	0.6774193548387096  	22299.461017999995  	23919.031787        	0.9322894512026092  	0.2571451904844829  	0.03490215279441017 
27300     	0.6751592356687898  	22479.381921999993  	24099.288411        	0.9327819783981418  	0.25718438533942184 	0.03488638817409899 
27325     	0.6772151898734177  	22669.187079999992  	24294.741937000003  	0.9330902603857525  	0.25891651894254897 	0.035089421044866245
27350     	0.6792452830188679  	22927.25970899999   	24576.015959000004  	0.9329119800072305  	0.26068883385601216 	0.03529903571766696 
27400     	0.6770186335403726  	23032.90354899999   	24681.659799000005  	0.9331991339550506  	0.2605585725783983  	0.035277067524708494
27450     	0.6748466257668712  	23466.13329899999   	25153.362587000003  	0.9329223167612579  	0.26018888205008817 	0.03527554086392289 
27475     	0.676829268292683   	23523.35428499999   	25210.583573000004  	0.9330745643743448  	0.26145598751643234 	0.03548978580866971 
27500     	0.6787878787878788  	23691.23383199999   	25388.070337000005  	0.9331640222168802  	0.26269344705957404 	0.035661678211277956
27525     	0.6807228915662651  	23773.91886099999   	25470.755366000005  	0.9333809900563428  	0.2639577642696039  	0.03583385588049294 
27575     	0.6785714285714286  	24199.51635999999   	25896.352865000004  	0.9344758501768271  	0.2635216345784369  	0.03570978373307184 
27675     	0.6686046511627907  	24551.19739899999   	26285.432995000003  	0.9340229397655386  	0.260166637249612   	0.03520352061315237 
27750     	0.6628571428571428  	24705.66182099999   	26439.897417000004  	0.9344083840928613  	0.25829830870926007 	0.03486551020266564 
27775     	0.6647727272727273  	24924.649703999992  	26670.388780000005  	0.9345439209604198  	0.25954616288826643 	0.03493686064222558 
27800     	0.6666666666666666  	24993.864998999994  	26739.604075000007  	0.9347133536045069  	0.26080020673374693 	0.035015239402890336
27850     	0.664804469273743   	25151.904097999995  	26900.741802000008  	0.9349892387030758  	0.26066695575422916 	0.034899960512147554
27900     	0.6629834254143646  	25312.588652999995  	27063.927065000007  	0.9352888290086733  	0.26057415738977535 	0.0347929482939315  
27950     	0.6612021857923497  	25800.776769999997  	27598.321147000006  	0.9348676186705145  	0.26037989945408546 	0.03468612122478289 
28075     	0.6524064171122995  	25831.965662999995  	27629.510040000005  	0.9349411417575754  	0.2573101603943346  	0.03420447222730321 
28100     	0.6542553191489362  	25990.190985999994  	27787.735363000003  	0.9353115914802658  	0.25851417276386424 	0.034284845736708   
28200     	0.6458333333333334  	26259.109655999993  	28082.769970000005  	0.9350612380492318  	0.2554521088329385  	0.033787980671508545
28300     	0.6377551020408163  	26924.74020699999   	28866.972237000005  	0.9327178474398304  	0.25233260792605494 	0.03336892189916841 
28325     	0.6395939086294417  	27008.746357999993  	28950.978388000007  	0.9329130779633666  	0.2531624414611706  	0.03347214236953299 
28350     	0.6414141414141414  	27349.163902999993  	29332.226387000006  	0.9323930458657955  	0.2540684648373683  	0.03360972668611744 
28375     	0.6432160804020101  	27404.196686999992  	29387.259171000005  	0.9325196517150214  	0.2548840513002168  	0.03374162763287595 
28400     	0.645               	27490.377039999992  	29473.439524000005  	0.9327169642896541  	0.25574927782498313 	0.0338733610676284  
28425     	0.6467661691542289  	27729.825199999992  	29717.493360000004  	0.9331145417979488  	0.25673982301289366 	0.03399967087398939 
28475     	0.645320197044335   	27799.34857999999   	29787.016740000003  	0.9332706535417883  	0.2564615679535351  	0.03395230150814039 
28500     	0.6470588235294118  	27850.398768999992  	29838.066929000004  	0.9333848213180268  	0.25746908370537225 	0.03407223550485673 
28525     	0.6487804878048781  	28594.638249999993  	30716.713830000004  	0.9309146287019984  	0.25863788647387576 	0.03426749776463798 
28550     	0.6504854368932039  	28837.984503999993  	30960.588239000004  	0.9314417504404442  	0.259838462234815   	0.03445873184200609 
28600     	0.6490384615384616  	29019.962670999994  	31142.566406000005  	0.9318423630433019  	0.2596380260304537  	0.034483338723418515
28625     	0.6507177033492823  	29141.037148999992  	31263.640884000004  	0.9321063166354912  	0.2607332949657796  	0.03467923858018221 
28675     	0.6492890995260664  	29241.56314999999   	31364.166885000002  	0.9323239242163593  	0.2605545466295471  	0.03470676013534763 
28725     	0.647887323943662   	29331.00778299999   	31453.611518        	0.9325163746686035  	0.2603905655546426  	0.034726369658900656
28750     	0.6495327102803738  	29426.44124799999   	31549.044983        	0.932720507510013   	0.26150025894546275 	0.03490872411296252 
28775     	0.6511627906976745  	29554.66961999999   	31677.273355        	0.9329928522820612  	0.2626618501790809  	0.03509230449706671 
28800     	0.6527777777777778  	29695.347163999988  	31817.950899        	0.9332891127484039  	0.2637391356374117  	0.035256474882523876
28825     	0.6543778801843319  	30221.08269199999   	32423.725853        	0.9320669323758111  	0.26492622673224525 	0.03546051084351725 
28850     	0.6559633027522935  	30674.97585099999   	32915.949448        	0.9319183060315408  	0.26588847554433714 	0.035669733915776304
28925     	0.6515837104072398  	30735.487121999988  	32976.460719        	0.932043234836635   	0.26400698483134766 	0.035475024060170474
28975     	0.6502242152466368  	30898.514383999987  	33139.487981000006  	0.9323775431206166  	0.26327396097754924 	0.035446136259020385
29050     	0.6488888888888888  	30985.900345999988  	33226.873943000006  	0.9325553887240683  	0.26247477695350974 	0.03539951104996597 
29075     	0.6504424778761062  	31327.426243999987  	33568.399841000006  	0.9332415722043765  	0.2629153238813422  	0.03553276802019178 
29125     	0.6491228070175439  	31564.502317999988  	33805.475915        	0.933709745644916   	0.2622087747543274  	0.03552190831197706 
29175     	0.6478260869565218  	31656.15012399999   	33897.123721        	0.9338889749040364  	0.26144568574374066 	0.03551551885892859 
29200     	0.6493506493506493  	31724.26134599999   	33965.234943        	0.9340215487759532  	0.26185848813161977 	0.035663064391636815
29250     	0.648068669527897   	31937.53998699999   	34226.249474000004  	0.9331299946043274  	0.2612019325756355  	0.035671655109433036
29300     	0.6468085106382979  	32087.21357099999   	34375.923058        	0.9334211481932154  	0.2604266031021316  	0.035609080613458674
29375     	0.6428571428571429  	32268.042583999988  	34566.372977        	0.9335096455005768  	0.25853955266411066 	0.0353871480286697  
29400     	0.6443514644351465  	32998.80739499999   	35465.106899        	0.9304584218222235  	0.2589132255414183  	0.035519635877985775
29425     	0.6458333333333334  	33121.25677299999   	35587.556276999996  	0.9306976999262531  	0.2593333267401301  	0.035654679354148656
29500     	0.6419753086419753  	33354.76591099999   	35839.509796        	0.9306702603036906  	0.2574904782134098  	0.03546483536491991 
29575     	0.6382113821138211  	33810.000708999985  	36330.201744        	0.9306306897837079  	0.25579484872203073 	0.03530828281417026 
29600     	0.6396761133603239  	34066.65991099999   	36603.788115999996  	0.9306867311940592  	0.25625794948238284 	0.035455807256652476
29625     	0.6411290322580645  	34163.30586499999   	36700.434069999996  	0.9308692589259066  	0.256616056279684   	0.03559962076402344 
29650     	0.642570281124498   	34217.24690999999   	36754.375114999995  	0.9309707158110663  	0.2569972840022136  	0.035743056274889155
29700     	0.6414342629482072  	34366.56105099999   	36903.689256        	0.931250011688533   	0.25634955589274616 	0.03574218804856268 
29750     	0.6403162055335968  	34731.40462099999   	37276.075101999995  	0.9317344845443913  	0.2558595309825556  	0.03574813840054702 
29775     	0.6417322834645669  	34818.25320699999   	37362.923687999995  	0.9318931649394105  	0.25633850535739583 	0.035887575761703254
29800     	0.6431372549019608  	35320.86556999999   	37930.488217        	0.9311998666594962  	0.2569757141349942  	0.036052500537981945
29875     	0.6395348837209303  	35554.984092999985  	38164.606739999996  	0.9316219170086485  	0.25569009401891135 	0.035945750694443016
29900     	0.640926640926641   	35581.81182799998   	38191.434474999995  	0.9316699494828281  	0.25628432164324555 	0.03608738904001437 
29950     	0.6398467432950191  	35930.136930999986  	38539.759578        	0.9322875213656059  	0.25585505554158383 	0.036107675423728156
29975     	0.6412213740458015  	36144.07517399998   	38759.118975        	0.9325308760839806  	0.2564934559033475  	0.03626875050817919 
30000     	0.6425855513307985  	36515.95781399999   	39138.141417        	0.9330018363656624  	0.257271215745018   	0.03643520319540062 
30051     	0.6439393939393939  	36748.22066899999   	39377.132439        	0.933237602456895   	0.25812120545168105 	0.036605337080705076
30076     	0.6452830188679245  	37073.08870199999   	39738.51592         	0.9329258489832397  	0.2590260489270541  	0.036790427722917116
30102     	0.6466165413533834  	37175.15333799999   	39840.580556        	0.9330976812887182  	0.2599136051098793  	0.03697755868896395 
30128     	0.6479400749063671  	37907.20348199999   	40838.987749        	0.9282111426213839  	0.260792844348582   	0.03721475685614187 
30205     	0.6444444444444445  	38064.97991899999   	40996.764186        	0.9284874227219819  	0.2597090482700689  	0.03717729521283022 
30256     	0.6433823529411765  	38289.82536299999   	41259.29468         	0.9280290819309757  	0.2595935182342205  	0.037269659764457674
30282     	0.6446886446886447  	38387.90938199999   	41357.378699        	0.9281997696562957  	0.2604576470372101  	0.03750148587533452 
30307     	0.6459854014598541  	38499.74875099999   	41469.218068        	0.9283934094891598  	0.26135488560024067 	0.03773219521590522 
30358     	0.644927536231884   	38583.527878999994  	41552.997196000004  	0.9285377826539584  	0.2611793967819453  	0.03780936213603493 
30410     	0.6438848920863309  	38698.00053799999   	41667.469855        	0.9287341101503508  	0.26074740955068754 	0.03785055564218477 
30435     	0.6451612903225806  	39356.42984899999   	42526.01628900001   	0.9254671206806673  	0.26135566350406453 	0.03808532962327236 
30461     	0.6464285714285715  	40062.460868999995  	43503.532913        	0.9209013196495652  	0.2620695050866162  	0.03838180401709834 
30487     	0.6476868327402135  	40736.15998799999   	44392.166716        	0.9176429762622446  	0.2628542550897896  	0.03873374305208369 
30512     	0.648936170212766   	40900.101624999996  	44556.819266        	0.9179313581795472  	0.2637015529108702  	0.03908635765836291 
30538     	0.6501766784452296  	40995.229482999996  	44651.947124        	0.9181061996950509  	0.26457990745323645 	0.039437942486004074
30589     	0.6491228070175439  	41045.49907         	44702.216711        	0.9181982928354382  	0.26442547352423357 	0.03960083648361972 
30615     	0.6503496503496503  	41167.923851        	44824.641492        	0.918421709147353   	0.2652501501319274  	0.039902336395300365
30641     	0.6515679442508711  	41666.406952        	45407.272384        	0.9176152797647859  	0.2661979225316721  	0.04022727872370887 
30666     	0.6527777777777778  	41878.8891          	45619.754532000006  	0.9179990013015968  	0.26722433723280814 	0.040552741932583555
30769     	0.6472602739726028  	41967.688851        	45708.554283000005  	0.9181583077679769  	0.26520412792038883 	0.04033626822582049 
30820     	0.6462585034013606  	42144.936842999996  	45885.802275        	0.9184744464185135  	0.2649289891313742  	0.04038223145663419 
30846     	0.6474576271186441  	42261.62272         	46002.488152000005  	0.9186812369878874  	0.26560450518221757 	0.04056532589919816 
30871     	0.6486486486486487  	42382.385914        	46123.251346000005  	0.9188941515866395  	0.26631822720976733 	0.040749087635092426
30897     	0.6498316498316499  	42464.424683        	46205.290115        	0.9190381572610107  	0.2670267445582283  	0.04093326245323311 
30948     	0.6488294314381271  	43150.38173         	47123.363165        	0.9156897732216435  	0.2668714205802998  	0.04100064840554892 
30974     	0.65                	43223.015176        	47195.996611        	0.9158195245298832  	0.2676367067250703  	0.041204424675110936
31105     	0.6447368421052632  	43438.356512        	47429.460706000005  	0.915851790541335   	0.26549338341976475 	0.04088827645857538 
31157     	0.6437908496732027  	43526.318801        	47517.42299500001   	0.9160075622278597  	0.26508897246014224 	0.0407938142940035  
31184     	0.6449511400651465  	43991.387833        	48061.026256000005  	0.9153235221960758  	0.2656296068757758  	0.040846093810177904
31210     	0.6461038961038961  	44295.122110000004  	48438.148135        	0.9144677039788321  	0.2662184223895454  	0.040916778643814745
31236     	0.6472491909385113  	44496.877932        	48666.915681000006  	0.9143147312573987  	0.26686677941590914 	0.04099292611056226 
31263     	0.6483870967741936  	44545.332954000005  	48715.37070300001   	0.9143999585998592  	0.2674775414375335  	0.04106741703013788 
31289     	0.6495176848874598  	44850.331599000005  	49043.26926900001   	0.9145053392137881  	0.26815301870921526 	0.0411569032791955  
31368     	0.6464968152866242  	45507.86215000001   	49889.88402400001   	0.9121661242609426  	0.2671408204182772  	0.04102437236783502 
31447     	0.6435331230283912  	45663.58937400001   	50045.611248000016  	0.912439437450669   	0.2660432170729238  	0.04087813995567714 
31500     	0.6426332288401254  	46209.22664500001   	50678.48370500001   	0.9118115473616851  	0.26586272084216933 	0.040889933215432744
31552     	0.6417445482866043  	46434.26865300001   	50953.468021000015  	0.9113073252219562  	0.26568792362811605 	0.040912428601778524
31578     	0.6428571428571429  	46767.08294700001   	51286.28231500002   	0.9118828824393409  	0.2663823122679349  	0.041076424467182154
31631     	0.6419753086419753  	46851.99838300001   	51371.19775100002   	0.9120285380554118  	0.2660974570169649  	0.04109145275276969 
31657     	0.6430769230769231  	47047.257416000015  	51575.05863400002   	0.9122094799710974  	0.26668520849794664 	0.04123666863055016 
31684     	0.6441717791411042  	47228.97768400001   	51756.77890200002   	0.9125177162478896  	0.2672433206938948  	0.04138587605230357 
31736     	0.6432926829268293  	47442.21887100001   	51970.02008900002   	0.9128766698522335  	0.2670376136664329  	0.04141498030508275 
31763     	0.6443768996960486  	47631.88612800001   	52159.68734600002   	0.9131934747237853  	0.2675287405408843  	0.041558280148097614
31789     	0.6454545454545455  	47895.13932000001   	52422.94053800002   	0.9136293925611074  	0.2680855504282012  	0.041708533369562824
31842     	0.6445783132530121  	48342.03471000001   	52910.056421000016  	0.9136643953910629  	0.26768925584048975 	0.04172107049131782 
31973     	0.6379821958456974  	48621.447162000004  	53212.220750000015  	0.913727081424242   	0.2648429447762188  	0.041310131590901876
32065     	0.6352941176470588  	49182.175110000004  	53856.506968000016  	0.9132076675381608  	0.26350979517247813 	0.04113465796977902 
32086     	0.6363636363636364  	49489.836406        	54199.98531100002   	0.9130968601195528  	0.26378793557450925 	0.041218044872076184
32130     	0.6355685131195336  	49852.541643000004  	54702.533060000016  	0.911338814755062   	0.26334808191397246 	0.041205218939030674
32173     	0.6347826086956522  	49924.28447500001   	54774.27589200002   	0.9114549423425903  	0.2628166339326393  	0.04118521578141579 
32239     	0.632183908045977   	50354.02841400001   	55204.01983100002   	0.9121442345711845  	0.2615137784380624  	0.04105300441756238 
32260     	0.6332378223495702  	50476.30089300001   	55326.29231000002   	0.912338397993039   	0.2616367919845893  	0.04113558468081595 
32282     	0.6342857142857142  	50666.429714000005  	55516.42113100002   	0.9126386154187485  	0.2617404584244551  	0.04121990356333103 
32304     	0.6353276353276354  	51075.814451000006  	55969.682275000014  	0.9125621653531174  	0.2619156366674682  	0.04132114365339969 
32326     	0.6363636363636364  	51184.17088700001   	56078.038711000016  	0.9127311165566843  	0.2621202095625993  	0.04142239724342401 
32347     	0.6373937677053825  	51391.852730000006  	56288.40121800001   	0.9130096364073993  	0.26234107915246835 	0.04151507314045685 
32369     	0.6384180790960452  	51552.08854800001   	56448.637036000015  	0.9132565683582893  	0.26261393439765274 	0.041609168516636375
32413     	0.6376404494382022  	52224.59594500001   	57268.01862000002   	0.9119329986171607  	0.26224129757585735 	0.04162419782419988 
32434     	0.6386554621848739  	52383.31646500001   	57426.73914000002   	0.9121764050940677  	0.2625975387051565  	0.041753728921279216
32456     	0.6396648044692738  	52536.675871000014  	57580.09854600002   	0.9124103153284657  	0.2629514888152615  	0.04188159597213279 
32478     	0.6406685236768802  	52683.155992000015  	57733.91538600002   	0.9125165968697704  	0.26325363004949487 	0.0420052535433239  
32500     	0.6416666666666667  	52937.18955900001   	57987.94895300002   	0.9128998441021994  	0.26360557058030465 	0.04213643296922905 
32521     	0.6426592797783933  	53471.717395000014  	58522.47678900002   	0.9136953924180229  	0.26404033708475916 	0.042289402296722435
32543     	0.643646408839779   	53521.83236600002   	58572.591760000025  	0.9137692350255664  	0.26448905741638107 	0.04244213802560373 
32608     	0.6410958904109589  	53687.420289000016  	58738.179683000024  	0.9140123268841817  	0.263469231975467   	0.04234761778043183 
32695     	0.6368563685636857  	53760.37208500002   	58811.131479000025  	0.9141189896031245  	0.2617231823377403  	0.04213909839544329 
32717     	0.6378378378378379  	54449.60100000002   	59697.72028000002   	0.9120884473412926  	0.2622191281129014  	0.042316254787112775
32739     	0.6388140161725068  	54637.23601700002   	59885.355297000024  	0.9123638950796554  	0.26271651725102996 	0.04249349815379142 
32782     	0.6380697050938338  	54839.384008000015  	60087.50328800002   	0.9126587228155293  	0.2624470758611174  	0.04253760155483615 
32826     	0.6373333333333333  	54879.02093000001   	60127.14021000002   	0.9127162997995509  	0.26219986499282844 	0.04258124952942614 
32869     	0.636604774535809   	54909.60106900001   	60157.72034900002   	0.9127606689622965  	0.26196655251413714 	0.04262453223019338 
32913     	0.6358839050131926  	55042.52100200001   	60290.640282000015  	0.9129530014036549  	0.2616117040431212  	0.042604718716686085
32934     	0.6368421052631579  	55456.08781600001   	60751.33140300002   	0.9128374067742897  	0.2620058610223892  	0.04271277631860638 
32956     	0.6377952755905512  	55626.763529        	60922.007116000015  	0.9130815966565665  	0.26242548133470933 	0.042824797328609936
32978     	0.6387434554973822  	55908.467578        	61245.83047900002   	0.9128534488101996  	0.26286939200696763 	0.04295099531244831 
33000     	0.639686684073107   	56266.343778        	61690.62873700002   	0.9120727885247389  	0.2633692255086834  	0.043095661340360907
33047     	0.640625            	56798.52866         	62265.17469900002   	0.9122037950519425  	0.2639332349810422  	0.043253037643540354
33119     	0.6382428940568475  	56893.263061000005  	62359.90910000002   	0.9123371711425408  	0.26297653059791415 	0.04314812706360912 
33142     	0.6391752577319587  	57627.796886000004  	63318.365828000016  	0.9101276720018635  	0.2634395423613034  	0.0433039831157047  
33166     	0.6401028277634961  	57794.365824        	63490.221483000016  	0.910287670668701   	0.26394990835996995 	0.0434611078299572  
33214     	0.639386189258312   	57958.090979        	63653.946638000016  	0.9105184209332322  	0.2638251863725329  	0.043509870201303126
33285     	0.6370558375634517  	58109.648712        	63805.666829000016  	0.9107286484088409  	0.2630630726655615  	0.04344810167391535 
33309     	0.6379746835443038  	58376.388895000004  	64093.07645500002   	0.9108064727706787  	0.26371660691163695 	0.04361111959796427 
33333     	0.6388888888888888  	58462.328902        	64179.016462000014  	0.9109259088851132  	0.2643881294790178  	0.04377407285837778 
33357     	0.6397984886649875  	58853.406342        	64647.55617600001   	0.9103732580667752  	0.26512677764666426 	0.04395556477006348 
33380     	0.6407035175879398  	58944.979069        	64739.12890300001   	0.9105000340260755  	0.2658869830802093  	0.04413711531914379 
33404     	0.6416040100250626  	58988.076244        	64782.226078000014  	0.9105595749824396  	0.26655325324359014 	0.044299233122720286
33452     	0.6408977556109726  	59140.699803        	64934.849637000014  	0.9107697967056123  	0.26659869751987614 	0.044350828791078684
33476     	0.6417910447761194  	59539.909982000005  	65378.18073800002   	0.9107000119902906  	0.26734748154940824 	0.0445247514407638  
33500     	0.6426799007444168  	59755.256632000004  	65616.90124900002   	0.9106686767368591  	0.26812484396248937 	0.04470515207676751 
33523     	0.6435643564356436  	59940.878679        	65809.92092900001   	0.9108182753124424  	0.2688762409525418  	0.04484635674600104 
33547     	0.6444444444444445  	59995.88938         	65864.93163000002   	0.9108927603087832  	0.2695847350057126  	0.04497227802829288 
33571     	0.645320197044335   	60198.840727        	66068.07949900001   	0.9111637750558672  	0.2703426801266678  	0.04509920249248549 
33595     	0.6461916461916462  	60281.442931000005  	66150.68170300001   	0.9112747046455029  	0.271079609029555   	0.045223106017220197
33619     	0.6470588235294118  	60408.033883000004  	66277.27265500001   	0.9114441717819053  	0.2718408173701952  	0.04534808410659263 
33642     	0.6479217603911981  	60596.84059000001   	66472.040741        	0.9116139645254464  	0.2726494784081776  	0.045474190322580495
33690     	0.6472019464720195  	60715.126414000006  	66590.32656500001   	0.9117709665342291  	0.2727872786680759  	0.045484279109640126
33714     	0.6480582524271845  	60760.27899500001   	66635.47914600001   	0.9118307510308841  	0.2735694923206595  	0.045604426771840026
33738     	0.648910411622276   	60990.31272500001   	66865.54161200002   	0.9121336828303562  	0.2743674556363833  	0.04572488317034219 
33761     	0.6497584541062802  	61186.72389100001   	67070.54099300002   	0.9122741964670587  	0.2752177297177967  	0.04584674821085929 
33785     	0.6506024096385542  	61231.03120900001   	67114.84831100002   	0.9123321105527156  	0.27607443614306815 	0.045968287898834115
33809     	0.6514423076923077  	61343.75583000001   	67227.57293200002   	0.9124791087140475  	0.2768671153828755  	0.04605319541133835 
33857     	0.6507177033492823  	61491.67489300001   	67375.49199500002   	0.9126712558561109  	0.277016399619044   	0.046032068133828874
33904     	0.65                	61566.518954000014  	67450.33605600001   	0.9127681573429817  	0.27714666218937306 	0.046007526875890076
33928     	0.6508313539192399  	61638.55821300001   	67522.37531500001   	0.9128612245266656  	0.27787645744806466 	0.04608151534490853 
33952     	0.6516587677725119  	61702.23636900001   	67586.053471        	0.9129433248454929  	0.2785230736546288  	0.046153086762363696
33976     	0.6524822695035462  	61930.70075500001   	67814.51785700001   	0.9132366152863143  	0.2791923044950925  	0.046232090657423   
34000     	0.6533018867924528  	62222.81582100001   	68140.43370500002   	0.9131555588621711  	0.27988913180672875 	0.046316886287181835
34056     	0.6525821596244131  	62345.76791200001   	68263.38579600002   	0.9133119780831798  	0.2798760114015261  	0.04627925099418879 
34075     	0.6533957845433255  	62437.51841300001   	68355.13629700002   	0.9134283361196411  	0.28050170679994557 	0.04634974592123476 
34094     	0.6542056074766355  	62704.73178800001   	68622.34967200003   	0.9137654435867477  	0.2811671096877942  	0.04642789592082733 
34113     	0.655011655011655   	62839.93680800001   	68757.55469200002   	0.9139350154247338  	0.28183743957652446 	0.04650923332808647 
34150     	0.654292343387471   	62994.26036800001   	68911.87825200002   	0.9141277522234962  	0.28183927598430625 	0.0464853162971187  
34169     	0.6550925925925926  	63136.93907800001   	69054.55696200002   	0.9143051792040834  	0.2825320791315833  	0.04657182468861699 
34207     	0.6543778801843319  	63236.63302200001   	69154.25090600002   	0.9144287183148914  	0.28259117054050126 	0.04655101817344895 
34226     	0.6551724137931034  	63315.44985000001   	69233.06773400001   	0.9145261350149029  	0.2833269421116703  	0.046637471587530316
34264     	0.6544622425629291  	63375.93107700001   	69293.54896100001   	0.9146007388461144  	0.28322263801380193 	0.04658396499353636 
34283     	0.6552511415525114  	63616.10884000001   	69533.72672400001   	0.9148957180522083  	0.2838053479617126  	0.04664274294584447 
34301     	0.6560364464692483  	63695.28468900001   	69612.90257300001   	0.9149925133807708  	0.28440481244852556 	0.04670214509887494 
34320     	0.6568181818181819  	63792.37765400001   	69709.99553800002   	0.9151109128851656  	0.2849660190389457  	0.046762233529836654
34377     	0.654627539503386   	63893.96155100001   	69811.57943500002   	0.9152344362942     	0.28420390148575053 	0.04660794063617753 
34396     	0.6554054054054054  	64102.493932000005  	70020.11181600002   	0.9154868832607633  	0.28475045466503485 	0.046672213664890015
34415     	0.6561797752808989  	64295.90139400001   	70213.51927800002   	0.9157196798444174  	0.2853428277610681  	0.0467386537433502  
34433     	0.6569506726457399  	64401.19910600001   	70318.81699000002   	0.9158458839709782  	0.28594896130166453 	0.04680780737246852 
34471     	0.65625             	64634.467413000006  	70552.08529700003   	0.9161241250476313  	0.28589246786131933 	0.046776828979054164
34490     	0.6570155902004454  	64762.071943        	70679.68982700002   	0.9162755538615923  	0.28646928759191714 	0.04684989247522812 
34584     	0.6519823788546255  	65110.664062        	71074.94488600003   	0.9160846225970858  	0.2844238420345946  	0.04650957821724436 
34660     	0.648471615720524   	65372.212125000005  	71354.38063100002   	0.91616256138588    	0.2830101871608004  	0.04627073382446767 
34698     	0.6478260869565218  	65528.638622000006  	71510.80712800001   	0.9163459518042876  	0.2828148700571693  	0.04622692938209108 
34716     	0.648590021691974   	65797.421675        	71800.28781800001   	0.9163949571035687  	0.2832706841252953  	0.046291968991577864
34735     	0.6493506493506493  	66070.32690500001   	72096.26236200001   	0.9164181989526254  	0.28374642780571446 	0.046362233575856636
34773     	0.6487068965517241  	66725.172833        	72959.63625400001   	0.9145491433195269  	0.2836620866100714  	0.04636689735644719 
34811     	0.648068669527897   	66895.82755300001   	73130.29097400002   	0.914748548953312   	0.2835944573533749  	0.046372812393918154
34830     	0.6488222698072805  	66997.37731200001   	73231.84073300002   	0.9148667661689595  	0.2841600390068926  	0.04647805505150061 
34849     	0.6495726495726496  	67329.81086600001   	73649.39940500002   	0.9141936174625347  	0.2847447525471518  	0.046597033060834056
34867     	0.650319829424307   	67495.05130600001   	73814.63984500001   	0.9143857024531961  	0.28535130709567436 	0.04671924959257322 
34886     	0.6510638297872341  	67757.224908        	74076.81344700001   	0.9146887096659266  	0.2859929692899778  	0.046846563140721484
34905     	0.6518046709129511  	67886.242195        	74205.830734        	0.9148370353584026  	0.2866424185358972  	0.046970605500647286
34943     	0.6511627906976745  	68001.683626        	74321.272165        	0.9149693169275959  	0.2866759224478907  	0.046995164003704376
34981     	0.6505263157894737  	68446.626212        	74825.77428900001   	0.9147466479616798  	0.28666207186121095 	0.04701128256128251 
35000     	0.6512605042016807  	68661.107174        	75065.620748        	0.9146811348499955  	0.2872573797409489  	0.047123541582569636
35040     	0.6519916142557652  	69004.47227700001   	75408.985851        	0.9150696233118076  	0.2878671298049488  	0.04723474100154902 
35061     	0.6527196652719666  	69174.960573        	75579.474147        	0.9152612048934954  	0.2884722882657203  	0.0473488406395375  
35081     	0.6534446764091858  	69288.463197        	75692.976771        	0.9153882718422334  	0.2890946649140284  	0.04746379732348754 
35102     	0.6541666666666667  	69376.30509400001   	75780.818668        	0.9154863501533478  	0.2897173551947324  	0.04757628683544182 
35142     	0.6535269709543569  	69764.38468900001   	76168.89826300001   	0.9159169461545033  	0.28968083324111493 	0.04755779037141878 
35163     	0.6542443064182195  	70116.22477600002   	76549.56861500001   	0.9159584573055404  	0.2903013550604222  	0.04763544127143249 
35183     	0.6549586776859504  	70254.80887400002   	76688.15271300002   	0.9161103298044442  	0.29095299400237673 	0.047713565309362285
35204     	0.6556701030927835  	70447.39548400002   	76880.73932300002   	0.916320473818917   	0.2916253414236466  	0.047797242384605934
35244     	0.6550308008213552  	70565.01538000003   	76998.35921900002   	0.9164482996228248  	0.2917060670646483  	0.04778179360870534 
35265     	0.6557377049180327  	70596.59827900003   	77029.94211800002   	0.9164825564954348  	0.29235613274804656 	0.047857368976208466
35285     	0.656441717791411   	71076.62620900002   	77649.22225100001   	0.915355288160464   	0.2930695070362105  	0.04794851917644103 
35306     	0.6571428571428571  	71215.28397500003   	77790.66502500001   	0.9154733919823566  	0.2938187278417911  	0.04804055726167823 
35326     	0.6578411405295316  	71397.88094700003   	77987.84969300001   	0.9155000583816394  	0.2945820244559848  	0.048133631637402814
35346     	0.6585365853658537  	72262.01896800003   	79210.77885500001   	0.912275071809102   	0.2953577756859217  	0.04826189740496009 
35367     	0.6592292089249493  	72548.31723000003   	79497.07711700001   	0.9125910015940193  	0.29613582486748585 	0.048389674670278236
35408     	0.6585858585858586  	72730.63536900003   	79697.851068        	0.9125796291162808  	0.29626757359514433 	0.04841246258360082 
35428     	0.6592741935483871  	72916.15236200002   	79883.368061        	0.912782649653934   	0.2969644486761193  	0.04852881933031306 
35469     	0.6586345381526104  	73388.72354700002   	80464.143877        	0.9120674130229275  	0.29713319836820345 	0.04856249754648718 
35510     	0.658               	73656.03703900002   	80772.252069        	0.9118977761828292  	0.29730151132686833 	0.04860015480505075 
35571     	0.6560636182902585  	73943.63616200002   	81083.128355        	0.9119484862283349  	0.2968645449620317  	0.048546051716645285
35612     	0.6554455445544555  	74165.18260000003   	81314.884584        	0.9120738838826712  	0.29708107197044215 	0.048590931103045604
35632     	0.6561264822134387  	74296.14065300002   	81445.842637        	0.9122152616694528  	0.29788016680505736 	0.04872713774515502 
35653     	0.6568047337278107  	74404.12824600002   	81553.83022999999   	0.9123314997733863  	0.2986932823412199  	0.048858881337847625
35673     	0.65748031496063    	74652.50189300002   	81860.81219299999   	0.9119443100197293  	0.2995431282455749  	0.048996683719113254
35734     	0.6555772994129159  	74795.18574800002   	82009.35706299999   	0.9120323390725036  	0.29922029068164663 	0.04894144003499246 
35775     	0.6549707602339181  	74968.79900000001   	82182.97031499998   	0.9122181726049972  	0.29943262298422885 	0.04898289001541986 
35836     	0.6531007751937985  	75089.66105800001   	82304.17059399998   	0.9123433298223904  	0.29908105897796844 	0.04892983394985479 
35857     	0.6537717601547389  	75282.84443100002   	82538.20865499998   	0.9120969022440681  	0.29990909768020224 	0.049072418998924505
35897     	0.653179190751445   	75428.52669400001   	82698.96020799997   	0.9120855510672231  	0.30010792602055053 	0.049104252974099004
35938     	0.6525911708253359  	75525.68211600001   	82796.11562999997   	0.9121887124935892  	0.3002969530200998  	0.049133955328236216
35959     	0.6532567049808429  	76266.32512400001   	83865.23437799996   	0.9093914264908637  	0.3011514751518974  	0.04929415718147725 
36000     	0.6526717557251909  	76561.79322800001   	84199.86088999997   	0.9092864574683983  	0.3014219578402106  	0.04934927460361342 
36121     	0.650853889943074   	76592.02722300001   	84230.09488499997   	0.9093190186663297  	0.3010664705539943  	0.04930814368103327 
36151     	0.6515151515151515  	76951.43553500001   	84589.50319699997   	0.9097043087697098  	0.3018396204874497  	0.049459538190853095
36181     	0.6521739130434783  	77197.454477        	84915.67496499997   	0.9091072350166066  	0.302651603136532   	0.049619557636597   
36212     	0.6528301886792452  	77338.978344        	85057.19883199997   	0.9092584684896038  	0.3034916570499341  	0.04977985406975172 
36242     	0.6534839924670434  	77470.734031        	85188.95451899996   	0.9093988119518647  	0.3043324764605026  	0.04994051776696313 
36272     	0.6541353383458647  	77795.336106        	85547.65583099997   	0.9093801034090901  	0.30520277220133807 	0.05009562846989981 
36303     	0.6547842401500938  	78037.913443        	85796.59536099997   	0.9095688834113481  	0.30597915176150237 	0.05024572714812945 
36333     	0.6554307116104869  	78070.807057        	85829.48897499997   	0.9096035405703058  	0.3067381685054963  	0.05039170664531795 
36363     	0.6560747663551402  	78292.060285        	86050.74220299997   	0.9098359674842005  	0.3074299425655308  	0.05050690947189762 
36424     	0.6554934823091247  	78472.417589        	86231.09950699998   	0.9100245507437819  	0.30747569643584666 	0.05051242577946479 
36484     	0.6549165120593692  	78497.29419         	86255.97610799997   	0.9100505000571157  	0.30751353482483756 	0.05051552244920414 
36515     	0.6555555555555556  	78875.480353        	86683.30815899998   	0.9099269747333781  	0.3081379276197966  	0.050623548066084656
36545     	0.6561922365988909  	79118.795026        	86948.54789999998   	0.9099495844024329  	0.3087506383736338  	0.050708215102816555
36575     	0.6568265682656826  	79402.22839500001   	87256.95423799998   	0.9099816637929442  	0.309275417614993   	0.050781482872043475
36696     	0.6538461538461539  	79791.16972700001   	87664.48882099998   	0.910188045354644   	0.3080222594650437  	0.05056852989553983 
36727     	0.6544789762340036  	79938.48832800002   	87811.80742199998   	0.9103387195281962  	0.3084737157853607  	0.050633937252892176
36757     	0.6551094890510949  	80037.02121700002   	87910.34031099998   	0.9104392149302737  	0.30894800446866855 	0.05069974747517976 
36787     	0.6557377049180327  	80327.50629200002   	88271.98574599998   	0.9099999916523918  	0.3093384200698953  	0.05076042540101701 
36818     	0.6563636363636364  	80577.69982000002   	88522.17927399998   	0.9102543620236726  	0.3097562832777592  	0.05082516482802357 
36848     	0.6569872958257713  	81055.79310700002   	89041.86709499998   	0.9103110227969556  	0.31015859508879556 	0.05090053453564122 
36878     	0.657608695652174   	81270.54985700002   	89256.62384499998   	0.910526819814871   	0.3105127690887844  	0.05097776564148284 
36909     	0.6582278481012658  	81455.34060400003   	89455.87931399998   	0.9105644171031265  	0.31084337508734783 	0.05105007703706542 
36939     	0.6588447653429603  	81538.89133000003   	89539.43003999998   	0.9106478709276364  	0.31118453585853945 	0.05112305193622632 
36969     	0.6594594594594595  	81678.04673000003   	89678.58543999998   	0.9107865197611446  	0.31153590628498695 	0.05119332596920387 
37000     	0.6600719424460432  	82084.12362300004   	90180.68735099999   	0.9102184296235555  	0.31193001170881585 	0.051275622120266595
37037     	0.6606822262118492  	82320.43704800004   	90417.00077599999   	0.9104530822908132  	0.31234166915274797 	0.0513619499505039  
37055     	0.6612903225806451  	82415.90382600004   	90512.46755399999   	0.9105475306684185  	0.3127183281982421  	0.051442414156591454
37074     	0.6618962432915921  	83145.59655900004   	91383.457774        	0.9098539121229909  	0.3131517277694507  	0.05155051723001371 
37092     	0.6625              	83953.27218400004   	92371.687515        	0.9088636836949319  	0.31362591733754114 	0.05168865684092583 
37111     	0.6631016042780749  	84067.09346500004   	92485.508796        	0.908975844533992   	0.3141065672316291  	0.051831008928612074
37129     	0.6637010676156584  	84584.21756300004   	93048.47562499999   	0.9090338879262005  	0.3146278451677923  	0.051988364906014   
37148     	0.6642984014209592  	84743.27056800004   	93213.67269099999   	0.9091291880421981  	0.3151236759123472  	0.052132243906807776
37203     	0.6625441696113075  	84874.64403100003   	93345.04615399998   	0.9092570792773991  	0.31453417786993476 	0.052091405734390785
37222     	0.6631393298059964  	85501.59209300003   	94285.09882399999   	0.9068409871702426  	0.3151028412196614  	0.05226578599381645 
37277     	0.6614035087719298  	85721.54604900003   	94505.05277999998   	0.9070578083116123  	0.31454785825749587 	0.05226065292812117 
37296     	0.6619964973730298  	86050.87011200003   	94848.48557899999   	0.9072455884425022  	0.3151584626951299  	0.05244134490844954 
37314     	0.6625874125874126  	86197.65434500003   	94995.26981199998   	0.9073889101593076  	0.3157420146793092  	0.05261939466956856 
37351     	0.662020905923345   	86230.30571600003   	95027.92118299998   	0.9074207311127227  	0.3157472676958331  	0.052703025055765844
37370     	0.662608695652174   	86335.78370900002   	95133.39917599998   	0.9075233772449982  	0.31625989516921943 	0.05286740580480961 
37407     	0.6620450606585788  	86393.26493700003   	95190.88040399998   	0.9075792194623901  	0.31611114307259885 	0.05288247916062838 
37444     	0.6614853195164075  	87010.56788700003   	95971.09851099997   	0.9066330305370746  	0.316007391330608   	0.05292103544900239 
37481     	0.6609294320137694  	87201.22890000003   	96177.17584599997   	0.9066727956290551  	0.3159389346324904  	0.05296144726960746 
37537     	0.6592465753424658  	87718.05506400003   	96694.00200999997   	0.9071716263737677  	0.3153707587398666  	0.05292106690175389 
37555     	0.6598290598290598  	88029.01728000003   	97004.96422599997   	0.907469199977354   	0.31590549271045204 	0.05307122419884322 
37574     	0.6604095563139932  	88675.33178400002   	97853.82995499996   	0.9062019526959665  	0.31645633367677817 	0.05324811520683903 
37592     	0.6609880749574105  	88797.02922300002   	97975.52739399996   	0.9063184612001177  	0.3169711860824873  	0.053425069563946014
37648     	0.6593220338983051  	88919.46329600002   	98097.96146699996   	0.9064353832256996  	0.3164298006693008  	0.05342008283006961 
37666     	0.6598984771573604  	89123.49048600001   	98316.44684599996   	0.9064962510860514  	0.31700252218068314 	0.053597918518490675
37685     	0.660472972972973   	89238.66777300001   	98431.62413299996   	0.9066056621439212  	0.3174774255579923  	0.05373570964203314 
37703     	0.6610455311973018  	89438.99347500001   	98631.94983499996   	0.90679535003233    	0.31795405729166115 	0.05386507167897802 
37722     	0.6616161616161617  	89765.34559200001   	98999.71328799997   	0.906723288489369   	0.31846209924041097 	0.054005569122332606
37740     	0.6621848739495798  	89859.67672900001   	99094.04442499997   	0.9068120819007538  	0.3189881416623681  	0.0541460656222182  
37759     	0.662751677852349   	89989.304933        	99223.67262899996   	0.9069338248491616  	0.31953376942470424 	0.054287342670879986
37777     	0.6633165829145728  	90019.536993        	99253.90468899996   	0.9069621721690978  	0.32007080757945894 	0.05442740937764033 
37814     	0.662771285475793   	90124.735149        	99359.10284499996   	0.9070606775666488  	0.3200922499470233  	0.054476309687872176
37833     	0.6633333333333333  	90520.701735        	99795.68810399996   	0.907060249343296   	0.32068991271112196 	0.05462542194258783 
37870     	0.6627906976744186  	90699.132955        	99974.11932399996   	0.907226125804207   	0.3207478851597469  	0.05468658394689577 
37925     	0.6611570247933884  	90921.597281        	100215.62320799996  	0.9072597103177217  	0.3203117667383247  	0.054658229425685934
37944     	0.6617161716171617  	91073.20747499999   	100367.68848199995  	0.907395685328881   	0.3209024639870962  	0.05480077654497036 
37962     	0.6622734761120264  	91129.500544        	100423.98155099996  	0.9074475950519867  	0.3215031812970325  	0.0549432011769761  
38000     	0.6617405582922824  	91327.11224799999   	100636.27627799996  	0.9074969347605418  	0.3216174001561342  	0.05499635368463105 
38069     	0.6612111292962357  	92058.63509099999   	101539.11418299995  	0.9066322454328913  	0.3217071095139685  	0.05506193083169126 
38093     	0.6617647058823529  	92102.929553        	101583.40864499996  	0.9066729575384592  	0.322284670687721   	0.055215124084815596
38116     	0.6623164763458401  	92496.366052        	102018.57339099995  	0.906662022193696   	0.32288405913166934 	0.05538110272506537 
38139     	0.6628664495114006  	92661.66735         	102188.58420799996  	0.9067712217383463  	0.32347417746675333 	0.05554697330873065 
38162     	0.6634146341463415  	92755.55609900001   	102282.47295699996  	0.9068567997763888  	0.3240788164325038  	0.05570812200616396 
38186     	0.663961038961039   	92966.05010600001   	102492.96696399996  	0.9070480917842273  	0.3245747015225538  	0.055808736099015537
38279     	0.6612903225806451  	93285.34700400001   	102830.65934899997  	0.907174451613659   	0.3234917460641655  	0.05562896804593542 
38302     	0.6618357487922706  	93438.99602500001   	102984.30836999997  	0.9073129441166343  	0.32393689477273147 	0.055687048804663304
38325     	0.662379421221865   	93717.35372500001   	103295.99593099997  	0.9072699564037474  	0.32435229963022183 	0.05573507687608553 
38348     	0.6629213483146067  	94222.767489        	103937.02011799997  	0.9065371258674595  	0.3247876557085587  	0.05579414848860926 
38372     	0.6634615384615384  	94281.077227        	103995.32985599997  	0.9065895301024471  	0.3252121953231469  	0.05585331494044374 
38441     	0.6618819776714514  	94791.798866        	104553.44547299997  	0.9066348644672754  	0.3244812488964849  	0.05574102575484182 
38465     	0.6624203821656051  	94907.186479        	104668.83308599997  	0.9067377908094244  	0.3248008530259806  	0.05580854772134421 
38488     	0.6629570747217806  	95021.73087         	104783.37747699997  	0.9068397407867229  	0.32512511724679277 	0.055879762720278274
38511     	0.6634920634920635  	95126.116709        	104887.76331599997  	0.9069324552417938  	0.3254701667138977  	0.05595128213910228 
38534     	0.6640253565768621  	95771.266018        	105688.06889699996  	0.9061691354332101  	0.3258616615447169  	0.056046752379547114
38558     	0.6645569620253164  	96284.54032999999   	106292.34814699997  	0.9058463944821371  	0.3262909498788849  	0.056158500541273755
38581     	0.665086887835703   	96378.00224699998   	106385.81006399996  	0.9059291101794549  	0.3267018173719151  	0.05626952666139795 
38627     	0.6645669291338583  	96884.55602399998   	106927.46855699996  	0.9060773375772345  	0.3266198315068568  	0.056303059141372944
38674     	0.6640502354788069  	97057.08041799997   	107099.99295099996  	0.90622863497671    	0.32650784673460737 	0.05632113945891938 
38697     	0.664576802507837   	97498.77081999996   	107591.28693099997  	0.9061957859331816  	0.3269556034697025  	0.05643828183312878 
38720     	0.6651017214397497  	97560.94551499996   	107653.46162599996  	0.9062499620675225  	0.32739355347621174 	0.05654303728506673 
38767     	0.6645865834633385  	97731.83763499996   	107830.59469499996  	0.9063460876890789  	0.3272900366598216  	0.05654860128361615 
38813     	0.6640746500777605  	97901.08396999996   	107999.84102999997  	0.9064928525478589  	0.32713788236864466 	0.05652963728246945 
38837     	0.6645962732919255  	98083.97760799996   	108182.73466799996  	0.9066509356507589  	0.32752684963427264 	0.0565993353641957  
38883     	0.6640866873065016  	98161.77536099996   	108260.53242099997  	0.9067180177839114  	0.3273135072829182  	0.05653963710753093 
38906     	0.6646058732612056  	98279.08560799996   	108379.02486499997  	0.9068090964134363  	0.3275857276921296  	0.056552908616535766
38930     	0.6651234567901234  	98506.53763499997   	108615.19949199997  	0.9069314248440472  	0.3278743034590197  	0.056564605226150866
38953     	0.6656394453004623  	98845.08731499997   	108977.18885399996  	0.9070254826211908  	0.32820027586371486 	0.05658284587384333 
38976     	0.6661538461538462  	99049.27223999996   	109181.37377899996  	0.9071993583859007  	0.3285414065947153  	0.05660485070822256 
39000     	0.6666666666666666  	99166.42281299997   	109298.52435199996  	0.9072988258618279  	0.328901459712025   	0.056627436638577416
39040     	0.6671779141104295  	99427.38697299997   	109559.48851199997  	0.9075196345235745  	0.32923356213306854 	0.0566291475490755  
39061     	0.667687595712098   	99597.50330799997   	109729.60484699997  	0.9076630089652874  	0.3295170434035323  	0.056628042253367164
39081     	0.6681957186544343  	99854.72283699996   	109995.30118899996  	0.9078089859986301  	0.32983951783179377 	0.05662774896092287 
39102     	0.6687022900763359  	100330.56844599996  	110506.23706599996  	0.9079176986732199  	0.3301995429726568  	0.05663867367428121 
39122     	0.6692073170731707  	100418.56118399996  	110594.22980399996  	0.9079909626566072  	0.3305688549330603  	0.05665119659021442 
39142     	0.669710806697108   	100500.68731599997  	110676.35593599996  	0.9080592369170141  	0.3309509969719034  	0.05666379304151021 
39183     	0.669195751138088   	100634.26697899996  	110809.93559899996  	0.908170070084475   	0.3308095542838833  	0.056579360342521395
39204     	0.6696969696969697  	100743.66176599996  	110919.33038599996  	0.9082606378474464  	0.3311880916504968  	0.05658121026419009 
39244     	0.6691842900302115  	101010.32512899996  	111206.51188699996  	0.9083130422401826  	0.33110470321876934 	0.05650006376533712 
39285     	0.6686746987951807  	101097.46798499997  	111293.65474299996  	0.9083848330657746  	0.3309568817967642  	0.056416018788791905
39346     	0.6671664167916042  	101201.42615299996  	111397.61291099996  	0.9084703299150033  	0.3303117838450422  	0.056249115046405264
39387     	0.6666666666666666  	101336.78827299997  	111532.97503099997  	0.9085814150015632  	0.3301785748359973  	0.05617089669597115 
39428     	0.6661698956780924  	101541.94654299997  	111744.09991499997  	0.908700742323215   	0.3300849780068392  	0.05609501405040378 
39448     	0.6666666666666666  	101813.48352799997  	112015.63689999997  	0.9089220607556087  	0.33052622612026056 	0.05610441047217608 
39469     	0.6671619613670133  	102288.26071499997  	112574.80107099997  	0.9086248409223272  	0.33096486748452614 	0.056121609192100234
39489     	0.6676557863501483  	102476.04711199997  	112762.58746799997  	0.9087770102923619  	0.33142800985727044 	0.05614130122654737 
39510     	0.6681481481481482  	102757.80491799997  	113063.84013499996  	0.9088476456779246  	0.33191638422831465 	0.05616595777278858 
39530     	0.6686390532544378  	103005.61575099996  	113315.43338699997  	0.9090166508847082  	0.33240119084529723 	0.056189255672650124
39551     	0.6691285081240768  	103093.65850299996  	113403.47613899996  	0.9090872873829445  	0.33285790099193285 	0.056202803330864824
39571     	0.6696165191740413  	103217.93981499996  	113527.75745099997  	0.909186811512155   	0.3333117499759113  	0.05621662787335593 
39591     	0.6701030927835051  	103379.71841299997  	113695.12821999997  	0.9092713120738147  	0.3337620260648873  	0.05622996043024211 
39612     	0.6705882352941176  	103526.24469899996  	113841.65450599996  	0.9093880895199363  	0.3342419226263445  	0.056244391994942605
39632     	0.671071953010279   	103608.15390599996  	113923.56371299997  	0.9094532380238128  	0.3347287515996663  	0.056257223196115994
39673     	0.6705710102489019  	103709.75655899996  	114025.16636599996  	0.9095339201357583  	0.3347284370056366  	0.05618768560482491 
39693     	0.6710526315789473  	104023.61352799996  	114375.14820799996  	0.9094948960313045  	0.33524306881847415 	0.05620840397477842 
39734     	0.6705539358600583  	104289.23172599995  	114640.76640599995  	0.9097045928379432  	0.3351845513195824  	0.05614330138919875 
39755     	0.6710334788937409  	104446.97711099996  	114799.81556099995  	0.9098183355137978  	0.3356356333034461  	0.05616131755231787 
39775     	0.6715116279069767  	104740.34506899996  	115118.03839699995  	0.9098517185272813  	0.3360859643817496  	0.056181333092293805
39795     	0.6719883889695211  	104914.09257299996  	115298.79701099996  	0.9099322394750635  	0.33656051998490366 	0.056202792444981525
39857     	0.6705202312138728  	105022.61091199996  	115407.31534999996  	0.9100169308461432  	0.3360578332813226  	0.05606180190194607 
39897     	0.670028818443804   	105371.50431099995  	115845.81858699996  	0.9095840108537554  	0.33604933698414885 	0.05601139503358145 
39918     	0.6705035971223021  	105468.84490299995  	115943.15917899995  	0.9096599199972709  	0.336532523519781   	0.05604333925074941 
39938     	0.6709770114942529  	105583.40667199995  	116060.51948399995  	0.9097271590840642  	0.3370330052350873  	0.05607585302076502 
39959     	0.6714490674318508  	105765.75207799995  	116248.59694799995  	0.9098239020064116  	0.3375622546406295  	0.056109362708172   
39979     	0.671919770773639   	106024.22997199994  	116549.23454799995  	0.9096947773460892  	0.3381032523283986  	0.05614598473234551 
40000     	0.6723891273247496  	106151.36163199994  	116676.36620799995  	0.9097931747613994  	0.33866476819925717 	0.05618326606571352 
40066     	0.6728571428571428  	106261.41516699994  	116786.41974299995  	0.909878181049121   	0.3392212278939896  	0.0562203485394815  
40166     	0.6714082503556188  	106425.40307799994  	116950.40765399995  	0.9100045499017119  	0.3386519607354466  	0.056085232236464326
40200     	0.671875            	106627.38403199994  	117157.25593299995  	0.910121897127551   	0.3390461521776334  	0.056110437164748395
40266     	0.6713881019830028  	106806.44263999995  	117336.31454099996  	0.9102590537107705  	0.3388934774003712  	0.05604755721318843 
40300     	0.6718528995756718  	106969.01012399995  	117498.88202499996  	0.9103832162525632  	0.3392278550424211  	0.05606493695400934 
40333     	0.672316384180791   	107328.90879199994  	117895.88371699996  	0.9103702810323282  	0.33952962431758765 	0.05608461394054298 
40366     	0.6727785613540197  	107344.42512399994  	117911.40004899996  	0.9103820756889601  	0.33975913309803957 	0.05608904311820185 
40433     	0.6722925457102672  	107825.27613399994  	118433.98683499996  	0.9104251154207966  	0.33953184303740336 	0.05602373430869007 
40466     	0.672752808988764   	107964.08313299993  	118572.79383399995  	0.9105299760765353  	0.33978511110896376 	0.056037161977593467
40533     	0.6722689075630253  	108237.18653899993  	118850.31933699995  	0.9107016888368091  	0.3396062520533137  	0.055973884509067366
40566     	0.6727272727272727  	108291.69906399993  	118904.83186199995  	0.9107426281017954  	0.33989010107698625 	0.055988337165792885
40600     	0.6731843575418994  	108639.05183399993  	119252.18463199995  	0.9110026132372244  	0.3401821756118912  	0.056010022228926856
40633     	0.6736401673640168  	109018.31035999993  	119718.04075999995  	0.9106255804716193  	0.3404487469601489  	0.05602996186591842 
40666     	0.6740947075208914  	109731.49564199994  	120639.66850799994  	0.9095805467562549  	0.34070527092511466 	0.05606803325901901 
40700     	0.674547983310153   	109777.93684799994  	120686.10971399995  	0.9096153410541609  	0.340961862293812   	0.05610742169173671 
40766     	0.6740638002773925  	109867.77576799993  	120775.94863399994  	0.9096825734811143  	0.34072810969002654 	0.056068529981063056
40800     	0.6745152354570637  	110011.56041699993  	120922.20354499994  	0.9097713835165125  	0.34099350282148094 	0.05610799955067071 
40833     	0.6749654218533887  	110193.25566499993  	121103.89879299994  	0.9099067557961176  	0.34121690623714324 	0.05614295770547883 
40866     	0.675414364640884   	110320.68649699993  	121231.32962499994  	0.9100014562097977  	0.3414577534268035  	0.056179634471279265
40900     	0.6758620689655173  	110427.64806899993  	121338.29119699994  	0.9100807913119039  	0.34165758619521086 	0.056209520768967645
40933     	0.6763085399449036  	110460.96491399992  	121371.60804199993  	0.9101054743855379  	0.3418308163431368  	0.056239036144272   
40966     	0.6767537826685007  	110578.52679099992  	121489.16991899993  	0.9101924629555505  	0.3420064059337341  	0.05626879344911521 
41071     	0.6762688614540466  	110649.72207199992  	121560.36519999993  	0.9102450612907502  	0.34170458015751226 	0.056220848575517   
41107     	0.6767123287671233  	110752.46023199991  	121663.10335999992  	0.9103208546660566  	0.3417975098301267  	0.05622992031894672 
41142     	0.6771545827633378  	111194.9229479999   	122188.91293499993  	0.9100246518041418  	0.34192700715170987 	0.05624819416125536 
41178     	0.6775956284153005  	111409.4646069999   	122403.45459399992  	0.9101823553635312  	0.34204677081230545 	0.056262054512072286
41214     	0.6780354706684857  	111894.4148529999   	122989.69317599993  	0.9097869257457002  	0.34214318098711977 	0.0562753738751644  
41250     	0.6784741144414169  	112311.54031899989  	123451.60119799993  	0.9097617141382163  	0.34224128426905004 	0.05628924581772462 
41321     	0.6779891304347826  	113033.7632319999   	124400.08875499993  	0.9086308889587251  	0.3418714769596018  	0.05624599204526894 
41357     	0.6784260515603799  	113247.94037899989  	124614.26590199993  	0.9087879269622402  	0.34198629303658235 	0.05628244911162013 
41392     	0.6788617886178862  	113767.71523999989  	125179.06669799992  	0.9088397784149451  	0.34209490652373936 	0.056328016664737864
41428     	0.6792963464140731  	113838.06637399989  	125249.41783199992  	0.9088909820458698  	0.34221336185754814 	0.056373943074350646
41464     	0.6797297297297298  	113930.81694399989  	125342.16840199992  	0.9089584008040987  	0.34234499388295825 	0.05642017895625176 
41500     	0.680161943319838   	114401.16057699989  	125907.76853299992  	0.9086108181403898  	0.3424864453014653  	0.05648212922055454 
41571     	0.6796769851951547  	114555.2105029999   	126066.22840099993  	0.9086907092882559  	0.34215995149298956 	0.05646429224106725 
41607     	0.6801075268817204  	114822.6227979999   	126333.64069599993  	0.9088839850210657  	0.3423226480050532  	0.056527438611675196
41642     	0.6805369127516778  	114962.5108889999   	126473.52878699993  	0.9089847653623527  	0.3424980939402478  	0.05659185218255363 
41678     	0.6809651474530831  	115031.5582799999   	126542.57617799993  	0.9090344274182615  	0.342634649083791   	0.05664736535498571 
41750     	0.68048128342246    	115168.96402499989  	126679.98192299993  	0.909133094880004   	0.3422914808687327  	0.056617731366101647
41785     	0.6809078771695594  	115270.4663209999   	126781.48421899993  	0.9092058436694421  	0.34242201478860296 	0.05666404596963059 
41821     	0.6813333333333333  	115691.1960729999   	127344.14009499994  	0.9084924990399493  	0.3425936741634623  	0.05672145222783452 
41857     	0.681757656458056   	116010.3256099999   	127681.75045299994  	0.908589717781976   	0.3427383299428172  	0.05675773928507519 
41892     	0.6821808510638298  	116141.4480279999   	127812.87287099994  	0.9086834950124322  	0.3428823033125591  	0.05679549365602541 
41928     	0.6826029216467463  	116367.24344999989  	128055.13116799993  	0.9087276893054266  	0.3430465854836933  	0.056836384422150964
42000     	0.6821192052980133  	116459.67618899989  	128147.56390699993  	0.908793523952728   	0.3427159135695918  	0.05679333100690177 
42045     	0.6825396825396826  	116550.2508099999   	128238.13852799994  	0.9088579431036573  	0.34284641572639496 	0.05682693615740462 
42068     	0.6829590488771466  	116560.3962069999   	128248.28392499994  	0.9088651531209949  	0.3429616820239284  	0.05685979863238999 
42090     	0.683377308707124   	116616.03479399989  	128303.92251199993  	0.9089046734568313  	0.34307894859397847 	0.05689356125843424 
42113     	0.6837944664031621  	117305.06376999989  	129150.54731199994  	0.9082815846425807  	0.34323861572443826 	0.05694602929716287 
42136     	0.6842105263157895  	117316.38733099989  	129161.87087299993  	0.908289625553293   	0.34339930321325723 	0.05699844660265331 
42159     	0.6846254927726675  	117573.68230399989  	129419.16584599993  	0.9084719526310704  	0.3435730723481871  	0.057054540049588445
42181     	0.6850393700787402  	117667.06802699988  	129512.55156899993  	0.9085379494226923  	0.34375550190980547 	0.057111551483434726
42204     	0.6854521625163827  	117835.87430299989  	129681.35784499993  	0.9086570056109513  	0.3439608183824317  	0.05717036789807128 
42227     	0.6858638743455497  	118371.86796299988  	130338.52485199993  	0.9081878753608095  	0.3441726427523717  	0.05723012734674888 
42272     	0.685378590078329   	118560.79346299988  	130535.67118599993  	0.9082635603417775  	0.3439642701393719  	0.05721618331634245 
42340     	0.6840052015604682  	118838.51081899987  	130813.38854199993  	0.9084583171763393  	0.3432771933853052  	0.05712316682204951 
42363     	0.6844155844155844  	118863.85692999988  	130838.73465299993  	0.908476050653051   	0.34348862399702895 	0.05717902759379922 
42386     	0.6848249027237354  	118957.25268599988  	130932.13040899993  	0.9085413359914525  	0.3437073831456764  	0.057235711755799966
42409     	0.6852331606217616  	119002.53946699988  	130977.41718999993  	0.9085729587595324  	0.34393433283844616 	0.05729253380071636 
42431     	0.685640362225097   	119214.42288299988  	131189.30060599995  	0.9087206222787623  	0.3441016348674618  	0.05734107880150804 
42454     	0.686046511627907   	119261.69514899988  	131236.57287199996  	0.9087535017035255  	0.34427357551150617 	0.057389991228368416
42477     	0.6864516129032258  	119355.62831699988  	131330.50603999995  	0.9088187650830126  	0.3444487262082422  	0.05744112589964315 
42500     	0.6868556701030928  	119577.20406099988  	131561.46604399994  	0.9089075065567299  	0.34465317143389235 	0.05749421070072622 
42522     	0.6872586872586872  	119769.39132199988  	131753.65330499996  	0.9090403819372097  	0.3448711986775678  	0.05754955807180563 
42568     	0.686777920410783   	119970.51346799987  	131954.77545099996  	0.9091790202966142  	0.3446635373169383  	0.05753327655465483 
42613     	0.6862996158770807  	120061.41418699987  	132045.67616999996  	0.9092415417861077  	0.34440779226148316 	0.05750633451246142 
42659     	0.685823754789272   	120246.19491099987  	132249.37651999996  	0.9092382745019227  	0.3441329596978409  	0.05748132991889908 
42727     	0.6844783715012722  	120602.81169299987  	132605.99330199996  	0.9094823596572761  	0.34340080656366523 	0.05738210517393693 
42750     	0.6848792884371029  	120972.08839099987  	132975.26999999996  	0.909733730121397   	0.3435673818509299  	0.057435781858375785
42772     	0.6852791878172588  	121189.88004599986  	133200.80273399997  	0.9098284511694292  	0.34376773404427624 	0.057490476091112776
42795     	0.6856780735107731  	121276.43106499987  	133287.35375299997  	0.9098870046571859  	0.34394693457249104 	0.05754274308473024 
42818     	0.6860759493670886  	121449.61776099987  	133464.72885199997  	0.9099753830517743  	0.3441444663000193  	0.057594945455237904
42863     	0.6856060606060606  	121553.54607499987  	133570.60851599998  	0.9100321352540621  	0.3439235324011974  	0.05757239283114213 
42886     	0.6860025220680959  	121777.26379499988  	133797.54608799997  	0.9101606670342501  	0.3441564233060787  	0.05762119795385409 
42909     	0.6863979848866498  	122102.97087599988  	134146.76701199997  	0.9102192590677737  	0.3444206911008745  	0.05767479311572124 
42931     	0.6867924528301886  	122177.70580699987  	134221.50194299998  	0.9102692492510271  	0.34469071272645607 	0.05772919440025305 
42977     	0.6863237139272271  	122647.35103399988  	134691.14716999998  	0.9105821251874924  	0.34455500694005625 	0.05771897352277696 
43000     	0.6867167919799498  	122933.66001299987  	135000.46735099997  	0.9106165513736593  	0.3448925346556361  	0.05778319121720608 
43052     	0.6871088861076345  	123108.77318199987  	135180.62773999997  	0.9106983392530287  	0.3451922306378806  	0.057835308341340555
43131     	0.685785536159601   	123270.76599299988  	135350.51627199998  	0.9107520930712619  	0.3445943270809537  	0.05773781107427184 
43184     	0.6853233830845771  	123530.51560499988  	135659.95420599997  	0.910589394843953   	0.3443773835102444  	0.05769321696913841 
43210     	0.6857142857142857  	123962.49526299987  	136140.62859699997  	0.9105473989689772  	0.3446145728026486  	0.05772671760205986 
43236     	0.6861042183622829  	124122.43063399987  	136300.56396799997  	0.910652362840852   	0.3448609552169588  	0.057762862265640674
43263     	0.6864931846344485  	124300.45560099988  	136481.38436399997  	0.9107502549174532  	0.34512794920004286 	0.057800031960706384
43342     	0.6851851851851852  	124379.73888999988  	136560.66765299998  	0.9108020708133049  	0.3444566792819322  	0.05767367805418816 
43394     	0.6847290640394089  	124549.76771399987  	136736.68785199997  	0.9108730778151443  	0.3442366776865767  	0.05762034650167704 
43421     	0.6851168511685117  	124763.58101099987  	136950.50114899996  	0.9110122267844722  	0.3443859175856545  	0.057626571973449156
43473     	0.6846625766871166  	124835.34096899987  	137022.26110699997  	0.9110588305904294  	0.34411546186411934 	0.05756340445046251 
43578     	0.6825396825396826  	124914.06090899986  	137100.98104699998  	0.9111098983761299  	0.34291613805053267 	0.05733710148037047 
43605     	0.6829268292682927  	125133.60692899986  	137336.96883799997  	0.9111429208591681  	0.34299175209258637 	0.057324247607858446
43631     	0.6833130328867235  	125414.17173399986  	137649.04018099996  	0.9111154830363364  	0.3430940150124913  	0.05731309793067285 
43657     	0.683698296836983   	125612.72007899986  	137851.74949199997  	0.9112160022770666  	0.34321804303527514 	0.05730179691017166 
43684     	0.68408262454435    	125951.27333099986  	138222.47252599997  	0.9112213884562667  	0.34338742816989026 	0.05729316259022187 
43710     	0.6844660194174758  	126170.96705099985  	138442.16624599998  	0.9113622711364163  	0.34354683781140927 	0.05728373570912976 
43736     	0.6848484848484848  	126260.66237999985  	138531.861575       	0.9114196614736415  	0.3436711074713058  	0.057267038034789414
43789     	0.6844014510278114  	126425.71278099985  	138696.91197599997  	0.9115250727635268  	0.3433948802198642  	0.057182802615001714
43842     	0.6839565741857659  	126495.46314699984  	138766.66234199997  	0.9115695442414193  	0.34311518820772907 	0.05709695599444423 
43868     	0.6843373493975904  	126848.43253999985  	139119.63173499997  	0.9117939068558294  	0.3432717686289931  	0.05708797325207771 
43894     	0.6847172081829122  	126993.91119199985  	139265.11038699996  	0.9118860484086788  	0.3434465119217421  	0.05707979145434258 
43947     	0.6842737094837935  	127198.32685899985  	139469.52605399996  	0.9120151939840325  	0.3431359442586103  	0.056996272237882256
43973     	0.684652278177458   	127264.49085899985  	139535.69005399995  	0.9120569139676654  	0.3432472831620586  	0.05698148518582445 
44000     	0.6850299401197605  	127438.55689799985  	139712.47570499996  	0.9121487272695944  	0.3433573113527114  	0.05696527911000199 
44081     	0.6845878136200717  	127593.79491899985  	139867.71372599996  	0.9122462326720758  	0.3430595168127927  	0.056880266384681286
44108     	0.684964200477327   	128219.44471599985  	140660.23135699995  	0.9115543425389013  	0.3431854117445316  	0.056881112098693266
44135     	0.6853396901072706  	128571.90626999985  	141037.20107699995  	0.9116169726014727  	0.34336540804718974 	0.05688413854979944 
44162     	0.6857142857142857  	129324.52295099985  	141966.61512699994  	0.9109502458399056  	0.34358124236943716 	0.05690652272550632 
44216     	0.6852731591448931  	129678.17302699985  	142343.52604899995  	0.9110226269255111  	0.34339411729240754 	0.05685853931846879 
44270     	0.6848341232227488  	130002.81842499984  	142709.06977099995  	0.9109639536829063  	0.34321997465010673 	0.056804781856830376
44297     	0.685207100591716   	130124.64701699985  	142830.89836299996  	0.9110398975877922  	0.34343555634518824 	0.056820373219308426
44324     	0.6855791962174941  	130212.60948899985  	142918.86083499997  	0.9110946499869635  	0.3436486227999812  	0.05683690516529258 
44351     	0.6859504132231405  	130310.83800799985  	143017.08935399997  	0.911155712905405   	0.34387445006718725 	0.056853409771723575
44378     	0.6863207547169812  	130507.08999599985  	143213.34134199997  	0.9112774604172036  	0.3441193125416692  	0.05687182261949862 
44405     	0.6866902237926973  	131005.81314199985  	143793.99252399997  	0.911065969046894   	0.34439190444524254 	0.05689967225619508 
44432     	0.6870588235294117  	131455.31630599985  	144280.68741099996  	0.9111081924050889  	0.344690677764292   	0.056936914208222174
44459     	0.6874265569917744  	131663.93150699986  	144492.61720499996  	0.9112156320083862  	0.3450184878620187  	0.056975159807371244
44513     	0.6869871043376319  	131740.04555399987  	144568.73125199997  	0.9112623761244869  	0.34487446084050927 	0.05694303879994043 
44540     	0.6873536299765808  	131838.78572199986  	144667.47141999996  	0.911322942385882   	0.3451425212356545  	0.05697871980791096 
44567     	0.6877192982456141  	132092.60639199984  	144955.09594199996  	0.9112656959976991  	0.34535041195333194 	0.057014633901190964
44621     	0.6872812135355892  	132260.36243799984  	145138.22864199994  	0.9112717143891508  	0.3451271313599462  	0.056985750247466195
44648     	0.6876456876456877  	132994.50985499984  	146027.87998999996  	0.9107473851165089  	0.34533895725480246 	0.05703964817096198 
44783     	0.6848203939745076  	133279.76816499984  	146325.69605699996  	0.9108432199979545  	0.3439315482423998  	0.05682481049552032 
44837     	0.684393063583815   	133497.21858699984  	146543.14647899996  	0.91097551673036    	0.3437102018619306  	0.05681109601888078 
44864     	0.684757505773672   	133537.16396999985  	146583.09186199997  	0.9109997768072585  	0.34385545790451283 	0.056841981783723065
44891     	0.6851211072664359  	133840.08649799984  	146929.20156399996  	0.9109154958532957  	0.3440082320632842  	0.056879382347160334
44918     	0.6854838709677419  	133983.38673499983  	147073.50645099996  	0.9109960724274883  	0.34417927275481996 	0.05691748382497177 
45044     	0.6834862385321101  	134098.84124699983  	147188.96096299996  	0.9110658868005006  	0.3430777497563677  	0.056745074784392405
45088     	0.683066361556064   	134199.68710299983  	147289.80681899996  	0.9111267778897545  	0.3427850224514582  	0.05670391050769395 
45111     	0.6834285714285714  	134207.30686699983  	147297.42658299996  	0.9111313753426368  	0.3428543743259686  	0.05672681049281047 
45133     	0.6837899543378996  	134484.56395599982  	147574.68367199996  	0.9112983379649705  	0.34294656335813856 	0.056753226226800624
45155     	0.6841505131128849  	134851.04766299983  	147984.47656799995  	0.9112513068290293  	0.34306423613388576 	0.05678739318850498 
45222     	0.6829545454545455  	135222.09608999983  	148403.29950899995  	0.9111798493523338  	0.34239322725865456 	0.0566935949438464  
45311     	0.6809954751131222  	135419.94211699982  	148601.14553599994  	0.911298103581531   	0.34133811248609547 	0.0565357112037644  
45333     	0.6813559322033899  	135593.00869099982  	148774.21210999993  	0.9114012890267954  	0.34142561789787307 	0.056568425633772366
45355     	0.6817155756207675  	135619.26386799983  	148800.46728699995  	0.9114169218731231  	0.3415166298730923  	0.05660129816676648 
45400     	0.6813063063063063  	135734.55201899982  	148915.75543799993  	0.9114855014485823  	0.34116250180555546 	0.0565592952887727  
45422     	0.6816647919010124  	136180.68623899983  	149443.42621999994  	0.9112524363468778  	0.3412303162971568  	0.056588968250084394
45444     	0.6820224719101123  	136217.91575599983  	149480.65573699994  	0.911274539734861   	0.34129699002445757 	0.05661873296995942 
45488     	0.6816143497757847  	136294.09677099984  	149556.83675199994  	0.9113197345635705  	0.3409897607047178  	0.056584975836485   
45511     	0.6819708846584547  	136423.68248799985  	149686.42246899995  	0.9113965063615117  	0.3410692872884888  	0.05661179988198803 
45533     	0.6823266219239373  	136547.63528999986  	149819.95572699996  	0.9114115314438835  	0.3411371713394283  	0.05663178407380087 
45555     	0.6826815642458101  	136621.72567499985  	149894.04611199995  	0.9114553193988566  	0.3412125881177052  	0.05665210221313119 
45577     	0.6830357142857143  	136658.93513599984  	149931.25557299994  	0.9114772941353916  	0.34128269255004756 	0.0566721284162753  
45644     	0.681868743047831   	136810.26386599985  	150082.58430299995  	0.911566551851181   	0.34057023554885685 	0.056550480074632446
45711     	0.6807095343680709  	137168.33013999986  	150503.64001399995  	0.9113954328761774  	0.3398583078383993  	0.056436700459498924
45733     	0.6810631229235881  	137355.80180699987  	150696.21629599994  	0.9114747880411501  	0.33992271694214593 	0.05644969439614775 
45755     	0.6814159292035398  	138082.13258699985  	151694.73970999994  	0.9102631564613001  	0.3400162861676714  	0.05648154655506947 
45777     	0.6817679558011049  	138136.38399699985  	151748.99111999993  	0.9102952380603604  	0.34010759408779273 	0.05651312872237838 
45800     	0.6821192052980133  	138526.08089399984  	152175.23577399994  	0.9103063332836173  	0.3402313397477094  	0.05654491298146415 
45822     	0.6824696802646086  	138681.56281699985  	152330.71769699996  	0.910397882407739   	0.3403468229521165  	0.056568736507759634
45866     	0.682068206820682   	139089.50021599984  	152786.71383799997  	0.9103507544738261  	0.3401115802444911  	0.05653746896966514 
45888     	0.6824175824175824  	139377.26498199985  	153093.67939799998  	0.9104050900733703  	0.3402828588438891  	0.05657020104804816 
45933     	0.6820175438596491  	139592.80166499986  	153309.216081       	0.910531051122503   	0.340098891253397   	0.05654333360541636 
45955     	0.6823658269441402  	139874.43051899987  	153616.667065       	0.9105420211975739  	0.34032511044582553 	0.05658036614403188 
46000     	0.6819672131147541  	139952.89067499986  	153695.12722099997  	0.9105876887935426  	0.3400718534948086  	0.056534711653534436
46069     	0.6815703380588877  	140187.24574699986  	153929.48229299998  	0.9107238175475559  	0.3398379608883625  	0.05649203752478868 
46116     	0.6811751904243744  	140546.22908899985  	154288.46563499997  	0.9109315366547872  	0.33960882924135055 	0.05645340586177849 
46139     	0.6815217391304348  	140598.95834299986  	154341.19488899998  	0.9109619660785746  	0.3397421520672053  	0.05647551481336962 
46162     	0.6818675352877307  	140673.30093099986  	154415.53747699998  	0.9110048329945618  	0.33986895777059684 	0.056490221554952064
46232     	0.6807359307359307  	140846.07160199987  	154588.30814799998  	0.9111042955923707  	0.33923784168755833 	0.056383591966560946
46255     	0.6810810810810811  	141108.62480099985  	154855.81859999997  	0.9112258491590182  	0.33935470548050073 	0.056391511377609144
46279     	0.6814254859611231  	141174.93029399985  	154922.12409299996  	0.9112638438216374  	0.33943547501263    	0.05639710549935635 
46325     	0.6810344827586207  	141354.26635499985  	155101.46015399997  	0.911366445000901   	0.3391259024670282  	0.05633197414922875 
46372     	0.6806451612903226  	141388.44237599985  	155135.63617499996  	0.9113859707675891  	0.3388204602952903  	0.056267472304184545
46395     	0.6809881847475833  	141443.50987999985  	155190.70367899997  	0.911417414361139   	0.33888669519396336 	0.056263668915247575
46418     	0.6813304721030042  	141510.19239799984  	155257.38619699996  	0.9114554602796362  	0.33895395398902073 	0.05625999611329173 
46441     	0.6816720257234726  	141776.45509699985  	155523.64889599997  	0.9116070520683771  	0.3390384336838379  	0.05625969080452903 
46465     	0.6820128479657388  	141922.38021799986  	155679.14819699997  	0.9116338434637888  	0.33912478367457094 	0.05625899983069715 
46488     	0.6823529411764706  	142012.88002099987  	155769.648          	0.9116851828605268  	0.33922245691621705 	0.05625852275751994 
46511     	0.6826923076923077  	142177.24108499987  	155934.00906399998  	0.9117782704262165  	0.3393305997732893  	0.05625954130695961 
46534     	0.6830309498399146  	142433.41510799987  	156190.18308699998  	0.9119229665584205  	0.3394444554034979  	0.05626057922940284 
46558     	0.6833688699360341  	142706.50325899987  	156485.918874       	0.9119446930806913  	0.33952140248775253 	0.05625611168127294 
46581     	0.6837060702875399  	142885.74077099987  	156665.156386       	0.9120454354186475  	0.33961415135725415 	0.056252768784203364
46604     	0.6840425531914893  	142997.05677799985  	156776.47239299997  	0.9121078858027974  	0.3397168388550303  	0.056250531837068775
46627     	0.6843783209351754  	143073.12878699985  	156852.54440199997  	0.9121505126516493  	0.33980559145809097 	0.05624818207715239 
46651     	0.6847133757961783  	143261.10933099984  	157040.52494599996  	0.9122556701861617  	0.33990749630534056 	0.05624814257170248 
46697     	0.684322033898305   	143679.56584699985  	157497.41564599995  	0.9122661807349406  	0.3396576053121263  	0.05619665685803473 
46720     	0.6846560846560846  	143783.27689299986  	157601.12669199996  	0.9123239148790837  	0.3397817735160068  	0.056204901463586546
46744     	0.6849894291754757  	144289.70274899984  	158152.63054899996  	0.9123446271372324  	0.33991621111539005 	0.05621891114300286 
46813     	0.6838777660695469  	144369.74778799983  	158232.67558799995  	0.9123889692916786  	0.33930357281010237 	0.056112714710901526
46837     	0.6842105263157895  	144506.43642999983  	158369.36422999995  	0.9124645863964764  	0.3394151302954947  	0.0561275467123587  
46860     	0.6845425867507886  	144622.6093619998   	158485.53716199994  	0.9125287515299911  	0.33952485877213295 	0.05614384282484418 
46883     	0.6848739495798319  	144763.0766249998   	158626.00442499993  	0.9126062094909876  	0.3396303844085371  	0.05616035337725683 
46930     	0.6844863731656184  	145036.3850149998   	158904.36042499993  	0.9127275338895086  	0.3393740452944706  	0.05610084984131459 
46953     	0.6848167539267016  	145465.9096259998   	159435.58380499994  	0.9123804495482893  	0.33949897187439    	0.0561073927363272  
46976     	0.6851464435146444  	145499.57838399982  	159469.25256299996  	0.9123989486720565  	0.33962747230086776 	0.05611400546431023 
47000     	0.6854754440961337  	146014.59696699982  	160029.48335699996  	0.9124230979441758  	0.3397727061299346  	0.056128577389639264
47051     	0.68580375782881    	146117.0015569998   	160131.88794699995  	0.9124791035084857  	0.3399182153471739  	0.05614351824891127 
47102     	0.6854166666666667  	146288.9634849998   	160303.84987499996  	0.9125729893516061  	0.33971042138552765 	0.056098998201228975
47128     	0.6857440166493236  	146563.6988099998   	160578.75940899996  	0.9127215788029394  	0.33982068904211027 	0.0561112664812802  
47153     	0.6860706860706861  	146879.2379189998   	160894.29851799997  	0.9128927455597052  	0.3399410098950406  	0.05612784157780216 
47179     	0.6863966770508827  	146953.4618389998   	160968.52243799996  	0.912932911436779   	0.3400554584484096  	0.05614194891016728 
47230     	0.6860103626943005  	147153.29478199978  	161170.32999099995  	0.9130296797817383  	0.3397928978588405  	0.056085973566877126
47256     	0.6863354037267081  	147377.92392799977  	161404.46212699995  	0.9130969614212803  	0.3398799756388273  	0.05608795605741876 
47307     	0.6859504132231405  	147598.84201099977  	161630.02055399996  	0.9131895269523125  	0.33960872670482095 	0.056031231868077985
47358     	0.6855670103092784  	148108.27925299975  	162221.08794999996  	0.9130026257662007  	0.33935371962497785 	0.05598241645639505 
47410     	0.6851851851851852  	148170.53492299977  	162283.34361999997  	0.9130359999850229  	0.33908522705360206 	0.05593124175279096 
47435     	0.6855087358684481  	148614.00895699978  	162763.53560399998  	0.9130669741567566  	0.3391875625289862  	0.05594569198070777 
47487     	0.6851282051282052  	148932.89916799977  	163105.97760299998  	0.9131050949616483  	0.33896931101225974 	0.055904378396238685
47512     	0.6854508196721312  	149117.51920399978  	163298.10598199998  	0.9131613517944703  	0.3391184042314708  	0.05592152233390279 
47538     	0.6857727737973388  	149344.36520399977  	163524.95198199997  	0.9132818165905279  	0.3392808885808851  	0.05594176904386684 
47564     	0.6860940695296524  	149510.29375899976  	163690.88053699996  	0.9133697202221667  	0.33944647294028274 	0.05596343854385834 
47589     	0.686414708886619   	149774.96497999976  	163955.55175799996  	0.9135095663065385  	0.33960280517058505 	0.05597801799577137 
47615     	0.686734693877551   	150010.50239299977  	164201.08609099995  	0.9135780156159516  	0.3397816314669236  	0.055993697352619554
47641     	0.6870540265035678  	150368.07410499977  	164558.65780299995  	0.9137658031035455  	0.3399521963471113  	0.05601315482282286 
47692     	0.6866734486266531  	150889.04583099976  	165129.29722399995  	0.9137630230831595  	0.33980487992830066 	0.05598576964906257 
47717     	0.6869918699186992  	150948.80915499976  	165189.06054799995  	0.9137942225365322  	0.33997158452186454 	0.05601455194837963 
47743     	0.6873096446700507  	151175.41201699976  	165431.90100199994  	0.9138226128174165  	0.3401275481022173  	0.05604142672693162 
47769     	0.6876267748478702  	151324.27954699975  	165580.76853199993  	0.9139000917111639  	0.3402705758204323  	0.05606947279025588 
47794     	0.6879432624113475  	151440.42107299974  	165696.91005799992  	0.9139604415072684  	0.34042236852874197 	0.05609851130754488 
47820     	0.6882591093117408  	151476.44455199974  	165732.93353699992  	0.9139791429455546  	0.3405352569105485  	0.05612435311858032 
47846     	0.6885743174924166  	151731.20439599972  	166003.06612399992  	0.9140265173334842  	0.3406399805313257  	0.056149524068844145
47923     	0.6875              	151798.24978899973  	166070.11151699992  	0.9140612263240442  	0.3400382056153337  	0.05605341666191456 
47948     	0.6878147029204431  	152148.92524999974  	166510.61618399993  	0.9137490974261363  	0.3401286325165679  	0.05607664969512751 
47974     	0.6881287726358148  	152431.76346699975  	166793.45440099994  	0.9138953564720098  	0.34021973148720874 	0.056094161561858626
48000     	0.6884422110552764  	152655.33753799976  	167018.78938399995  	0.9140009821710744  	0.34031316016600843 	0.0561049408538509  
48127     	0.686               	152777.97023299977  	167141.42207899995  	0.9140640801822827  	0.3390250768141973  	0.05588779476852211 
