23513     	1.0                 	104.29275200000001  	105.04294800000001  	0.9928581973917944  	0.010175801401883327	0.0005184141673286621
23540     	1.0                 	320.69169100000005  	345.08349400000003  	0.9293162280314688  	0.020720547656581732	0.0015156181808505219
23567     	1.0                 	430.64054400000003  	455.032347          	0.9463954526292172  	0.02626465804228908 	0.0019971756417116035
23594     	1.0                 	598.215897          	654.278366          	0.9143140413724149  	0.03117636929418034 	0.0028332146360158655
23621     	1.0                 	694.4604860000001   	750.522955          	0.9253021261688126  	0.034708629679144745	0.0035346913115209765
23648     	1.0                 	1361.3086280000002  	1776.3200040000002  	0.7663645204324345  	0.04027839440524394 	0.008270322790750089
23702     	0.875               	1798.2714640000002  	2918.710132         	0.6161185532897585  	0.04001622969099054 	0.01492974672113536 
23756     	0.8                 	1983.0595260000002  	3143.4298870000002  	0.630858519924736   	0.04106130348229793 	0.019577830280881947
23783     	0.8181818181818182  	2185.7557580000002  	3694.077791         	0.591691859690997   	0.04679767684650995 	0.026499215750245   
23837     	0.7692307692307693  	2271.6645710000003  	3779.986604         	0.6009715930199631  	0.04819690412435203 	0.029846885233544115
23864     	0.7857142857142857  	2469.7554320000004  	4265.445693         	0.5790146235018542  	0.05365641634031619 	0.03584624551281024 
23891     	0.8                 	2634.4727970000004  	4443.335671         	0.5929042935455507  	0.05954963282028692 	0.04116744305013306 
23918     	0.8125              	2719.1909550000005  	4643.605453         	0.5855775178408553  	0.06501456434293872 	0.046272029629694886
24073     	0.6666666666666666  	2806.5718390000006  	4899.514145         	0.5728265611528305  	0.05676759279841542 	0.041476050830737896
24146     	0.625               	3039.1243190000005  	5230.2680550000005  	0.5810647345492506  	0.05715517571188017 	0.04194938008408606 
24170     	0.64                	3302.7656680000005  	5549.9653690000005  	0.5950966264488776  	0.062492479887903594	0.04434222617283751 
24292     	0.5666666666666667  	3524.4446110000004  	5809.847965000001   	0.6066328468889632  	0.05848637183661386 	0.040181676428855985
24317     	0.5806451612903226  	3960.9021610000004  	7358.703717000001   	0.5382608558963402  	0.06317966856436912 	0.0441529405144233  
24341     	0.59375             	4131.660417         	7601.237030000001   	0.5435510563206315  	0.06768506363608387 	0.047803508041293685
24414     	0.5714285714285714  	4227.189544         	7733.321831000001   	0.5466201506129972  	0.06789650698306121 	0.0483510377295423  
24439     	0.5833333333333334  	4369.732257         	7957.611661000001   	0.5491261000352552  	0.07226569822255238 	0.05166452327769519 
24487     	0.5789473684210527  	4523.942209         	8202.191447000001   	0.5515528670883021  	0.07362741673633877 	0.053362201632263274
24512     	0.5897435897435898  	4704.333275         	8532.753543         	0.5513265150918704  	0.07696211930192061 	0.0565257297470051  
24536     	0.6                 	4846.379812         	8807.677889         	0.5502448969044036  	0.08029645249918453 	0.059864602063211945
24560     	0.6097560975609756  	4937.082679         	8898.380756         	0.5548293351766301  	0.08366383749727213 	0.06311643287429988 
24585     	0.6190476190476191  	5166.522784         	9163.444650000001   	0.5638188455691713  	0.08739805923590008 	0.06629122961565687 
24658     	0.6                 	5377.0958519999995  	9452.676691         	0.5688437283716254  	0.08748941651287319 	0.06635681660956624 
24707     	0.5957446808510638  	5624.350412999999   	9923.377672         	0.5667778249405722  	0.08993298776103678 	0.06810982681696097 
24756     	0.5918367346938775  	5962.461745         	10291.977654        	0.5793310037631763  	0.0920321622483526  	0.06831860202908453 
24780     	0.6                 	6170.280615         	10522.117817        	0.5864105232723227  	0.09618018397453192 	0.06990605476605279 
24804     	0.6078431372549019  	6366.3893069999995  	11098.002053        	0.5736518408085034  	0.10001776117054333 	0.07151600193980699 
24829     	0.6153846153846154  	6433.384873999999   	11164.99762         	0.5762101428911903  	0.10340083605811817 	0.07303094410617063 
24853     	0.6226415094339622  	6515.746160999999   	11247.358907        	0.5793134383703898  	0.10631102385690658 	0.07438556970467708 
24878     	0.6296296296296297  	6756.6990989999995  	11547.898837        	0.5851020340904982  	0.10954834906361116 	0.07575760484414343 
24926     	0.625               	6825.798003999999   	11632.654814000001  	0.5867790382454307  	0.1107331532242966  	0.07572589132537365 
24951     	0.631578947368421   	7106.140396999999   	12016.303824        	0.5913748937345443  	0.11432850597274963 	0.07713781388896622 
25051     	0.6166666666666667  	7397.439065         	12573.980493000001  	0.588313228982516   	0.11385233210482086 	0.0760691048154675  
25102     	0.6129032258064516  	7641.708027         	12877.994244000001  	0.5933927195658093  	0.11562069978080532 	0.07636803873952991 
25153     	0.609375            	7821.0616           	13088.827410000002  	0.5975372243066347  	0.117326394897055   	0.07620066315720413 
25205     	0.6060606060606061  	7910.704772         	13178.470582000002  	0.6002748742942103  	0.11889026862095915 	0.07566620407338263 
25230     	0.6119402985074627  	7923.3702           	13191.222660000001  	0.6006547235402362  	0.12218593606340884 	0.07628513397900852 
25256     	0.6176470588235294  	8076.526312         	13357.015313000002  	0.6046654976983779  	0.12515936273824457 	0.07685357961916417 
25282     	0.6231884057971014  	8191.765791         	13488.534693000001  	0.6073132462083662  	0.12811037981338463 	0.07742234427745971 
25358     	0.6111111111111112  	8422.987778         	13759.322740000001  	0.6121658701640427  	0.12729650865204795 	0.07578967195500524 
25384     	0.6164383561643836  	8758.290623         	14810.400300000001  	0.5913608306049635  	0.12999647676809967 	0.07676720659756714 
25410     	0.6216216216216216  	8854.971308         	15143.450820000002  	0.5847393314280265  	0.1326980291661366  	0.07789815509650747 
25461     	0.618421052631579   	9244.330059         	16137.190844000002  	0.5728586932115977  	0.13350872529182192 	0.07839431072443287 
25487     	0.6233766233766234  	9389.122766         	16300.443394000002  	0.5760041330811911  	0.13590018362739126 	0.0795716967052198  
25512     	0.6282051282051282  	9454.047117         	16433.204534        	0.5753014938407022  	0.13831023610128332 	0.0807628569338553  
25589     	0.6172839506172839  	9643.4867           	16636.033684        	0.5796746317768515  	0.13702377160954549 	0.07989055494368692 
25615     	0.6219512195121951  	9943.778446999999   	17071.439058000004  	0.5824803880455616  	0.1394657071482304  	0.08084878952401052 
25641     	0.6265060240963856  	10242.491888999999  	17442.656719000002  	0.5872093944177104  	0.14205339706988845 	0.08184591893325598 
25692     	0.6235294117647059  	10366.583771999998  	17649.897716000003  	0.5873452605111967  	0.14273749800870136 	0.08186341702647833 
25743     	0.6206896551724138  	10431.815139999999  	17731.05279         	0.5883359134705953  	0.1432069663079616  	0.08180374348485749 
25794     	0.6179775280898876  	10555.700678        	17894.097482        	0.5898984672805192  	0.1434759373461888  	0.08172901394239002 
25820     	0.6222222222222222  	10840.005898        	18251.972227000002  	0.5939087438432797  	0.14565866110550116 	0.0826097137138853  
25871     	0.6195652173913043  	11010.610827999999  	18428.966577000003  	0.5974621952888898  	0.1458642183124111  	0.08240608999278205 
25897     	0.6236559139784946  	11210.361357        	18669.314548000002  	0.6004698955699441  	0.14782274040907015 	0.0831219710840717  
25974     	0.6145833333333334  	11388.015478        	18875.240471        	0.6033308818235505  	0.14667057373051454 	0.08208361597223408 
26000     	0.6185567010309279  	11637.253889        	19209.301606        	0.6058134818063932  	0.14882933846113994 	0.08283931034365694 
26040     	0.6224489795918368  	11851.241474        	19473.922752000002  	0.6085698102495996  	0.1509922299942103  	0.08323245564403188 
26060     	0.6262626262626263  	12053.631037000001  	19765.829292000002  	0.6098216704663423  	0.15331374660221478 	0.08367875276855408 
26140     	0.6116504854368932  	12263.522329000001  	20018.540544000003  	0.6126082119745562  	0.15106306002542377 	0.08163825111248682 
26180     	0.6095238095238096  	12452.435807000002  	20207.454022        	0.6162298225913538  	0.15179843387598857 	0.08129535111676407 
26220     	0.6074766355140186  	12603.917848000001  	20390.909948        	0.6181145363371207  	0.15259084146595828 	0.08097732607786987 
26240     	0.6111111111111112  	12724.550906        	20544.529758        	0.6193644272166943  	0.15488014498574096 	0.08143383869375774 
26360     	0.5877192982456141  	13047.176496        	20903.865438        	0.6241513817000681  	0.14969698698149414 	0.0778528091671533  
26380     	0.591304347826087   	13359.599252        	21583.542461        	0.6189715741120759  	0.15139583803054754 	0.07806653522332746 
26400     	0.5948275862068966  	13586.059631        	21841.877394        	0.6220188578996471  	0.15312118805328806 	0.07829101261571239 
26420     	0.5982905982905983  	13664.422882        	21926.725326        	0.623185755229814   	0.15487950502799297 	0.0785179667156835  
26460     	0.5966386554621849  	13868.685741000001  	22204.722246        	0.6245827165659922  	0.1552845103333425  	0.07808398926149014 
26500     	0.5950413223140496  	14127.563994000002  	22864.388765        	0.6178850499439539  	0.15578913391919552 	0.07783093995941698 
26520     	0.5983606557377049  	14325.215360000002  	23128.086113        	0.6193861130579232  	0.15755825789046823 	0.07823209619862175 
26560     	0.5967741935483871  	14393.520154000002  	23197.950595000002  	0.6204651611380846  	0.15793634567977255 	0.07797782730113652 
26580     	0.6                 	14491.409716000002  	23318.923869000002  	0.6214441883085682  	0.15964776905199052 	0.07836424533481015 
26620     	0.5984251968503937  	14722.213069000001  	23700.399476000002  	0.6211799545365604  	0.1602358478747705  	0.07819487803867427 
26660     	0.5968992248062015  	14932.093732000001  	23943.542073        	0.6236376258146958  	0.16086926555009606 	0.07802558826574524 
26680     	0.6                 	15100.619036000002  	24227.132256        	0.6232937054388779  	0.1628348467173189  	0.07851020490994706 
26700     	0.6030534351145038  	15269.300061000002  	24464.929547        	0.6241301464476277  	0.16473205781063988 	0.07883528629248891 
26720     	0.6060606060606061  	15610.961830000002  	25247.514681        	0.6183167740366944  	0.1667228661603919  	0.07938319485766056 
26740     	0.6090225563909775  	16125.475653000001  	26085.867739        	0.6181690336829934  	0.16857455732187707 	0.08009654023715375 
26820     	0.5985401459854015  	16289.401319        	26268.825532000003  	0.6201039060218613  	0.16680511120782276 	0.07904150819805687 
26840     	0.6014492753623188  	16541.995262        	26636.668785        	0.6210234243448397  	0.16892226553475356 	0.07979811692176476 
26860     	0.60431654676259    	16845.078779        	27013.793250000002  	0.6235732473076508  	0.17117958096870375 	0.08054622326656898 
26920     	0.5985915492957746  	17061.339946        	27445.744830000003  	0.6216388023600232  	0.17064842867013358 	0.08016603337800267 
27050     	0.5850340136054422  	17170.411843        	27595.477550000003  	0.6222183258792707  	0.16740636366864403 	0.07846566641804746 
27075     	0.5878378378378378  	17373.754433000002  	27842.421105000005  	0.6240030048924152  	0.16876743645838777 	0.07885121633243011 
27100     	0.5906040268456376  	17596.205878        	28099.603753000007  	0.626208327799689   	0.1702942826967029  	0.07925065546436245 
27150     	0.5894039735099338  	17707.90102         	28298.860475000005  	0.625746080328699   	0.17057400876132012 	0.0791406526535826  
27175     	0.5921052631578947  	17748.782174        	28413.031392000004  	0.624670487605816   	0.17198709774071164 	0.07958178665225553 
27225     	0.5909090909090909  	17871.819811        	28551.564437000005  	0.6259488810301368  	0.17209950714780586 	0.07928044931521984 
27300     	0.5859872611464968  	18051.740715        	28792.746055000003  	0.6269544655628714  	0.17100365948173868 	0.07847519930529911 
27350     	0.5849056603773585  	18309.813344        	29096.670266000005  	0.62927521178928    	0.17106152755743614 	0.07818364603878161 
27375     	0.5875              	18480.703767        	29360.027900000005  	0.6294511650310795  	0.1720372206599654  	0.07840099240462814 
27400     	0.5900621118012422  	18586.347607        	29465.671740000005  	0.6307797009008557  	0.17304296353939363 	0.07862330097349213 
27425     	0.5925925925925926  	18867.093971        	29791.872156000005  	0.6332966881774235  	0.17411986222011538 	0.07885007218615073 
27450     	0.5950920245398773  	19300.323720999997  	30697.934034000005  	0.6287173495005757  	0.1751123734634224  	0.07922855795351282 
27525     	0.5903614457831325  	19383.008749999997  	30789.321940000005  	0.6295367201581183  	0.1738955868475073  	0.07852061820310564 
27550     	0.592814371257485   	19707.784837999996  	31217.296483000006  	0.6313097884287404  	0.174972010727606   	0.07881038778911041 
27625     	0.5882352941176471  	20035.461380999997  	31701.792510000007  	0.6319977450700939  	0.17414834405901305 	0.07821312271308561 
27700     	0.5838150289017341  	20260.364504999998  	32075.707800000007  	0.6316420086916988  	0.17340203856873126 	0.07765862293740754 
27775     	0.5795454545454546  	20479.352388        	32317.242196000007  	0.6336974010280736  	0.1727574138209036  	0.07709511136812791 
27800     	0.5819209039548022  	20548.567683        	32635.418809000006  	0.6296400791808817  	0.1741011402234467  	0.07750911339404273 
27850     	0.5810055865921788  	20706.606782000003  	32878.10041800001   	0.6297993654969071  	0.17454309658776576 	0.07751224536555062 
27875     	0.5833333333333334  	21006.788348000002  	33271.53410700001   	0.6313742035592034  	0.17615159094265023 	0.07797459699453321 
27900     	0.585635359116022   	21167.472903        	33564.320640000005  	0.6306539950572942  	0.1778368875343975  	0.07846868474267539 
27950     	0.5846994535519126  	21655.661020000003  	34317.99916600001   	0.6310292425630394  	0.17843145616871278 	0.07843321641797521 
28000     	0.5837837837837838  	21936.179749000003  	34695.94506800001   	0.6322404449859385  	0.17916721387732934 	0.07843148286023283 
28050     	0.5860215053763441  	22206.771014        	34992.62862300001   	0.6346128281258613  	0.1809758048074206  	0.07885870208720848 
28075     	0.5882352941176471  	22237.959907        	35039.88160200001   	0.6346471189483329  	0.18270073100901807 	0.07925281866950921 
28100     	0.5904255319148937  	22396.18523         	35253.60753900001   	0.635287756160097   	0.18448883518218648 	0.07965924860524141 
28150     	0.5894736842105263  	22668.512           	35586.22475100001   	0.6370024400906137  	0.1851061332626466  	0.0795992408238675  
28200     	0.5885416666666666  	22937.430669999998  	35936.95070000001   	0.638268696236378   	0.18584745580795914 	0.07957146419727973 
28225     	0.5906735751295337  	23267.715883999997  	36361.62072400001   	0.6398976563946845  	0.1875679006227082  	0.0799758160857237  
28325     	0.583756345177665   	23351.722035        	36445.62687500001   	0.6407276822289532  	0.1862946280486153  	0.0791427651302394  
28350     	0.5858585858585859  	23692.13958         	37526.080872000006  	0.6313512903415883  	0.18793418243234697 	0.07971722432427672 
28375     	0.5879396984924623  	23747.172364        	37611.166752000005  	0.6313862189009923  	0.1895935339834625  	0.08029505218641729 
28425     	0.5870646766169154  	23986.620523999998  	37909.669497        	0.632730932299428   	0.1903944996417879  	0.08040142146185388 
28475     	0.5862068965517241  	24056.143903999997  	37990.857571        	0.6332087623724254  	0.1911988988165773  	0.08044489143047089 
28500     	0.5882352941176471  	24107.194093        	38041.90776         	0.6337009764359934  	0.19283859826364788 	0.08086631647025253 
28550     	0.587378640776699   	24350.540347        	38329.764993000004  	0.635290624699813   	0.19341155908712357 	0.08085944596914812 
28600     	0.5865384615384616  	24532.518514        	38559.3309          	0.6362278063803228  	0.19383979517132943 	0.08082409235387569 
28650     	0.5857142857142857  	24813.045485        	38880.214356000004  	0.6381920957997713  	0.1941582280160392  	0.0807676925098505  
28675     	0.5876777251184834  	24913.571485999997  	38991.029975000005  	0.6389564856833457  	0.19527766876465633 	0.08106064858515243 
28750     	0.5841121495327103  	25009.004950999995  	39105.033296        	0.6395341684457313  	0.19459584745108607 	0.08059641473970015 
28775     	0.586046511627907   	25137.233322999997  	39271.898847000004  	0.6400819430945403  	0.1957967521244653  	0.08090203073514274 
28800     	0.5879629629629629  	25277.910866999995  	39430.380455000006  	0.6410770217104158  	0.19704002561516457 	0.0812110310128598  
28825     	0.5898617511520737  	25803.646394999996  	40806.115961        	0.6323475240736351  	0.1983864823450899  	0.08171658074033022 
28875     	0.589041095890411   	26038.529853999997  	41101.149876        	0.6335231479546647  	0.1986315530649532  	0.0817900836135498  
28925     	0.5882352941176471  	26099.041124999996  	41161.661147000006  	0.6340619012384581  	0.19845445903878822 	0.08178253451340393 
28950     	0.5900900900900901  	26265.272157999996  	41364.63321200001   	0.6349692990963198  	0.19922892518624602 	0.0821528799662082  
29000     	0.5892857142857143  	26621.451395999997  	41838.19524300001   	0.636295405224346   	0.19911881871364254 	0.08216412153396942 
29075     	0.588495575221239   	26962.977293999997  	43098.596712000006  	0.6256114897238094  	0.19873114384442211 	0.08233928829286072 
29150     	0.5851528384279476  	27291.933053999997  	43617.03864200001   	0.6257172404116375  	0.19754992944187946 	0.08218554393935752 
29300     	0.574468085106383   	27441.606637999997  	43785.588286000006  	0.626726914316101   	0.19378648370239998 	0.08078513011621036 
29375     	0.5714285714285714  	27622.435650999996  	43991.087122000004  	0.6279098212416301  	0.19263952424670136 	0.0804498905212836  
29425     	0.5708333333333333  	27744.885028999997  	44113.5365          	0.6289426609222318  	0.19226812154533818 	0.08044744250086136 
29500     	0.5679012345679012  	27978.394167        	44399.600207        	0.6301496868566161  	0.19099423764074747 	0.08004116416532496 
29525     	0.569672131147541   	28140.680410999998  	44628.904332000006  	0.6305483146450999  	0.19132140364531008 	0.08031017673046029 
29550     	0.5714285714285714  	28475.714302999997  	45024.245217        	0.6324528965617906  	0.1917726169003652  	0.08059416973060557 
29625     	0.5685483870967742  	28572.360256999997  	45136.691948        	0.6330184828324804  	0.1906554182659786  	0.08022348169760823 
29650     	0.570281124497992   	28626.301301999996  	45197.844114        	0.6333554589417467  	0.19109946786133103 	0.08050629928676355 
29750     	0.5652173913043478  	28991.144871999997  	45732.960692        	0.6339223272083361  	0.1894205019541438  	0.07986782524901996 
29775     	0.5669291338582677  	29077.993457999997  	45825.925342        	0.6345315068051594  	0.18998144096334774 	0.08017166472228435 
29825     	0.56640625          	29225.557102        	45997.728838        	0.6353695680264968  	0.18985275781730926 	0.08016563358428042 
29900     	0.5637065637065637  	29252.384836999998  	46024.556573        	0.6355821112714579  	0.18889699787357736 	0.07969985857155948 
29925     	0.5653846153846154  	29439.276336        	46225.38691         	0.6368638167013667  	0.18946532781816539 	0.07985975456532968 
29950     	0.5670498084291188  	29787.601439        	46808.353529        	0.6363736212286374  	0.1900062710995292  	0.08007387335176802 
30000     	0.5665399239543726  	30159.484078999998  	47272.037188        	0.6379983997528242  	0.1899224346439254  	0.07998230544847498 
30051     	0.5681818181818182  	30391.746934        	47599.512244000005  	0.6384886210221813  	0.19062460182653798 	0.0802182212646175  
30076     	0.569811320754717   	30716.614966999998  	48697.000637000005  	0.6307701617183687  	0.19138881377814004 	0.08060396340061356 
30230     	0.5608856088560885  	31355.465997999996  	50238.306479000006  	0.6241346135166165  	0.18833584257687608 	0.07963763470421392 
30256     	0.5625              	31580.311441999995  	50646.845758        	0.6235395505753026  	0.18890196394364542 	0.08019704163070684 
30307     	0.5620437956204379  	31692.150810999996  	50778.947139        	0.6241198881939661  	0.18869054673123287 	0.08043283835330975 
30333     	0.5636363636363636  	32049.300207999997  	51267.902994000004  	0.6251338232373342  	0.1892982807714333  	0.08098009854218363 
30358     	0.5652173913043478  	32133.079335999995  	51443.598974        	0.624627358444348   	0.18989064392545243 	0.0815502979461258  
30410     	0.564748201438849   	32247.551994999994  	51603.086265        	0.6249151810300158  	0.18965115294375876 	0.08178905854275108 
30512     	0.5602836879432624  	32411.493631999994  	51793.765044        	0.6257798328518053  	0.18801006290276986 	0.08143634041742673 
30589     	0.5578947368421052  	32461.763218999993  	51844.034631        	0.6261426883545358  	0.18703641768839363 	0.08137138705708553 
30615     	0.5594405594405595  	32584.187999999995  	52029.983386        	0.6262578974562503  	0.18742298678453592 	0.08188856093177943 
30666     	0.5590277777777778  	32796.670148        	52312.294453        	0.62694000503966    	0.18722722413876555 	0.08212902310631405 
30769     	0.5547945205479452  	32885.469898999996  	52401.094204        	0.6275721986066792  	0.1855152544282595  	0.0815988372527697  
30794     	0.5563139931740614  	33178.921538999995  	52759.907543        	0.6288661804791593  	0.18585104296720395 	0.08193094319672944 
30820     	0.5578231292517006  	33356.16953099999   	53339.855165        	0.6253517079830262  	0.18621745286029404 	0.08232674076155339 
30871     	0.5574324324324325  	33476.93272499999   	53514.212391        	0.6255708760207808  	0.18599391765912793 	0.08245088021191666 
30974     	0.5533333333333333  	33549.56617099999   	53600.825927        	0.6259150972168189  	0.18453912380679607 	0.0820200380462192  
31157     	0.545751633986928   	33637.528459999994  	53726.82918         	0.6260843785756425  	0.18179515034517157 	0.08103882964958398 
31236     	0.5436893203883495  	33839.28428199999   	54083.239535        	0.6256889301185606  	0.1809629107816803  	0.08089869769407758 
31315     	0.5416666666666666  	34104.041529999995  	54986.813074        	0.6202221882563653  	0.1801343093542713  	0.08086089015764213 
31394     	0.5396825396825397  	34373.796926999996  	55292.001488999995  	0.6216775663987937  	0.17920961848668246 	0.08067153172545026 
31421     	0.5411392405063291  	34740.285405999995  	55780.93309099999   	0.6227985707826962  	0.17954056358400255 	0.08101993243971463 
31447     	0.5425867507886435  	34896.01263         	55953.16901599999   	0.6236646331867525  	0.17991234497145178 	0.08137410241111454 
31473     	0.5440251572327044  	35049.427324        	56162.08963699999   	0.6240762683607338  	0.1803407114912581  	0.08173604910810266 
31578     	0.5403726708074534  	35382.241618        	57279.74008699999   	0.6177095350687569  	0.17906544181859643 	0.08147176041368112 
31657     	0.5384615384615384  	35577.500651        	57619.30868799999   	0.6174579574296334  	0.1783998514133261  	0.08148436519087295 
31736     	0.5365853658536586  	35790.741838        	57917.06138699999   	0.6179654316169011  	0.17771742754939351 	0.08151283946747348 
31763     	0.5379939209726444  	35980.409095        	58347.078406999986  	0.6166617091608031  	0.17807267691872314 	0.08202980722321059 
31815     	0.5377643504531722  	36219.915545        	58670.34038999998   	0.6173462656639619  	0.17792563785464838 	0.08230058771550332 
31868     	0.5375375375375375  	36459.832565000004  	58933.920604999985  	0.6186561523603562  	0.1776725171116222  	0.08237088400888429 
31894     	0.5389221556886228  	36762.98538300001   	59277.91730999998   	0.6201801117732288  	0.17796059540616116 	0.08251520456385066 
31921     	0.5402985074626866  	37459.15733300001   	60876.24234099998   	0.6153329425816312  	0.17833184356249396 	0.08281529455310897 
31947     	0.5416666666666666  	37803.55550800001   	61393.86263199998   	0.6157546355178486  	0.17882308365007554 	0.08314270989374811 
31973     	0.543026706231454   	38082.96796000001   	61808.59921999998   	0.6161435211377052  	0.17938757151755852 	0.08349571747920362 
32043     	0.5427728613569321  	38390.07365500001   	62294.48880299998   	0.6162675766776855  	0.17951383362821113 	0.08362691832950309 
32239     	0.5316091954022989  	38819.81759400001   	63309.22981499998   	0.6131778526991708  	0.17578319363178005 	0.0819647857571886  
32260     	0.5329512893982808  	38942.09007300001   	63537.40449499997   	0.6129002338467339  	0.17615348484347404 	0.0822234758568652  
32282     	0.5342857142857143  	39132.218894000005  	64307.47276599997   	0.6085174430099766  	0.1765003355149277  	0.08254646209082503 
32326     	0.5340909090909091  	39240.57533000001   	64422.45780199997   	0.609113291681675   	0.17631694601417355 	0.08262793703249664 
32347     	0.5354107648725213  	39448.257173000005  	64736.26695199997   	0.6093687361096944  	0.17669282297998012 	0.08296019932828919 
32391     	0.5352112676056338  	39705.28213500001   	65096.11599299997   	0.6099485588244569  	0.17663591969532275 	0.08307575884843202 
32434     	0.5350140056022409  	39864.00265500001   	65593.29639599998   	0.6077450722148949  	0.17657492948409617 	0.08323350008974374 
32456     	0.5363128491620112  	40017.362061000014  	66064.09448599997   	0.6057354206146022  	0.17700892987127614 	0.08361553224302809 
32478     	0.5376044568245125  	40163.842182000015  	66253.04268599997   	0.6062188324293685  	0.1774098041988133  	0.08397913266556274 
32543     	0.5359116022099447  	40213.95715300002   	66303.15765699997   	0.6065164703170727  	0.17677031039708924 	0.08386297452306601 
32586     	0.5357142857142857  	40555.805430000015  	66748.55935199997   	0.6075907229117575  	0.17671873783313968 	0.08399787530063473 
32630     	0.5355191256830601  	40861.37426500001   	67090.54020999996   	0.6090482225526864  	0.17666324560191382 	0.08399517015452626 
32652     	0.5367847411444142  	41118.70971300001   	67430.21462099996   	0.6097965124998179  	0.17716079163910634 	0.08423498232098114 
32673     	0.5380434782608695  	41361.46615000001   	67755.15234699997   	0.6104549206556598  	0.177727472369069   	0.08448812394083001 
32695     	0.5392953929539296  	41434.41794600001   	67828.10414299996   	0.6108738917225973  	0.17830591917840272 	0.084740884521085   
32739     	0.5390835579514824  	41622.05296300001   	68062.46718099996   	0.6115272438231427  	0.17840664943581333 	0.08477052951298464 
32760     	0.5403225806451613  	41888.04211800001   	68477.70564199996   	0.6117033525771123  	0.1790559639848434  	0.08505178294366555 
32826     	0.5386666666666666  	41927.67904000001   	68518.57126799996   	0.6119170067923086  	0.1786475248696545  	0.0848504882203004  
32847     	0.5398936170212766  	42143.67743200001   	68905.30345599995   	0.6116173257826403  	0.17925658579642864 	0.08513052126535    
32869     	0.5411140583554377  	42174.25757100001   	68935.88359499995   	0.6117896133568815  	0.17987596777304143 	0.08540929615583207 
32913     	0.5408970976253298  	42307.17750400001   	69078.73731399995   	0.6124486223842102  	0.17999395741627383 	0.08545697749145877 
32956     	0.5406824146981627  	42477.853217        	69385.55183199995   	0.6122002649751879  	0.18012754396698485 	0.085523212436456   
33047     	0.5390625           	43010.038099000005  	70113.33684099995   	0.6134359030227922  	0.17969056054798227 	0.08530666468382031 
33071     	0.5402597402597402  	43681.826226000005  	72605.35776799996   	0.6016336475550336  	0.18016428491749678 	0.08578881918913327 
33119     	0.5400516795865633  	43776.560627000006  	72784.41387099995   	0.6014551508869433  	0.18018437573186757 	0.08605813528358387 
33166     	0.5398457583547558  	43943.129565        	72950.98280899995   	0.6023651481166714  	0.18022918505589808 	0.08627384703485101 
33285     	0.5355329949238579  	44094.687298000004  	73128.10531499995   	0.6029786647426698  	0.17886046346089526 	0.08580976821766118 
33309     	0.5367088607594936  	44361.427481000006  	73556.60366199995   	0.6030923842656638  	0.17940069001832615 	0.08624396668571876 
33333     	0.5378787878787878  	44447.367488        	73693.38568399995   	0.6031391701636835  	0.17995666041863737 	0.0866829346682821  
33380     	0.5376884422110553  	44538.940215        	73871.92217499996   	0.6029210951014492  	0.18007622784130237 	0.08691211514566602 
33404     	0.5388471177944862  	44582.037390000005  	73915.01934999996   	0.603152617452437   	0.1805666843728858  	0.08726630157764453 
33428     	0.54                	44843.467272        	74230.12612199996   	0.6041141193576595  	0.18110851575918788 	0.08762838552020391 
33452     	0.5411471321695761  	44996.090831        	74431.33166999996   	0.6045315839637997  	0.1816838314453132  	0.0879972307106865  
33476     	0.5422885572139303  	45395.30101         	75140.95523099996   	0.6041352664528257  	0.18228121025994362 	0.08840368608792061 
33523     	0.5420792079207921  	45580.923057        	75375.66505099996   	0.6047166950521693  	0.18247546317723246 	0.08859726726245477 
33571     	0.541871921182266   	45783.874404        	75734.53827699996   	0.6045309768251963  	0.18273249819451617 	0.08880886393894742 
33619     	0.5416666666666666  	45910.465356        	75968.94613799996   	0.6043320026133074  	0.18297469406624756 	0.0890231584398284  
33642     	0.5427872860635696  	46099.272063000004  	76218.17323299995   	0.604833074679892   	0.18371551658273255 	0.08946360721235981 
33690     	0.5425790754257908  	46217.557887        	76414.42087599995   	0.604827692956002   	0.1840389079696274  	0.08969468367449376 
33714     	0.5436893203883495  	46262.710468000005  	76459.57345699995   	0.6050610587569869  	0.18479440562950544 	0.09013322456339047 
33761     	0.5434782608695652  	46459.121634        	76736.25347999994   	0.6054390138568443  	0.18510625962017593 	0.0903570212858757  
33857     	0.5406698564593302  	46607.040697000004  	77264.01827099994   	0.60321792394395    	0.18449602344504873 	0.09016910951024358 
33904     	0.5404761904761904  	46681.88475800001   	77345.38430799994   	0.6035510092251444  	0.18480335072647763 	0.09041408276562303 
33928     	0.5415676959619953  	46753.924017000005  	77455.24499399994   	0.6036250226904813  	0.18550571924491932 	0.09083793280007893 
33952     	0.542654028436019   	46817.60217300001   	77543.86172999993   	0.6037563919116419  	0.18613617428545232 	0.09125055723877125 
34056     	0.539906103286385   	46940.554264000006  	77739.02084299993   	0.6038222986986181  	0.18543367321152232 	0.09101449883229523 
34075     	0.5409836065573771  	47032.30476500001   	77837.80690399994   	0.604234711070503   	0.18602790801006056 	0.09141467688653672 
34150     	0.5382830626450116  	47186.628325000005  	78033.72557699993   	0.6046953157252309  	0.18530868029319283 	0.09117738454279727 
34207     	0.5368663594470046  	47286.322269000004  	78161.52088499993   	0.6049821156701005  	0.18498641417401498 	0.09114799032328555 
34264     	0.5354691075514875  	47346.803496        	78222.00211199993   	0.6052875433718488  	0.1846161504416181  	0.09108933223428273 
34283     	0.5365296803652968  	47586.981259        	78462.17987499993   	0.6064957835075704  	0.1851177649309861  	0.09145318495302376 
34301     	0.5375854214123007  	47666.157108        	78551.20121099993   	0.6068163996621997  	0.1855729945953852  	0.09157968564797606 
34320     	0.5386363636363637  	47763.250073        	78648.29417599994   	0.6073017930448044  	0.1859742563218755  	0.09169072098707864 
34339     	0.5396825396825397  	48071.548904        	79191.51454199993   	0.6070290381743466  	0.18638076589817315 	0.0918310492711749  
34358     	0.5407239819004525  	48536.449532000006  	80245.37449399993   	0.6048504332873311  	0.18678966175469572 	0.0920575868894809  
34396     	0.5405405405405406  	48744.981913        	80705.74953699994   	0.6039840060050818  	0.1867413887675235  	0.09210086995663645 
34415     	0.5415730337078651  	48938.389375000006  	81027.90312699994   	0.6039695893190757  	0.18715663573396582 	0.09236625935508526 
34433     	0.5426008968609866  	49043.687087000006  	81133.20083899994   	0.6044835724443055  	0.187591024424654   	0.09263645603449398 
34452     	0.5436241610738255  	49402.86097000001   	81614.28258299993   	0.6053212673867271  	0.1880963201889249  	0.09292178150983434 
34471     	0.5446428571428571  	49636.12927700001   	82120.46206899993   	0.604430711012005   	0.1885810158893521  	0.09323675952695043 
34528     	0.5432372505543237  	49904.67073800001   	82428.13791899993   	0.6054324651497051  	0.1882170242211976  	0.09308035065199731 
34603     	0.5406593406593406  	50168.590088000004  	82715.64428599992   	0.6065187610040935  	0.18748548239140195 	0.09271098869721282 
34660     	0.5393013100436681  	50430.13815100001   	83008.01494199992   	0.6075333591128157  	0.18720887858384866 	0.09255018378171043 
34698     	0.5391304347826087  	50586.56464800001   	83262.26626199992   	0.6075569032533915  	0.18734921252523515 	0.09260215035644133 
34811     	0.5343347639484979  	50757.219368000005  	83482.91546499991   	0.6079952896383919  	0.18588656843933782 	0.09186186400201901 
34867     	0.5330490405117271  	50922.45980800001   	83689.98786399991   	0.6084653745051481  	0.1856373525698446  	0.09173737052110052 
34886     	0.5340425531914894  	51184.63341000001   	84729.3847839999    	0.6040954214465817  	0.1862126341901528  	0.09208685486901635 
34905     	0.535031847133758   	51313.65069700001   	84933.60433499991   	0.6041619344753794  	0.18681469449683244 	0.09244383145233413 
34962     	0.5337552742616034  	51542.227239000014  	85320.37744399991   	0.6041021943770677  	0.18665537388164338 	0.09240182845826296 
35061     	0.5313807531380753  	51712.71553500002   	85534.76060299992   	0.6045812856719017  	0.1860274332147514  	0.09216247962238255 
35081     	0.5323590814196242  	51826.21815900002   	85666.56855299992   	0.6049760021254539  	0.18658587607746158 	0.09250707267135551 
35102     	0.5333333333333333  	51914.06005600002   	85771.76235499991   	0.6052581715778839  	0.1870862643992843  	0.09283759625894031 
35163     	0.5320910973084886  	52265.90014300001   	86199.75797499991   	0.606334650709326   	0.1868636871463616  	0.09278081993032668 
35183     	0.5330578512396694  	52404.48424100001   	86377.79113699992   	0.6066893301066663  	0.18744064305337935 	0.0931115312324356  
35244     	0.5318275154004107  	52522.10413700001   	86504.30817799992   	0.6071617153324349  	0.18719851777077684 	0.09304740785988341 
35265     	0.5327868852459017  	52553.68703600001   	86536.46266699991   	0.6073010776767167  	0.18773216040901058 	0.093365224357435   
35306     	0.5326530612244897  	52692.34480200001   	86741.2830549999    	0.6074655913100738  	0.1879073702206708  	0.0934981386273366  
35326     	0.5336048879837068  	52874.941774000006  	86956.46747099991   	0.6080622098825929  	0.18848728668160245 	0.09382314687469041 
35387     	0.5323886639676113  	53198.27237500001   	87373.3835929999    	0.6088613052094516  	0.18819872097537255 	0.09366974516668601 
35428     	0.532258064516129   	53383.789368000005  	87975.7962119999    	0.6068008664492025  	0.1882652251847504  	0.09370751416564879 
35489     	0.531062124248497   	53593.841524        	88232.9178619999    	0.6074132287886375  	0.18797283426280156 	0.09354597892701375 
35510     	0.532               	53861.155016000004  	89214.7862519999    	0.6037245313110036  	0.1884661343341911  	0.09382644331543036 
35530     	0.5329341317365269  	54083.368050000005  	89547.2899059999    	0.6039643199338887  	0.18900608943514488 	0.09411836502734963 
35551     	0.5338645418326693  	54398.80682500001   	90017.59006099991   	0.6043130769012697  	0.1895524499023787  	0.09440806870696843 
35612     	0.5326732673267327  	54620.353263000005  	90359.59625699991   	0.6044776152789496  	0.18939336968254167 	0.09433451681847639 
35632     	0.5335968379446641  	54751.31131600001   	90524.9256619999    	0.6048202847515094  	0.18998052717801306 	0.0946080675946664  
35653     	0.534516765285996   	54859.298909000005  	90676.2326999999    	0.6050019644122253  	0.1905940467657049  	0.09488452424138943 
35734     	0.5322896281800391  	55001.98276400001   	90841.8617009999    	0.6054695680394075  	0.19004773163125074 	0.09459027874642578 
35775     	0.5321637426900585  	55175.59601600001   	91146.1174259999    	0.6053532237486278  	0.19020644352933103 	0.09467606973049422 
35836     	0.5310077519379846  	55296.45807400001   	91304.2451899999    	0.6056285549366368  	0.19002007272745275 	0.09458270160125772 
35857     	0.5319148936170213  	55489.64144700001   	91754.1145909999    	0.6047646113130598  	0.19054690332899338 	0.09480784241098533 
35877     	0.5328185328185329  	55890.01264400001   	92260.6023709999    	0.6057841723085022  	0.19111823539219897 	0.09499649496206984 
35897     	0.5337186897880539  	56035.69490700001   	92443.5122449999    	0.6061614660257663  	0.19168485741574134 	0.09518462362992834 
35918     	0.5346153846153846  	56309.50641000001   	92804.2546369999    	0.6067556560876693  	0.1923035848180701  	0.09538363341543864 
35938     	0.5355086372360844  	56406.66183200001   	92901.4100589999    	0.6071669073287179  	0.1928169452946414  	0.09556194040047297 
35979     	0.5353728489483748  	56768.231624000015  	93363.1574869999    	0.6080367583101991  	0.19303671105243622 	0.09556772935867548 
36000     	0.5362595419847328  	57063.699728000014  	93732.2935889999    	0.6087944457884984  	0.19367142691316927 	0.09573623464163748 
36060     	0.5371428571428571  	57375.08623600002   	94097.7075539999    	0.6097394689777553  	0.1943465881583689  	0.0959044560357296  
36121     	0.5370018975332068  	57405.32023100002   	94134.2140529999    	0.6098241835713357  	0.19462937758670446 	0.09588338822630818 
36181     	0.5368620037807184  	57651.33917300002   	94457.4213089999    	0.610342081903807   	0.1949011165314404  	0.09586584723772329 
36242     	0.536723163841808   	57783.09486000002   	94589.1769959999    	0.6108848463967883  	0.19517030469054464 	0.0958473888607648  
36272     	0.5375939849624061  	58107.69693500002   	95043.51983999989   	0.611379892420029   	0.19583734593101204 	0.09595957886396698 
36303     	0.5384615384615384  	58350.274272000024  	95389.28303899989   	0.6117068124743482  	0.19646832887988516 	0.096060531572132   
36333     	0.5393258426966292  	58383.167886000025  	95422.17665299989   	0.6118406636049479  	0.19708965631422076 	0.09615412505207095 
36363     	0.5401869158878505  	58604.421114000026  	95688.12266799988   	0.6124524076758648  	0.19772534532569122 	0.09625867687122897 
36393     	0.5410447761194029  	58881.838795000025  	96079.76467499988   	0.6128432869727998  	0.19840453132746924 	0.09637560166604853 
36424     	0.5418994413407822  	59062.19609900002   	96416.05433999989   	0.612576365039002   	0.19905077321776693 	0.09649002737683482 
36454     	0.5427509293680297  	59221.675837000024  	96615.07972699989   	0.6129651396483817  	0.199717517137984   	0.09660317143720888 
36484     	0.5435992578849722  	59246.55243800003   	96645.68582699989   	0.6130284236800183  	0.20038972599803817 	0.09671648243472532 
36575     	0.5424354243542435  	59529.98580700003   	97028.1222189999    	0.6135333184397436  	0.2002575365607495  	0.09645638152069495 
36666     	0.5412844036697247  	59874.310831000024  	97530.91911799989   	0.613900815992104   	0.2001067304274173  	0.09619984807220525 
36727     	0.5411334552102377  	60021.62943200002   	97743.35387799989   	0.6140737661500453  	0.20024791187059504 	0.09605413264599481 
36757     	0.541970802919708   	60120.162321000025  	97842.5269649999    	0.6144583974461957  	0.20077008814378178 	0.09608527012384563 
36787     	0.5428051001821493  	60410.64739600002   	98391.9562039999    	0.6139795337613602  	0.2012595510675086  	0.09613237934439199 
36848     	0.542649727767695   	60888.740683000025  	99188.0386239999    	0.6138718088157372  	0.20126239567744106 	0.09600652260474142 
36878     	0.5434782608695652  	61103.497433000026  	99778.26652499991   	0.6123928542864618  	0.2014879355518451  	0.09606545841469226 
36909     	0.5443037974683544  	61288.288180000025  	100001.94971399991  	0.6128709325696265  	0.20167832360905977 	0.09610409461154383 
36969     	0.5441441441441441  	61427.44358000003   	100182.44957599991  	0.6131557357598872  	0.20150599255819548 	0.09595902441968762 
37000     	0.5449640287769785  	61833.520473000026  	100969.99524099991  	0.6123950023510736  	0.20173779877964287 	0.09603171251872569 
37037     	0.5457809694793537  	62069.833898000026  	101703.3252919999   	0.6103028954047632  	0.20191792966569067 	0.09614550874533272 
37055     	0.546594982078853   	62165.30067600003   	101849.1502139999   	0.6103664148928261  	0.2021169875247867  	0.0962640234067061  
37111     	0.5454545454545454  	62279.121957000025  	102294.8838149999   	0.6088195189666737  	0.20158548685432431 	0.09606909282900467 
37166     	0.5443262411347518  	62397.65463400003   	102421.4094039999   	0.6092247216387474  	0.20102060078862705 	0.09586020218459153 
37277     	0.5403508771929825  	62617.608590000025  	102919.0004839999   	0.6084164080055825  	0.19932560044396433 	0.09516060482458667 
37296     	0.5411558669001751  	62946.932653000025  	103358.9016519999   	0.6090131730011671  	0.19945559935193738 	0.09531531702557167 
37314     	0.541958041958042   	63093.716886000024  	103551.6535539999   	0.6092970485797027  	0.19955605603383517 	0.09546312382044736 
37370     	0.5408695652173913  	63199.194879000024  	103669.7394639999   	0.6096204659696904  	0.19896123734152177 	0.09522881733524416 
37407     	0.5407279029462738  	63256.67610700002   	103752.08674699989  	0.6096906393916859  	0.19872748656336756 	0.09516363440851675 
37425     	0.5415224913494809  	63377.95292100002   	103899.3160219999   	0.6099939378578798  	0.19886402909941242 	0.09526610455274605 
37462     	0.5413793103448276  	63552.232059000016  	104522.8773719999   	0.6080222211336166  	0.1986647954176228  	0.09524845007008641 
37518     	0.5403087478559176  	63779.75078000002   	104860.1353669999   	0.6082363956214373  	0.19813577401832527 	0.0950753372581911  
37592     	0.5383304940374787  	63901.44821900002   	105151.83711399989  	0.6077064364526656  	0.19725075677851436 	0.09474626171485989 
37629     	0.5382003395585738  	64157.51562400002   	105490.6155189999   	0.608182209463406   	0.19708862066243915 	0.094753996276969   
37648     	0.5389830508474577  	64279.94969700002   	105662.7629529999   	0.6083500743359563  	0.19728920650014797 	0.09492738147117975 
37666     	0.5397631133671743  	64483.97688700002   	105957.3415119999   	0.6085843223963586  	0.19752345589878856 	0.09511003611569635 
37722     	0.5387205387205387  	64810.32900400002   	106405.2875029999   	0.6090893650578484  	0.1970926920052211  	0.09498302117082086 
37740     	0.5394957983193277  	64904.66014100002   	106534.4990979999   	0.6092360755485877  	0.1973468896382459  	0.0951792106226611  
37777     	0.5393634840871022  	64934.892201000024  	106581.6212579999   	0.6092503701347673  	0.19727435027870743 	0.09521647722262219 
37814     	0.5392320534223706  	65040.09035700002   	106746.4734199999   	0.6092949797141888  	0.19722225033953453 	0.095259103103765   
37833     	0.54                	65436.056943000025  	107736.7506839999   	0.6073698763658556  	0.19752853536049111 	0.09552330911159937 
37888     	0.538971807628524   	65571.42975700002   	107928.6739579999   	0.6075441062355398  	0.19719608795048263 	0.09547449817221726 
37925     	0.5388429752066116  	65793.89408300002   	108186.0843539999   	0.6081548701560661  	0.197232681140727   	0.09558769313322509 
37962     	0.5387149917627677  	65850.18715200003   	108283.22952799991  	0.6081291391015676  	0.1972792846315921  	0.09570529153541031 
38093     	0.5359477124183006  	65894.48161400003   	108327.52398999991  	0.6082893726998041  	0.19627139457130427 	0.09532627346080624 
38162     	0.5349593495934959  	65988.37036300004   	108424.85072899991  	0.6086092802464004  	0.19590372689223956 	0.09523222079740798 
38209     	0.5348460291734197  	66100.18857200004   	108618.7038349999   	0.6085525442506777  	0.19581477801048022 	0.09527694246782348 
38232     	0.5355987055016181  	66341.91572000005   	108979.03036699991  	0.6087585427819069  	0.19607728511516967 	0.09548610531851365 
38279     	0.535483870967742   	66661.21261800005   	109343.11114799991  	0.6096516910678685  	0.19605622753269603 	0.09554463733811538 
38325     	0.5353697749196141  	66939.57031800004   	109677.42266399991  	0.6103313580140503  	0.19603621472202684 	0.09556893860789027 
38372     	0.5352564102564102  	66997.88005600004   	109817.4211819999   	0.6100842592630614  	0.1960050282128076  	0.09559688933530963 
38441     	0.5342902711323764  	67508.60169500003   	110804.5120779999   	0.6092585981289095  	0.19554988310860502 	0.09549333910255754 
38465     	0.535031847133758   	67623.98930800003   	110919.8996909999   	0.6096650781003824  	0.19573756702567047 	0.09569730854863748 
38581     	0.5323854660347551  	67717.45122500003   	111030.7306179999   	0.6098982763428012  	0.19461096801353744 	0.0952740919766383  
38651     	0.5314465408805031  	68040.23161700003   	111460.7070689999   	0.610441413895568   	0.19416053881680584 	0.09516615173940772 
38674     	0.5321821036106751  	68212.75601100002   	111762.44966699989  	0.6103369800343702  	0.19433217210932607 	0.09536171146897393 
38720     	0.5320813771517997  	68274.93070600001   	111824.62436199989  	0.6105536333838213  	0.1942065826017506  	0.095408433252547   
38767     	0.53198127925117    	68445.82282600002   	112006.59788399989  	0.6110874191258467  	0.1940880366360083  	0.0954344214040864  
38790     	0.5327102803738317  	68746.39696500002   	112355.25900299988  	0.611866303144426   	0.1942387704554571  	0.0954990664612278  
38813     	0.5334370139968896  	68915.64330000003   	112536.32357799988  	0.6123857711793296  	0.19440963155327004 	0.09556512471837786 
38860     	0.5333333333333333  	69022.92452300002   	112658.95039699988  	0.6126714679993869  	0.1942612696420552  	0.09545839792775844 
38883     	0.5340557275541795  	69100.72227600003   	112736.74814999988  	0.6129387569708795  	0.1944254936272195  	0.09550091823592735 
38906     	0.5347758887171561  	69218.03252300003   	112878.09620299988  	0.6132104885833508  	0.19459755940872175 	0.09554645251468154 
38930     	0.5354938271604939  	69445.48455000004   	113169.59510599988  	0.6136408324599393  	0.19480427911868886 	0.09559803703811864 
39000     	0.5345622119815668  	69562.63512300004   	113325.46596499988  	0.613830567830925   	0.1944278195600798  	0.09535944445001016 
39040     	0.5352760736196319  	69823.59928300005   	113807.77310599988  	0.6135222347068224  	0.19466412334146732 	0.09543183013007787 
39061     	0.5359877488514548  	69993.71561800005   	114137.90644099988  	0.6132381239547369  	0.1948504595837628  	0.0955075804619908  
39081     	0.536697247706422   	70250.93514700004   	114489.90802299988  	0.6135993674908651  	0.19507441352820773 	0.0955870125439568  
39102     	0.5374045801526718  	70726.78075600004   	115750.91730599989  	0.6110256609805195  	0.19533160362378882 	0.09573657171022806 
39122     	0.538109756097561   	70814.77349400004   	116085.45669899989  	0.6100227841426938  	0.19559685356793033 	0.09590262542989297 
39183     	0.5371775417298937  	70948.35315700003   	116241.50760199988  	0.6103530023020745  	0.19529448160465593 	0.09577866695740073 
39204     	0.5378787878787878  	71057.74794400003   	116370.21640899988  	0.610617992616404   	0.19560649669680422 	0.09594739498671682 
39244     	0.5377643504531722  	71324.41130700003   	116791.96592299988  	0.6106962130770511  	0.19566020256396247 	0.09598421880736877 
39346     	0.5352323838080959  	71428.36947500003   	116895.92409099988  	0.6110424296692778  	0.19476481262242415 	0.09558122835187094 
39387     	0.5351270553064275  	71563.73159500003   	117151.99931999987  	0.6108622303536126  	0.19476133284565597 	0.09562138981188957 
39408     	0.5358208955223881  	71806.71007100004   	117463.11930699987  	0.6113128145637533  	0.19508022012089407 	0.09581067005669916 
39428     	0.5365126676602087  	72011.86834100004   	117733.53489199987  	0.6116512887093594  	0.19542974178925748 	0.09600613889643249 
39448     	0.5372023809523809  	72283.40532600004   	118139.13111799986  	0.6118498133679504  	0.19582582354373138 	0.09621304237508782 
39489     	0.5370919881305638  	72471.19172300004   	118462.56193599985  	0.6117645147852961  	0.19591858816807894 	0.0962594317857059  
39591     	0.5346097201767305  	72632.97032100004   	118644.28564199986  	0.6121910543602962  	0.19511737419381037 	0.0958678295240255  
39612     	0.5352941176470588  	72779.49660700004   	118822.06275199985  	0.6125082743168849  	0.19549221800813657 	0.09604875640302185 
39632     	0.5359765051395007  	72861.40581400004   	118918.03209099986  	0.6127027544337782  	0.19586692067430336 	0.09622768323791953 
39653     	0.5366568914956011  	73395.77654100004   	120765.65636699986  	0.6077537169835314  	0.1962761545424659  	0.09649765710377418 
39714     	0.5357664233576642  	73676.11051100005   	121259.53774199985  	0.6075902306980455  	0.19610236380064186 	0.09648008749474224 
39755     	0.5356622998544396  	73833.85589600005   	121461.84959399985  	0.6078769271404821  	0.19620398460788815 	0.09660268776375401 
39775     	0.5363372093023255  	74127.22385400005   	121884.18485799985  	0.608177541166324   	0.19658655956336674 	0.09686244121885648 
39795     	0.5370101596516691  	74300.97135800005   	122093.62296399985  	0.6085573476667836  	0.1969927241031216  	0.09712706744851296 
39857     	0.5361271676300579  	74409.48969700006   	122212.91546099985  	0.6088512774310285  	0.1968272376500677  	0.09710636441229983 
39877     	0.5367965367965368  	74617.03161100006   	122513.84825599985  	0.6090497741535585  	0.19723731276163756 	0.09737311639300893 
39938     	0.5359195402298851  	74731.59338000006   	122691.73136699985  	0.6091004874359485  	0.19709594615584436 	0.09736332307587983 
40000     	0.5350500715307582  	74858.72504000006   	122875.64746199985  	0.6092234432632442  	0.19697577909528324 	0.09735835955093522 
40066     	0.5357142857142857  	74968.77857500006   	122997.15128299985  	0.6095163814201437  	0.19735472906805793 	0.0976121459106652  
40166     	0.534850640113798   	75132.76648600007   	123183.44517299985  	0.6099258417434501  	0.1970438575104562  	0.09753349975164731 
40200     	0.5355113636363636  	75334.74744000006   	123395.25069299985  	0.6105157776892767  	0.1972383471527266  	0.09762596306125172 
40233     	0.5361702127659574  	75457.62944100007   	123528.80912199985  	0.6108504564832031  	0.19743190317149528 	0.09770834803645827 
40266     	0.5368271954674221  	75636.68804900008   	123788.24652699985  	0.6110167174272294  	0.19764884119906798 	0.09779695839015304 
40300     	0.5374823196605375  	75799.25553300008   	124238.25802899984  	0.6101120277725314  	0.19787876901117707 	0.09790763082081914 
40333     	0.538135593220339   	76159.15420100007   	124780.32790899984  	0.6103458411853321  	0.19808287106187875 	0.09801819377646086 
40366     	0.538787023977433   	76174.67053300007   	124805.43176399983  	0.6103473979966045  	0.19825738941684629 	0.09812331138614457 
40400     	0.5394366197183098  	76404.73541200007   	125080.55796599983  	0.6108442163551019  	0.19846527169071615 	0.09823328483873545 
40433     	0.540084388185654   	76885.58642200007   	126243.23586999983  	0.6090273739590589  	0.19868427301466507 	0.09839184206941591 
40533     	0.5392156862745098  	77158.68982800006   	126596.36770199983  	0.6094858109169999  	0.1983882040801254  	0.09828182500664913 
40700     	0.5368567454798331  	77205.13103400006   	126642.80890799983  	0.6096290164417155  	0.19744164718679613 	0.09788840081850063 
40733     	0.5375              	77489.37078500006   	127059.72098999983  	0.6098657401514271  	0.19759475395024909 	0.09804837317451423 
40800     	0.5373961218836565  	77633.15543400006   	127213.81992799982  	0.6102572462483926  	0.19749865674120862 	0.09807303435944903 
40833     	0.5380359612724758  	77814.85068200006   	127566.29619799982  	0.6099953749634707  	0.19768502052196402 	0.09824764327856926 
40900     	0.5379310344827586  	77921.81225400006   	127673.25776999982  	0.6103221114195602  	0.19758571301135075 	0.0982861155275393  
41071     	0.5363511659807956  	77993.00753500006   	127744.45305099981  	0.610539288965155   	0.19690535099340173 	0.09804537216405972 
41107     	0.536986301369863   	78095.74569500005   	127874.83668399982  	0.6107201989081538  	0.1970335277250234  	0.09821030921002015 
41214     	0.5361527967257844  	78580.69594100004   	128604.00870799982  	0.6110283554179126  	0.19659293610508444 	0.09806333298636451 
41250     	0.5367847411444142  	78997.82140700004   	129380.98149699983  	0.6105829503916068  	0.19668420118577523 	0.09814994069274588 
41321     	0.5366847826086957  	79720.04432000004   	131069.98803199982  	0.6082250064792633  	0.1964988434869787  	0.09816501183308839 
41428     	0.5358592692828146  	79790.39545400004   	131151.2712409998   	0.6083844609281713  	0.1960379482463991  	0.09804462021466377 
41535     	0.5350404312668463  	80051.62276200004   	131562.83321899982  	0.6084668504268672  	0.19559642700086372 	0.09793602766868865 
41571     	0.5356662180349933  	80205.67268800005   	131742.70845299982  	0.608805402817523   	0.19567781167464438 	0.09808902909476969 
41642     	0.5355704697986577  	80345.56077900005   	131882.59654399983  	0.6092203435818346  	0.1955090013665706  	0.09811132168999992 
41678     	0.5361930294906166  	80414.60817000005   	131990.2668309998   	0.609246500523882   	0.1956014554388289  	0.0982675835643166  
41714     	0.536813922356091   	80917.07544500005   	133646.58648799983  	0.6054556092404622  	0.1956865108832142  	0.09845088111485517 
41857     	0.5352862849533955  	81236.20498200005   	134069.48874899984  	0.6059261189105272  	0.1949777493679215  	0.09817247230997847 
41928     	0.5351925630810093  	81462.00040400005   	134441.93368899982  	0.6059270211959571  	0.19479755669306936 	0.09817067762149782 
42000     	0.5350993377483444  	81554.43314300005   	134542.15476399983  	0.6061626802845141  	0.19459901102758034 	0.09815636349697039 
42045     	0.5357142857142857  	81645.00776400005   	134632.72938499984  	0.6064276356644713  	0.19466520869563092 	0.09827390245808874 
42068     	0.5363276089828269  	81655.15316100005   	134642.87478199982  	0.6064572915069427  	0.1947317860346656  	0.09839134316076295 
42090     	0.5369393139841688  	81710.79174800005   	134698.51336899982  	0.6066198483138224  	0.19479962220595076 	0.09851015132188341 
42136     	0.5368421052631579  	81722.11530900004   	134720.3841409998   	0.6066054207763303  	0.19461183342634095 	0.09849947405026555 
42181     	0.536745406824147   	81815.50103200004   	134861.06551199983  	0.6066650943427417  	0.19443157836951885 	0.09849269388701835 
42204     	0.5373525557011796  	81984.30730800005   	135246.10017999983  	0.6061861096097163  	0.19453022832742048 	0.09862917544019291 
42227     	0.5379581151832461  	82520.30096800004   	136338.79137799982  	0.6052591499011619  	0.19466442627821154 	0.09880871920849878 
42272     	0.5378590078328982  	82709.22646800004   	136547.68354699982  	0.6057168039729612  	0.19454619766042133 	0.09877692495421009 
42318     	0.5377604166666666  	83027.05392200004   	136989.9498089998   	0.6060813514988631  	0.1944644437713147  	0.09875549066305751 
42340     	0.5383615084525357  	83304.77127800003   	137668.81403899982  	0.6051099652416622  	0.19459989592611446 	0.09887749682473773 
42363     	0.538961038961039   	83330.11738900004   	137696.72645199983  	0.6051713757919174  	0.1947397515313251  	0.09899937008264843 
42409     	0.538860103626943   	83375.40417000004   	137771.20568099982  	0.6051729296980264  	0.19463519050668968 	0.09899475433828722 
42431     	0.5394566623544631  	83587.28758600003   	138043.99910099982  	0.6055119246787645  	0.194746045458998   	0.09908369829322533 
42454     	0.5400516795865633  	83634.55985200003   	138106.9854349998   	0.6055780566679788  	0.1948610540312329  	0.09917415124937677 
42477     	0.5406451612903226  	83728.49302000004   	138347.9315369998   	0.6052023480929867  	0.19497825491038667 	0.09927441146251191 
42500     	0.5412371134020618  	83950.06876400004   	138668.1154629998   	0.6054028244611146  	0.19512165849583893 	0.09938357094715669 
42522     	0.5418275418275418  	84142.25602500004   	138986.9586179998   	0.6053967714788387  	0.19527827830469666 	0.09950136882004804 
42545     	0.5424164524421594  	84352.91737900003   	139345.7847679998   	0.6053496165631509  	0.19545968090200752 	0.09962830029081024 
42568     	0.5430038510911425  	84554.03952500003   	139866.6248859998   	0.6045333516406574  	0.19566589315483435 	0.09977829494353807 
42613     	0.5428937259923176  	84644.94024400003   	139968.9063009998   	0.6047410277106338  	0.19558787506167655 	0.09977205600669731 
42636     	0.5434782608695652  	84896.93003700003   	140284.77199899981  	0.605175663953072   	0.19576629631649567 	0.09988441269485608 
42659     	0.5440613026819924  	85081.71076100002   	140532.66504499983  	0.6054230219981674  	0.1959538714322079  	0.1000028194707322  
42681     	0.5446428571428571  	85281.96367600003   	140793.85304499982  	0.6057222089713152  	0.19617046884020653 	0.10012634439021768 
42704     	0.5452229299363057  	85549.20180400003   	141077.9152029998   	0.6063968388028813  	0.1964053891761284  	0.1002411363971479  
42772     	0.5444162436548223  	85766.99345900002   	141333.83012699982  	0.606839801779457   	0.1961648630321596  	0.10010407774029922 
42795     	0.5449936628643853  	85853.54447800003   	141430.56229699982  	0.607036718822557   	0.19636692351310314 	0.10020151540735979 
42863     	0.5441919191919192  	85957.47279200003   	141550.53796999983  	0.6072564189774949  	0.19605005397976805 	0.10002494833833524 
42886     	0.544766708701135   	86181.19051200003   	141835.59847999984  	0.6076132609554462  	0.1962527220512621  	0.10010673218664855 
42931     	0.5446540880503145  	86255.92544300003   	142078.70489499983  	0.6070996037495245  	0.19621236776242032 	0.10007133819792363 
43000     	0.543859649122807   	86542.23442200002   	142470.2875359998   	0.6074405823048     	0.19596559103190928 	0.09992012744532161 
43052     	0.5444305381727159  	86717.34759100003   	142669.57736099983  	0.6078194748665814  	0.1962101799310941  	0.10001235571216255 
43210     	0.5416149068322982  	87149.32724900002   	143564.00096899984  	0.6070416445681144  	0.19517148109481647 	0.09945784660108092 
43236     	0.5421836228287841  	87309.26262000002   	144011.09792699985  	0.6062675993502782  	0.1953619901891788  	0.09954534590507796 
43263     	0.5427509293680297  	87487.28758700003   	144292.93684499984  	0.6063171871051407  	0.19558071363614096 	0.0996401412231094  
43289     	0.5433168316831684  	87758.58624700003   	144736.70142799985  	0.6063326397600408  	0.19583189611804847 	0.09974759650829756 
43342     	0.5432098765432098  	87837.86953600003   	144945.60322999986  	0.6060057537352049  	0.19580670043319184 	0.09973030462501846 
43394     	0.5431034482758621  	88007.89836000002   	145175.85456799986  	0.6062158106241932  	0.19580064275652365 	0.09971842284307852 
43473     	0.5423312883435583  	88079.65831800002   	145394.36804299988  	0.6057982816222343  	0.1955190147287211  	0.09958123266671076 
43500     	0.5428921568627451  	88437.23932400001   	145798.7525809999   	0.6065706170899361  	0.1957431462184224  	0.0996788497151697  
43578     	0.5421245421245421  	88515.959264        	145883.2526499999   	0.6067588818873245  	0.195435833833717   	0.09945922973163786 
43605     	0.5426829268292683  	88735.505284        	146199.6527989999   	0.6069474419750949  	0.195613547644602   	0.09948693701778016 
43631     	0.5432399512789281  	89016.070089        	146594.01431699988  	0.6072285454746373  	0.19581219995618543 	0.09952181041333441 
43657     	0.5437956204379562  	89214.618434        	146841.21026599986  	0.6075584522382343  	0.19600172252040002 	0.09955405703260707 
43710     	0.5436893203883495  	89434.312154        	147516.41696199987  	0.6062668413173173  	0.19596721809386838 	0.09949553177417554 
43736     	0.5442424242424242  	89524.007483        	147620.48038899986  	0.6064470678261727  	0.19610886327950836 	0.09950701165547424 
43763     	0.5447941888619855  	89847.71104299999   	148010.07687799985  	0.6070377972782129  	0.19629892207308086 	0.09952422079762988 
43789     	0.5453446191051995  	90012.76144399999   	148336.90953499984  	0.6068129754500624  	0.19650401919588537 	0.09955297517776812 
43815     	0.5458937198067633  	90634.20335899999   	149394.37485299984  	0.6066774833268098  	0.19670785635137    	0.09960666918654681 
43842     	0.5464414957780458  	90703.95372499998   	149464.12521899983  	0.6068610349948358  	0.1969096475582531  	0.0996521942064937  
43868     	0.5469879518072289  	91056.92311799999   	150357.02161799982  	0.6056047275885865  	0.19712584352772936 	0.0997351089139154  
43921     	0.546875            	91416.15878599999   	150849.21714799982  	0.6060101637538535  	0.19713803644581993 	0.09970797208096424 
43947     	0.5474189675870348  	91620.57445299998   	151168.5498579998   	0.6060822475247912  	0.19737885609776148 	0.09980063851063867 
43973     	0.5479616306954437  	91686.73845299998   	151234.7138579998   	0.6062545834489312  	0.19762726592642807 	0.09989328860477908 
44054     	0.5478468899521531  	91960.22195799998   	151561.5637999998   	0.606751604116136   	0.19761581565161362 	0.09984268489111024 
44081     	0.5483870967741935  	92115.45997899998   	151722.4915849998   	0.6071312105192653  	0.19784473801539398 	0.09991123538216555 
44135     	0.5482717520858165  	92467.92153299997   	152154.8613849998   	0.6077224262919011  	0.1978379303442969  	0.09986343514573345 
44243     	0.5468564650059312  	92811.66654199998   	152581.4585879998   	0.6082761785139955  	0.19735298405775356 	0.09953711863071826 
44270     	0.54739336492891    	93136.31193999997   	152956.3790899998   	0.6089076669708453  	0.1975893181117238  	0.09956996619104895 
44297     	0.5479289940828402  	93258.14053199998   	153159.4393779998   	0.6088958076024128  	0.19776136923887877 	0.09959996288293604 
44324     	0.5484633569739953  	93346.10300399998   	153369.6311379998   	0.6086348536628382  	0.1979288187010202  	0.09963825939112124 
44351     	0.5489964580873672  	93444.33152299997   	153469.3032529998   	0.6088796231058243  	0.19811073039828694 	0.09967656241325544 
44378     	0.5495283018867925  	93640.58351099998   	153705.66335999977  	0.6092201254268743  	0.1982262309991682  	0.09968005354917202 
44459     	0.5487661574618097  	93849.19871199997   	153982.06886999978  	0.6094813467614381  	0.19789845265597836 	0.09945469294059331 
44486     	0.5492957746478874  	93993.92699399996   	154150.1424099998   	0.6097556935367614  	0.19805960107125656 	0.09946580369878523 
44513     	0.5498241500586166  	94070.04104099996   	154258.4949789998   	0.6098208144310387  	0.19820205619312775 	0.09946824761617537 
44540     	0.550351288056206   	94168.78120899996   	154398.1591679998   	0.6099087043294047  	0.19835510241455007 	0.09947520039746503 
44567     	0.5508771929824562  	94422.60187899997   	154690.3109389998   	0.6103976474404679  	0.19846768421854022 	0.09947871950557524 
44594     	0.5514018691588785  	95020.57797099996   	155672.1267969998   	0.6103891552461995  	0.19859908586018174 	0.09951224981469653 
44621     	0.5519253208868145  	95188.33401699996   	155992.8338029998   	0.6102096596130266  	0.19871809041443889 	0.09955102399335057 
44702     	0.5511627906976744  	95611.73140099995   	156640.08142699982  	0.6103912263704907  	0.19838562107943455 	0.09936708393277156 
44729     	0.5516840882694541  	95890.58304899995   	156989.76178099983  	0.6108078766484593  	0.19852498610707586 	0.09941494638567694 
44783     	0.5515643105446119  	96175.84135899995   	157397.98984999984  	0.6110360205403859  	0.19845919824193065 	0.09934730354573768 
44864     	0.5508083140877598  	96215.78674199995   	157437.93523299985  	0.6111347090496687  	0.19814667530037702 	0.09916004049303567 
44918     	0.5506912442396313  	96359.08697899996   	157658.22069499985  	0.611189740403153   	0.19807383216355318 	0.0990926029866635  
44945     	0.5512082853855006  	96853.46432299995   	158838.66455999986  	0.6097600013906843  	0.19823684718222573 	0.09918133847902885 
45000     	0.5510907003444316  	97007.50929799995   	159105.80291099986  	0.6097044075272586  	0.19819227934206687 	0.09916210235969711 
45044     	0.551605504587156   	97122.96380999994   	159283.35223799985  	0.6097496219496914  	0.19839141248939318 	0.09926165897728019 
45088     	0.551487414187643   	97223.80966599994   	159384.89841599984  	0.6099938616031401  	0.19834585014682526 	0.09924354142142058 
45111     	0.552               	97231.42942999995   	159392.51817999984  	0.6100125058580089  	0.1985053964397296  	0.09933631169935436 
45177     	0.55125284738041    	97734.92448099995   	160266.77138099985  	0.6098265013940797  	0.19824960378253673 	0.09922739344821828 
45266     	0.5498866213151927  	98032.33641499995   	160696.25753399986  	0.6100474144163465  	0.19774878244474697 	0.0990076347434877  
45311     	0.5497737556561086  	98230.18244199996   	161028.50142199986  	0.6100173669540196  	0.19766568467374324 	0.09899051900789178 
45333     	0.5502824858757062  	98403.24901599996   	161237.18318299987  	0.6103012163411148  	0.1977846547154741  	0.09907902706951607 
45355     	0.5507900677200903  	98429.50419299996   	161263.43835999988  	0.6103646629018833  	0.1979048474628321  	0.0991678027793997  
45377     	0.5512965050732808  	98687.70206899996   	161551.52348999988  	0.6108744748241807  	0.1980154019279796  	0.09925356421365251 
45400     	0.5518018018018018  	98802.99021999996   	161675.70885599987  	0.6111183363234924  	0.19813749172797185 	0.09933970993660499 
45444     	0.5516853932584269  	98840.21973699996   	161733.61292099988  	0.6111297333429341  	0.19803823371427798 	0.09931525668401056 
45488     	0.5515695067264574  	98916.40075199996   	161814.31329899988  	0.6112957422327814  	0.1979273484317562  	0.09924531218075124 
45511     	0.5520716685330347  	99045.98646899995   	161969.27958699988  	0.6115109403558134  	0.19805134160149793 	0.09928817298425043 
45533     	0.5525727069351231  	99169.93927099995   	162115.01646099988  	0.6117258069973878  	0.19818874663791938 	0.09933328900110622 
45577     	0.5524553571428571  	99207.14873199996   	162167.43908199988  	0.6117575099760681  	0.19810110423938385 	0.09926620687093679 
45600     	0.5529542920847269  	99620.71317399996   	162718.40327599988  	0.61222769624297    	0.19821931407012292 	0.099298749442333   
45622     	0.5534521158129176  	99826.54700899996   	163096.1505559999   	0.6120717544141179  	0.19835653281270219 	0.09934178108773901 
45644     	0.5539488320355951  	99977.87573899995   	163531.69926399988  	0.611366947136036   	0.1985039209912632  	0.09940005802924283 
45688     	0.5538290788013318  	100264.30321799996  	163887.1088599999   	0.6117888338835147  	0.1984659337170546  	0.0993529636777708  
45733     	0.5537098560354374  	100451.77488499996  	164166.7595309999   	0.611888637943368   	0.19844933101162127 	0.09931208248901403 
45777     	0.5535911602209945  	100506.02629499996  	164221.0109409999   	0.6120168528928921  	0.19843075353463588 	0.09927093462686079 
45800     	0.5540838852097131  	100895.72319199996  	164794.7494809999   	0.6122508363267533  	0.19866526300041212 	0.09934021101873045 
45822     	0.5545755237045203  	101051.20511499996  	165016.0313319999   	0.6123720483356705  	0.1989186337072906  	0.09941309429798366 
45888     	0.5538461538461539  	101338.96988099995  	165434.1792999999   	0.6125636812767143  	0.1987641194707234  	0.09927502449456456 
45933     	0.5537280701754386  	101554.50656399995  	165766.9104689999   	0.6126343688054178  	0.19881315585740514 	0.09923981354132878 
45955     	0.5542168674698795  	101836.13541799995  	166164.4851159999   	0.6128634247378906  	0.19910926145461108 	0.09931989322488348 
46000     	0.5540983606557377  	101914.59557399995  	166242.9452719999   	0.6130461380316107  	0.19912022692671041 	0.09926627025816138 
46046     	0.5545851528384279  	102244.51325399995  	166776.2129129999   	0.6130641262812256  	0.1993714224271085  	0.09933835706970802 
46093     	0.5544662309368191  	102535.74404199995  	167180.2576859999   	0.6133244765933061  	0.1994142987168016  	0.09930623642918773 
46139     	0.5543478260869565  	102588.47329599995  	167232.98693999992  	0.6134463969886921  	0.19942697369357915 	0.09925923644516502 
46162     	0.5548317046688382  	102662.81588399995  	167307.32952799991  	0.6136181611028505  	0.19966244440270564 	0.0993204794453345  
46209     	0.5547128927410617  	103024.04115199995  	167741.0923959999   	0.6141848707458206  	0.19970424440057558 	0.09927406078341341 
46232     	0.5551948051948052  	103196.81182299995  	167958.7563819999   	0.6144175751592998  	0.19995517098937823 	0.09933794736226971 
46279     	0.5550755939524838  	103263.11731599996  	168041.6540559999   	0.6145090507237421  	0.1999493179404962  	0.09928339146911339 
46325     	0.5549568965517241  	103442.45337699995  	168268.0619029999   	0.6147479932147228  	0.19996854961999858 	0.09923211211863307 
46348     	0.5554359526372443  	103655.13408399996  	168585.2460479999   	0.6148529394706763  	0.20023068704867433 	0.09929342174792397 
46372     	0.5559139784946237  	103689.31010499997  	168667.1223089999   	0.6147570948358274  	0.2004948298020501  	0.09935747000458252 
46395     	0.556390977443609   	103744.37760899997  	168724.96340399992  	0.6148727225419006  	0.20076719539889895 	0.0994216874106063  
46418     	0.5568669527896996  	103811.06012699998  	168791.6459219999   	0.6150248702176409  	0.20101325085270988 	0.09945799347410317 
46441     	0.5573419078242229  	104077.32282599997  	169155.52522699992  	0.6152759283879873  	0.20126952299726353 	0.09950168234745208 
46465     	0.5578158458244111  	104223.24794699997  	169316.8513289999   	0.6155515362406756  	0.20151542114379084 	0.09954066391147451 
46488     	0.558288770053476   	104313.74774999997  	169430.5349639999   	0.6156726576597557  	0.2017721289441411  	0.09958102069189428 
46511     	0.5587606837606838  	104478.10881399996  	169705.2435479999   	0.6156445530479385  	0.20203636205236558 	0.0996320535393069  
46604     	0.5574468085106383  	104589.42482099996  	169902.6570789999   	0.6155843976728913  	0.20162607545675382 	0.09935588797278176 
46674     	0.5567338282078473  	104966.89756599997  	170613.0304779999   	0.6152337677369558  	0.2014324783580544  	0.09920352469395881 
46697     	0.5572033898305084  	105385.35408199998  	171146.36458999992  	0.6157615695458227  	0.2016541226864841  	0.09927905675558944 
46720     	0.5576719576719577  	105489.06512799997  	171253.00053299993  	0.6159837480200678  	0.20188787509358871 	0.09935480145300432 
46837     	0.5557894736842105  	105625.75376999997  	171604.29634699994  	0.6155192848809263  	0.201202612204185   	0.0990024044756645  
46860     	0.5562565720294427  	105741.92670199997  	171869.97457899994  	0.6152437443539375  	0.20136583726174256 	0.09907778390242168 
46883     	0.5567226890756303  	105882.39396499997  	172051.30289599995  	0.6154117532547999  	0.2015247510021399  	0.09914724062641118 
47000     	0.554858934169279   	106397.41254799996  	173137.40968199994  	0.6145258424705511  	0.2008395589853093  	0.09882967873167407 
47051     	0.5553235908141962  	106499.81713799997  	173275.74127999993  	0.614626238798798   	0.2009729074198692  	0.09891231527241168 
47076     	0.5557872784150156  	106836.84793999996  	173700.62437499993  	0.6150631198040563  	0.20110404534838489 	0.09899559291496272 
47102     	0.55625             	107008.80986799997  	173940.38588199992  	0.615203935103341   	0.20124011762962343 	0.09907923259786044 
47128     	0.5567117585848075  	107283.54519299997  	174308.1379559999   	0.6154821366979506  	0.20137279625306861 	0.09916243966876269 
47179     	0.5565939771547248  	107357.76911299997  	174382.3618759999   	0.6156458024656193  	0.20129744787017037 	0.09914231795098556 
47230     	0.5564766839378238  	107557.60205599997  	174610.82823199988  	0.6159847195334964  	0.20119993939219782 	0.09908107490320224 
47256     	0.556935817805383   	107782.23120199998  	174854.0422479999   	0.6164125794079711  	0.20133417072484722 	0.0991246598562933  
47307     	0.5568181818181818  	108003.14928499998  	175104.4429319999   	0.6167927408155026  	0.20126846468846948 	0.09906645570611528 
47410     	0.5555555555555556  	108065.40495499998  	175182.76566699988  	0.6168723535305896  	0.20078954970080753 	0.09880592534054058 
47435     	0.5560123329907503  	108508.87898899998  	176109.3121919999   	0.6161450387739871  	0.20095261189876945 	0.09888420322697243 
47487     	0.5558974358974359  	108827.76919999998  	176538.0344849999   	0.6164550858259775  	0.20089492267338108 	0.0988588512081291  
47512     	0.5563524590163934  	109012.38923599997  	176784.2496539999   	0.6166408458296356  	0.20106025023148388 	0.09893914901270849 
47538     	0.5568065506653019  	109239.23523599998  	177390.4867429999   	0.6158122526280893  	0.2012051877883875  	0.09903969130002108 
47589     	0.5566905005107252  	109503.90645699998  	177740.0260199999   	0.6160903028374612  	0.20113839944894404 	0.09901119771561505 
47641     	0.5565749235474006  	109861.47816899998  	178246.8644369999   	0.6163445203706781  	0.20106270146065977 	0.09898756040209392 
47717     	0.5558943089430894  	109921.24149299998  	178312.4225759999   	0.6164530766001433  	0.2007606865401135  	0.09886148101100294 
47743     	0.5563451776649746  	110147.84435499998  	178606.0778179999   	0.616708264918291   	0.20086990077241862 	0.09893443515909982 
47769     	0.5567951318458418  	110296.71188499998  	178907.0997489999   	0.6165027102878657  	0.20096613638470703 	0.09901348093294064 
47794     	0.5572441742654508  	110412.85341099999  	179162.0473269999   	0.6162736754703331  	0.20106794173021794 	0.09910051806426295 
47820     	0.5576923076923077  	110448.87688999998  	179199.0896269999   	0.6163473102452562  	0.20116203326333482 	0.09918631778403665 
47846     	0.5581395348837209  	110703.63673399999  	179506.73257799988  	0.6167102210826363  	0.2012486204699383  	0.09926914713436116 
47871     	0.5585858585858586  	111090.34648099999  	179948.10086999988  	0.6173465901774374  	0.20137006450185382 	0.09935500020900424 
47923     	0.5584677419354839  	111157.39187399998  	180016.75682499987  	0.6174835822759527  	0.2012956922103746  	0.09934053144324441 
47948     	0.5589123867069486  	111508.06733499999  	180937.58852899988  	0.6162791725121723  	0.20143427488350535 	0.0994509754869088  
47974     	0.5593561368209256  	111790.90555199998  	181263.43636799988  	0.6167316905823345  	0.20154346199505552 	0.09952745685778269 
48000     	0.5597989949748744  	112014.47962299998  	181513.3341799999   	0.6171143300795713  	0.20167548186638293 	0.09960602983060231 
48063     	0.559679037111334   	112176.38603199998  	181695.8614639999   	0.617385476631926   	0.20161352681545916 	0.09957868972380639 
48085     	0.5601202404809619  	112499.95527799998  	182108.9991119999   	0.6177616472913057  	0.20178466778918286 	0.09965705492441389 
