23513     	1.0                 	104.29275200000001  	104.29275200000001  	1.0                 	0.006482394661990108	0.0003577187414147361
23540     	1.0                 	320.69169100000005  	356.801515          	0.8987957660437627  	0.012614410559707325	0.0016765504053120478
23567     	1.0                 	430.64054400000003  	475.207479          	0.9062158384085535  	0.016418192985525198	0.0023739836430702196
23621     	0.8                 	526.885133          	571.4520679999999   	0.922011070576789   	0.015241300992576956	0.0023780134884819983
23756     	0.5                 	711.673195          	756.2401299999999   	0.9410677465635156  	0.010908895068854601	0.0018543309736818209
23783     	0.5454545454545454  	914.369427          	958.9363619999999   	0.9535246166835835  	0.013639383756759639	0.002521051848811155
23810     	0.5833333333333334  	1185.206333         	1286.530827         	0.9212420784068783  	0.017285847433027423	0.0034163792310034137
23837     	0.6153846153846154  	1271.115146         	1372.43964          	0.9261719852393655  	0.020885307794060733	0.004246203348865306
23864     	0.6428571428571429  	1469.206007         	1778.848767         	0.8259308122510001  	0.024514360234495398	0.005801497464223117
23891     	0.6666666666666666  	1633.923372         	1958.99831          	0.8340606337735942  	0.02882360482182751 	0.007239057022596266
23918     	0.6875              	1718.6415299999999  	2274.819716         	0.755506697041481   	0.03297556395732283 	0.00921941968288703 
24073     	0.5714285714285714  	1806.0224139999998  	2530.728408         	0.7136373892555601  	0.029881527422234294	0.009331383834656015
24146     	0.5416666666666666  	2038.5748939999999  	2824.330842         	0.7217904020608362  	0.0315300945041272  	0.010395126167885271
24195     	0.5384615384615384  	2127.311439         	3016.877815         	0.705136757088056   	0.03420012371115444 	0.011381895790393766
24268     	0.5172413793103449  	2357.372946         	3389.2183569999997  	0.695550624860492   	0.035777105887107856	0.012166535939086967
24341     	0.5                 	2528.131202         	3581.6116089999996  	0.7058641410607512  	0.03693599040734807 	0.012796053039270526
24365     	0.5151515151515151  	3094.921598         	4520.153361999999   	0.6846939362762269  	0.040697139504136066	0.014794743824134027
24439     	0.5                 	3237.4643109999997  	4758.504461999999   	0.6803533204294389  	0.04224145399009668 	0.015905196167811584
24560     	0.4634146341463415  	3328.1671779999997  	4930.727876999999   	0.6749849638883245  	0.04066988964588497 	0.016005412764837246
24585     	0.47619047619047616 	3557.607283         	5279.394687999999   	0.6738665118344719  	0.04384213338365866 	0.017774658552687457
24658     	0.4666666666666667  	3768.180351         	5532.589515         	0.6810880042308723  	0.045298685186207235	0.018675571502138284
24707     	0.46808510638297873 	4015.4349119999997  	5967.5481709999995  	0.6728785083819644  	0.04811265213772902 	0.020120652665520086
24756     	0.46938775510204084 	4353.546244         	6382.590762999999   	0.6820970364005775  	0.051110209137826344	0.021474298921841863
24804     	0.47058823529411764 	4549.654936         	6578.699454999999   	0.6915736107297215  	0.05378713447291671 	0.022741102164986322
24853     	0.4716981132075472  	4632.016223         	6705.038135999999   	0.6908262308204118  	0.055913101278104976	0.02386315351738322 
24878     	0.48148148148148145 	4872.969161         	7019.419026         	0.694212604056044   	0.05928545736108368 	0.025447823809675345
24902     	0.4909090909090909  	5562.985526         	8449.023203         	0.6584175936485471  	0.06288487469942215 	0.027781635140798355
24951     	0.49122807017543857 	5843.327919         	8815.249317000002   	0.6628658712727817  	0.06573881165631494 	0.029600424270310476
25000     	0.4915254237288136  	6260.263814         	10047.450631000002  	0.623069875524925   	0.06867183849992163 	0.032157515631461006
25076     	0.4918032786885246  	6381.165366         	10217.119449000002  	0.6245562066541716  	0.07138971412613788 	0.03436815505233149 
25102     	0.5                 	6625.434328         	10529.765239000002  	0.629210070463946   	0.07556503488961243 	0.037087218575555324
25153     	0.5                 	6804.787901000001   	10727.683362000002  	0.6343203533676407  	0.07850894317962073 	0.03894073481883677 
25205     	0.5                 	6894.431073000001   	10817.326534000002  	0.6373507401602488  	0.08129269989683093 	0.04059951861664111 
25230     	0.5074626865671642  	6907.096501000001   	10829.991962000002  	0.6377748501786007  	0.08518934586948007 	0.04279004503317536 
25256     	0.5147058823529411  	7060.252613000001   	10986.374917000001  	0.6426371452220485  	0.08863511160292674 	0.04484426473436646 
25282     	0.5217391304347826  	7175.492092         	11181.336305        	0.6417383303989621  	0.09217278449312785 	0.04691388693132088 
25358     	0.5138888888888888  	7406.714079         	11434.726256        	0.6477386439499213  	0.09291060884923168 	0.04697484634682469 
25384     	0.5205479452054794  	7742.0169240000005  	11940.867059        	0.6483630448062591  	0.09582118597026537 	0.048074311331987515
25410     	0.527027027027027   	7838.697609000001   	12084.821711        	0.6486399052014943  	0.09869346861700702 	0.04918908182792447 
25435     	0.5333333333333333  	8382.702399000002   	13301.354517        	0.6302141927189716  	0.10179571903009495 	0.05085437063155291 
25487     	0.5324675324675324  	8527.495106000002   	13476.394303        	0.6327727516923191  	0.10331787794597024 	0.05178447362812947 
25512     	0.5384615384615384  	8592.419457000002   	13541.318653999999  	0.6345334362589473  	0.10618498519915658 	0.053354993870675486
25564     	0.5375              	8957.798719000002   	14517.990373999999  	0.6170136835909713  	0.1076313804294459  	0.05454499106844818 
25589     	0.5432098765432098  	9147.238302000002   	14717.553387999998  	0.6215189482144654  	0.11022892805556848 	0.05635284416270532 
25615     	0.5487804878048781  	9447.530049         	15119.263669999998  	0.6248670739002994  	0.11321295828468213 	0.05819491981527194 
25692     	0.5411764705882353  	9571.621932         	15243.355552999998  	0.6279209258565276  	0.11325967358082034 	0.05857018295883628 
25743     	0.5402298850574713  	9636.8533           	15317.534087999997  	0.6291386880313632  	0.11444583008957722 	0.05958867803821782 
25794     	0.5393258426966292  	9760.738838000001   	15558.897087999996  	0.6273413072143847  	0.11545168178076363 	0.06057875031814511 
25820     	0.5444444444444444  	10045.044058000001  	16007.621478999996  	0.6275163409615755  	0.11802064455679825 	0.062305750473800575
25871     	0.5434782608695652  	10215.648988        	16178.226408999995  	0.6314443085255009  	0.11849370221924282 	0.06263734131775534 
25897     	0.5483870967741935  	10415.399517000002  	16442.171777999996  	0.6334564349300891  	0.12032929574921926 	0.0636286566119802  
25923     	0.5531914893617021  	10503.519161000002  	16530.291421999995  	0.6354104046236582  	0.12223081609232472 	0.06460289025755794 
25974     	0.5520833333333334  	10681.173282000002  	16718.446662999995  	0.6388855075656501  	0.12287387105237013 	0.06483500911031984 
26000     	0.5567010309278351  	10930.411693000002  	17172.741667999995  	0.6364977651395021  	0.125066777142737   	0.06584020404735946 
26040     	0.5612244897959183  	11144.399278000003  	17448.312310999994  	0.6387092963125267  	0.12726659116310382 	0.06674934394046468 
26060     	0.5656565656565656  	11346.788841000003  	17689.009556999994  	0.6414598174327849  	0.12966053326922053 	0.06766567153146737 
26140     	0.5533980582524272  	11556.680133000003  	18010.651631999994  	0.641658079292753   	0.12836933909737977 	0.06664183357707328 
26160     	0.5576923076923077  	11998.552060000004  	18928.601378999992  	0.6338847662200541  	0.13113222227614926 	0.0678497585315264  
26180     	0.5619047619047619  	12187.465538000004  	19117.51485699999   	0.637502605812674   	0.13381130722847032 	0.06904667971574614 
26220     	0.5607476635514018  	12338.947579000003  	19285.61200199999   	0.6398006751209351  	0.13527771571868985 	0.06957330428635997 
26240     	0.5648148148148148  	12459.580637000003  	19420.168089999992  	0.6415794435587714  	0.13805862640916708 	0.07073664411593053 
26260     	0.5688073394495413  	12568.520525000004  	19540.40923199999   	0.6432066174139995  	0.14089855497010276 	0.07188705739805577 
26360     	0.5526315789473685  	12891.146115000003  	19968.45499899999   	0.6455755398024327  	0.1384334415452774  	0.07038580845140255 
26380     	0.5565217391304348  	13203.568871000003  	20869.66067399999   	0.6326681146018526  	0.14099121001998707 	0.07168749543333304 
26400     	0.5603448275862069  	13430.029250000003  	21201.19926899999   	0.6334561115906848  	0.14353588178994509 	0.07301533205144735 
26420     	0.5641025641025641  	13508.392501000004  	21297.790219999988  	0.6342626329521622  	0.14612419945810742 	0.07433083003571342 
26460     	0.5630252100840336  	13712.655360000004  	21544.064912999987  	0.6364934108477178  	0.14715418857963675 	0.07472894886000447 
26500     	0.5619834710743802  	13971.533613000005  	21894.679865999988  	0.6381245900149584  	0.14825778056995703 	0.07522935640881553 
26520     	0.5655737704918032  	14169.184979000005  	22124.969119999987  	0.6404160341264248  	0.15046805263553928 	0.07629437034423442 
26560     	0.5645161290322581  	14237.489773000005  	22193.273913999987  	0.6415227346884902  	0.15130551418360394 	0.0767094069348638  
26580     	0.568               	14335.379335000005  	22309.480628999987  	0.6425689406845946  	0.15340884347182676 	0.07773937732737976 
26620     	0.5669291338582677  	14566.182688000004  	22632.294298999986  	0.6436016824261434  	0.15445603985784692 	0.0781825483910882  
26720     	0.553030303030303   	14907.844457000005  	23327.012493999988  	0.6390807421582381  	0.1516791794622424  	0.07668284157996434 
26740     	0.556390977443609   	15422.358280000004  	24850.880549999987  	0.6205960488591223  	0.1534688149333513  	0.07797622118437048 
26820     	0.5474452554744526  	15586.283946000003  	25055.711460999988  	0.6220651115918441  	0.15196748777308736 	0.07753267669089509 
26840     	0.5507246376811594  	15838.877889000003  	25418.185193999987  	0.6231317369085344  	0.154017587948443   	0.07883950104018361 
26860     	0.5539568345323741  	16141.961406000002  	25826.594427999986  	0.625013160407229   	0.15625159363749552 	0.08016367369291276 
26920     	0.5492957746478874  	16358.222573000003  	26792.048191999987  	0.6105625988641104  	0.155924020094777   	0.08055659312636097 
27050     	0.5374149659863946  	16467.294470000004  	26941.780911999987  	0.6112177410909536  	0.153010424975657   	0.07929613057420731 
27075     	0.5405405405405406  	16670.637060000005  	27228.69775199999   	0.6122451103551407  	0.15432529938793405 	0.08022361394072317 
27100     	0.5436241610738255  	16893.088505000003  	27522.18266199999   	0.6137990112362844  	0.15581425986351188 	0.08117055182527064 
27150     	0.543046357615894   	17004.783647000004  	27633.87780399999   	0.6153600217678667  	0.15610808440220095 	0.08155987453036753 
27175     	0.5460526315789473  	17045.664801000003  	27699.18887899999   	0.6153849802411757  	0.15742906557747954 	0.08248540137228662 
27250     	0.5419354838709678  	17260.457863000003  	27971.63311699999   	0.6170700792049864  	0.15645572620430634 	0.08191669917303683 
27275     	0.5448717948717948  	17723.977768000004  	28750.90388199999   	0.6164668019044929  	0.15768897143124486 	0.08252895892329995 
27300     	0.5477707006369427  	17903.898672000003  	29003.12694099999   	0.6173092545649045  	0.15880547734071804 	0.08313341117336653 
27350     	0.5471698113207547  	18161.971301        	29326.46080399999   	0.6193032095616118  	0.1589246360384159  	0.08321094959348062 
27375     	0.55                	18332.861724000002  	29726.77629999999   	0.6167120692464728  	0.1598684947938251  	0.08384714275523467 
27400     	0.5527950310559007  	18438.505564000003  	29832.42013999999   	0.6180693848326851  	0.16084869910993116 	0.0844876082202     
27425     	0.5555555555555556  	18719.251928        	30174.10007499999   	0.6203748208387954  	0.16194067623014094 	0.08510909173215303 
27475     	0.5548780487804879  	18776.472914        	30231.32106099999   	0.6210933645973761  	0.16202009245023577 	0.0851945479212069  
27525     	0.5542168674698795  	18859.157943000002  	30378.12005899999   	0.6208138590002275  	0.1620196992219399  	0.084960249249347   
27575     	0.5535714285714286  	19284.755442        	31185.46813499999   	0.6183891599291527  	0.1621165825303788  	0.08484103991739056 
27675     	0.5465116279069767  	19636.436481        	31929.279774999988  	0.6149977894701826  	0.16026481400705492 	0.0837591614332598  
27700     	0.5491329479768786  	19861.339605        	32183.528342999987  	0.6171274756864843  	0.16129546704790831 	0.08416188204095937 
27750     	0.5485714285714286  	20015.804027000002  	32337.992764999988  	0.6189562899730585  	0.16136403697009252 	0.08401663718423524 
27775     	0.5511363636363636  	20234.791910000004  	32624.35918099999   	0.6202356894655724  	0.16245920377215697 	0.08437204028112369 
27800     	0.5536723163841808  	20304.007205000005  	32693.57447599999   	0.6210396853334273  	0.16355936893066506 	0.08473479518282839 
27850     	0.553072625698324   	20462.046304000007  	32908.05254599999   	0.621794506842891   	0.16383020785624877 	0.08463645743358661 
27875     	0.5555555555555556  	20762.227870000006  	33221.59771799999   	0.6249617506731382  	0.16520084581374847 	0.08501957413445624 
27900     	0.5580110497237569  	20922.912425000006  	33488.77694499999   	0.6247738595936954  	0.16665180190289514 	0.08543434617100377 
27950     	0.5573770491803278  	21411.100542000007  	34549.07617899999   	0.6197300451991345  	0.16717368576881855 	0.08555964892686221 
28000     	0.5567567567567567  	21691.619271000007  	35003.47499099999   	0.6196990234991613  	0.16785998096099225 	0.08573719287895562 
28075     	0.5561497326203209  	21722.808164000005  	35034.66388399999   	0.620037578665643   	0.16840769875283473 	0.0856938969957948  
28100     	0.5585106382978723  	21881.033487000004  	35232.225735999986  	0.6210516942914042  	0.1699437873361169  	0.0861208895111987  
28150     	0.5578947368421052  	22153.360257000004  	35539.548614999985  	0.6233438836544439  	0.17036649523596423 	0.08603670327460097 
28200     	0.5572916666666666  	22422.278927000003  	35972.76404199999   	0.623312651227492   	0.17092137895060525 	0.08600523579711171 
28300     	0.5510204081632653  	23087.909478        	37523.93621499999   	0.6152848503342977  	0.16952290819962682 	0.08535402069995346 
28325     	0.5532994923857868  	23171.915629000003  	37838.30864599999   	0.6123930074620177  	0.17076662433584336 	0.0860810809072277  
28350     	0.5555555555555556  	23512.333174000003  	39063.37357699999   	0.6019022685701616  	0.1720823043702582  	0.08704581760013766 
28375     	0.5577889447236181  	23567.365958000002  	39134.04200299999   	0.6022216145266401  	0.17341140967138974 	0.08800665662807468 
28425     	0.5572139303482587  	23806.814118000002  	39430.62190799999   	0.6037646115130102  	0.17398300169000008 	0.08852341882536548 
28475     	0.5566502463054187  	23876.337498        	39520.153712999985  	0.6041559876358978  	0.1745631931285334  	0.08901950997351661 
28500     	0.5588235294117647  	23927.387687000002  	39571.20390199999   	0.6046666597826375  	0.17589349255146314 	0.08992419260820347 
28600     	0.5528846153846154  	24109.365854000003  	39895.47999699999   	0.6043132168309029  	0.17426856422740847 	0.08943649028015735 
28675     	0.5497630331753555  	24209.891855        	40020.989143999985  	0.6049298723699734  	0.17331675680736283 	0.08933799979034725 
28750     	0.5467289719626168  	24305.32532         	40122.087278999985  	0.6057841694771816  	0.17241300764212714 	0.08923552647433639 
28775     	0.5488372093023256  	24433.553692        	40280.54864599999   	0.6065844312780071  	0.17317758796676444 	0.08997363758766369 
28800     	0.5509259259259259  	24574.231236        	40447.07450399999   	0.6075651091544271  	0.17387559361253768 	0.0906016024304632  
28875     	0.547945205479452   	24809.114695        	40789.988437999986  	0.6082157814952408  	0.17279616539061726 	0.09035825267640271 
28925     	0.5475113122171946  	24869.625966        	41070.105093999984  	0.6055408406937155  	0.17231582294609737 	0.0905252225649762  
28950     	0.5495495495495496  	25035.856999        	41287.59861299999   	0.6063771650579142  	0.1727277316332925  	0.09111153686068066 
28975     	0.5515695067264574  	25198.884261        	41547.411578999985  	0.6065091254381946  	0.17318260054915535 	0.09172189155743249 
29050     	0.5511111111111111  	25286.270223        	41656.518481999985  	0.6070183285702654  	0.17256639818914865 	0.09181132104363632 
29125     	0.5482456140350878  	25523.346297        	42022.029547999984  	0.6073801425475122  	0.17120284963667923 	0.09153493389512428 
29150     	0.5502183406113537  	25852.302057        	42446.44430199998   	0.6090569535828446  	0.17147242731598158 	0.09209291570724482 
29175     	0.5521739130434783  	25943.949863        	42612.654119999985  	0.6088320570209066  	0.1717211881116119  	0.09266981137680565 
29200     	0.5541125541125541  	26012.061085        	42680.765341999984  	0.6094562943416304  	0.1719833170911856  	0.09324183026021847 
29300     	0.548936170212766   	26161.734669        	42831.028434999986  	0.6108126660722806  	0.17011576130826303 	0.09261328509260112 
29375     	0.5462184873949579  	26342.563682        	43024.17247099998   	0.612273570160029   	0.16900095818429894 	0.09233190163222643 
29425     	0.5458333333333333  	26465.01306         	43146.62184899998   	0.6133739311647497  	0.1685571504453885  	0.09242920718884821 
29500     	0.5432098765432098  	26698.522198000002  	43456.88034099998   	0.6143681274058442  	0.16741492172549458 	0.09200394052779617 
29525     	0.5450819672131147  	26860.808442        	43747.67909799998   	0.6139939076957343  	0.1676778031385748  	0.0923361632357243  
29550     	0.5469387755102041  	27195.842334        	44194.76955699998   	0.6153633700685848  	0.16809905568804923 	0.09269418119391713 
29650     	0.5421686746987951  	27249.783379        	44255.92172299998   	0.6157319137890236  	0.16645320911038533 	0.09192510010354267 
29775     	0.5354330708661418  	27336.631965        	44342.77030899998   	0.6164845311762502  	0.16412538064741214 	0.09077936130964329 
29825     	0.53515625          	27484.195609000002  	44519.38827799998   	0.6173533975214522  	0.16383910348828845 	0.0907355907325352  
29900     	0.5328185328185329  	27511.023344        	44546.216012999976  	0.6175838445171511  	0.1628220728244983  	0.09014930660122593 
29925     	0.5346153846153846  	27697.914843000002  	44791.36132999998   	0.6183762676676837  	0.16312459427079193 	0.09028059941824279 
29950     	0.5363984674329502  	28046.239946        	45282.92780499998   	0.6193557109817276  	0.16340754759376497 	0.09048332069089535 
30000     	0.5361216730038023  	28418.122586        	45823.96193199998   	0.6201585674361986  	0.16319474369761874 	0.09034144023449198 
30076     	0.5358490566037736  	28742.990619        	46791.03754599998   	0.6142841049579836  	0.16306059832617908 	0.09034203875627078 
30102     	0.5375939849624061  	28845.055255        	46945.80255399998   	0.6144331055331438  	0.16356314559207027 	0.09069452820982576 
30205     	0.5333333333333333  	29002.831692        	47103.57899099998   	0.6157245863958986  	0.16200980603179044 	0.08998854627417978 
30256     	0.5330882352941176  	29227.677136        	47409.64752699998   	0.616492183776619   	0.16172768982438682 	0.08994204979665267 
30307     	0.5328467153284672  	29339.516505        	47534.99490399998   	0.6172193047301902  	0.16149426581889054 	0.08989906550077305 
30333     	0.5345454545454545  	29696.665902        	47980.56843599998   	0.6189310979425265  	0.16198599957634083 	0.09020100331694637 
30358     	0.5362318840579711  	29780.44503         	48064.34756399998   	0.6195953245874379  	0.16246631148472118 	0.09050073323958759 
30410     	0.5359712230215827  	29894.917688999998  	48187.72337099998   	0.6203845211536008  	0.16229882800001572 	0.09044962354875548 
30461     	0.5357142857142857  	30600.948708999997  	49893.89475899998   	0.613320504578972   	0.16221295987089576 	0.09061605893906902 
30512     	0.5354609929078015  	30764.890345999996  	50105.76520799998   	0.613999012255141   	0.16205407899728688 	0.09076778701182664 
30589     	0.5333333333333333  	30815.159932999995  	50162.173913999985  	0.6143106952627437  	0.16118690182470058 	0.090382460501104   
30615     	0.534965034965035   	30937.584713999997  	50352.882602999984  	0.6144153644176225  	0.16150151032070426 	0.09064873450394591 
30666     	0.5347222222222222  	31150.066861999996  	50590.201318999985  	0.615733206230612   	0.16131978314432038 	0.09060500896973696 
30769     	0.5308219178082192  	31238.866612999995  	50679.001069999984  	0.6164065185470319  	0.15990011925166162 	0.08992301217307963 
30794     	0.5324232081911263  	31532.318252999994  	51070.54099999998   	0.6174267520095392  	0.16024488837341394 	0.0901925018719193  
30820     	0.5340136054421769  	31709.566244999995  	51422.32362399998   	0.6166498129656749  	0.16062696366724472 	0.09050235653994218 
30897     	0.531986531986532   	31791.605013999993  	51551.51159899998   	0.6166958839402238  	0.15992809852583229 	0.09020485880942145 
30974     	0.53                	31864.238459999993  	51650.53826699998   	0.6169197752651178  	0.15927216149718135 	0.08991841072842847 
31078     	0.528052805280528   	32148.205856999994  	52034.54838399998   	0.6178242505297729  	0.15862232895671222 	0.08943590523242663 
31105     	0.5296052631578947  	32363.547192999995  	52378.35242399998   	0.6178802061397197  	0.15906972375374856 	0.08957277169170764 
31131     	0.5311475409836065  	32718.244727999994  	52876.30249099998   	0.6187695278725084  	0.15954530622548416 	0.0897480508928013  
31157     	0.5326797385620915  	32806.20701699999   	52972.08963099998   	0.6193111739696475  	0.1599321752077413  	0.08990623703422682 
31210     	0.5324675324675324  	33109.941294        	53912.54265599998   	0.6141417129083441  	0.159809904765187   	0.08987497456756001 
31236     	0.5339805825242718  	33311.697115999996  	54251.079735999985  	0.6140282788490748  	0.16026908657724645 	0.09016035741171073 
31394     	0.526984126984127   	33581.452513        	54559.35023399998   	0.6155031606676448  	0.1581189355838517  	0.08888036775314655 
31421     	0.5284810126582279  	33947.940991999996  	55040.94337599998   	0.616776147169066   	0.1586263157100191  	0.0890507621900371  
31447     	0.5299684542586751  	34103.668216        	55249.72291999998   	0.6172640587787406  	0.15918299501210148 	0.08922937631307148 
31473     	0.5314465408805031  	34257.08291         	55417.42898399998   	0.6181644211587413  	0.159782845540746   	0.08940993358047275 
31552     	0.5295950155763239  	34482.124917999994  	55707.33078699998   	0.6189872038537313  	0.1593363873747568  	0.08900943526202446 
31657     	0.5261538461538462  	34677.383950999996  	56063.297597999976  	0.6185398547130252  	0.1584386187063888  	0.08836545673902436 
31684     	0.5276073619631901  	34859.10421899999   	56319.38125499998   	0.6189539629557851  	0.15897142275722645 	0.08854816816494339 
31710     	0.5290519877675841  	35414.07988199999   	57374.556192999975  	0.6172436395476766  	0.1594603448513945  	0.08879743569648742 
31736     	0.5304878048780488  	35627.32106899999   	57714.56464799998   	0.617302084600141   	0.15998509274385622 	0.08907527075245271 
31763     	0.5319148936170213  	35816.98832599999   	57904.23190499998   	0.6185556244794472  	0.16043952881706736 	0.0893148734060947  
31842     	0.5301204819277109  	36263.88371599999   	58861.05356599998   	0.6160930108962094  	0.15981162849028405 	0.08902566831012107 
31868     	0.5315315315315315  	36503.80073599999   	59193.99557099998   	0.6166808032449114  	0.16020719920967497 	0.08929319341710787 
31894     	0.5329341317365269  	36806.95355399999   	59590.43943999998   	0.6176654157930809  	0.16070718200539846 	0.08957654289657364 
31947     	0.5327380952380952  	37151.351728999995  	60077.02226999998   	0.6183953585787468  	0.16083893210084851 	0.08961656357798072 
31973     	0.5341246290801187  	37430.76418099999   	60482.18138499998   	0.6188725889817707  	0.16154585887425332 	0.08994716899765955 
32000     	0.5355029585798816  	37956.902104999994  	61614.24145099998   	0.6160410517296723  	0.16229357458852448 	0.09027164789161099 
32173     	0.527536231884058   	38028.644937        	61685.98428299998   	0.6164876086362505  	0.15997183272377288 	0.08896576435441897 
32239     	0.5258620689655172  	38458.388876        	62283.32022099998   	0.6174749313225122  	0.15953322610803014 	0.0887348238603903  
32260     	0.5272206303724928  	38580.661355        	62423.40189399998   	0.6180480426317216  	0.15992307637637942 	0.0889151465098299  
32282     	0.5285714285714286  	38770.790175999995  	62756.98134299998   	0.6177924646199471  	0.16027435517311012 	0.08909246471466944 
32304     	0.5299145299145299  	39180.174912999995  	63385.23609699998   	0.6181277743139051  	0.16061780765276004 	0.08929640918516155 
32326     	0.53125             	39288.531349        	63510.39370799998   	0.6186157738154768  	0.1610014607268986  	0.0895031544641014  
32347     	0.5325779036827195  	39496.213191999996  	63754.47504999998   	0.6195049549231605  	0.1613896812389872  	0.08970104436331375 
32391     	0.532394366197183   	39753.238154        	64213.16893399998   	0.6190823286553486  	0.1613808103179927  	0.08967607256058673 
32434     	0.5322128851540616  	39911.958674        	64414.23262899998   	0.6196139741953739  	0.16140701931423973 	0.08966545732382124 
32456     	0.5335195530726257  	40065.318080000005  	64567.59203499998   	0.6205174580195264  	0.16187649129934178 	0.08988035815270133 
32478     	0.5348189415041783  	40211.798201000005  	64752.93615799998   	0.6210034723812595  	0.16229994617258553 	0.09007821999022905 
32500     	0.5361111111111111  	40465.831768000004  	65541.90321999998   	0.6174039779127429  	0.16276241060602958 	0.09036205285556509 
32543     	0.5359116022099447  	40515.946739000006  	65592.01819099998   	0.6176962968423997  	0.16273152968505403 	0.09031375514414164 
32586     	0.5357142857142857  	40857.795016000004  	66070.33074799998   	0.6183985240188435  	0.1628009759498486  	0.09029163061385959 
32630     	0.5355191256830601  	41163.363851        	66489.92742199998   	0.6190917248223675  	0.16293464261529858 	0.09028770859323744 
32652     	0.5367847411444142  	41420.699299        	66882.86732699999   	0.6193020866836977  	0.16358638252769236 	0.09055535668943074 
32673     	0.5380434782608695  	41663.455735999996  	67232.39906199998   	0.6196931288675127  	0.1643132199669981  	0.09084088464747446 
32826     	0.5306666666666666  	41703.092657999994  	67272.03598399999   	0.619917207023713   	0.1622603192376176  	0.08963593479016004 
32869     	0.5305039787798409  	41733.67279699999   	67302.61612299999   	0.6200899043913678  	0.16241748836506717 	0.08964873844340161 
32891     	0.5317460317460317  	42214.703794999994  	68016.67739499999   	0.6206522490042017  	0.16297175860621607 	0.08997667752014868 
32956     	0.5301837270341208  	42385.37950799999   	68275.79561599999   	0.6207965667128346  	0.16269556935698218 	0.0898532502093852  
33119     	0.524547803617571   	42480.11390899999   	68412.69086799999   	0.6209390884940333  	0.1608546220643677  	0.0889276006449435  
33166     	0.5244215938303342  	42646.68284699999   	68618.69456399999   	0.6215023925764697  	0.16070080470335424 	0.08892877510434    
33214     	0.5242966751918159  	42810.40800199999   	68797.45079999999   	0.6222673588074283  	0.16056400144666683 	0.08893428600316668 
33285     	0.5228426395939086  	42961.96573499999   	68982.876282        	0.6227917426836875  	0.16004999323327473 	0.08871866679118173 
33309     	0.5240506329113924  	43228.70591799999   	69386.424896        	0.6230138817901836  	0.16041871688887344 	0.08897450374171109 
33333     	0.5252525252525253  	43314.64592499999   	69500.41711699999   	0.6232285750469994  	0.16080556369341603 	0.08923244686105568 
33357     	0.5264483627204031  	43705.72336499999   	70367.87059199999   	0.6211033955881681  	0.16124063791645124 	0.08956453674347002 
33380     	0.5276381909547738  	43797.29609199999   	70459.443319        	0.6215958291596333  	0.16170174790941377 	0.08989729981424605 
33404     	0.5288220551378446  	43840.39326699999   	70502.540494        	0.6218271421117223  	0.1621012384513063  	0.09018842467574797 
33428     	0.53                	44101.82314899999   	70874.192777        	0.6222550327700078  	0.16249617511511935 	0.09041315686622514 
33452     	0.5311720698254364  	44254.44670799999   	71056.319454        	0.6228080352043728  	0.16291729801965976 	0.09064151501701169 
33476     	0.5323383084577115  	44653.65688699999   	71751.025931        	0.6223417199628835  	0.16338603868751592 	0.09092213024814969 
33500     	0.533498759305211   	44869.00353699999   	72148.048044        	0.6219018359254337  	0.16389323149485086 	0.09122993827668063 
33595     	0.5307125307125307  	44951.60574099999   	72235.15392299999   	0.6222954240385055  	0.16320870911576474 	0.09086221609310755 
33619     	0.5318627450980392  	45078.19669299999   	72449.58758899999   	0.6222008736436784  	0.16376291904560544 	0.09118102303478832 
33642     	0.5330073349633252  	45267.003399999994  	72753.64245399999   	0.6221956987049961  	0.16436399057534515 	0.09151520106531542 
33690     	0.5328467153284672  	45385.28922399999   	72928.79232699999   	0.6223233345274699  	0.16459402624978853 	0.09163185597303813 
33714     	0.5339805825242718  	45430.441804999995  	72989.509121        	0.622424268255958   	0.16520350418109173 	0.09197104574711965 
33761     	0.533816425120773   	45626.85297099999   	73241.827331        	0.6229616959828115  	0.16542993105919376 	0.09208975599819948 
33785     	0.5349397590361445  	45671.16028899999   	73286.134649        	0.6231896457323006  	0.16606794492130847 	0.09242998190877692 
33904     	0.530952380952381   	45746.004349999996  	73360.97871         	0.623574073770696   	0.16511027282942198 	0.09188112867242779 
33928     	0.5320665083135392  	45818.04360899999   	73433.017969        	0.6239433551313694  	0.16568478393217065 	0.09216459939340875 
33952     	0.533175355450237   	45881.721764999995  	73496.69612499999   	0.6242691737730136  	0.16622501038256143 	0.09243144082789939 
33976     	0.5342789598108747  	46110.186150999994  	73904.00918299999   	0.6239199559095996  	0.16671962603670765 	0.09263998158609892 
34000     	0.535377358490566   	46402.30121699999   	74295.80145099999   	0.6245615540954021  	0.1672474408093969  	0.09285217034684937 
34056     	0.5352112676056338  	46525.25330799999   	74535.79292299999   	0.6242001524832963  	0.16734079729601922 	0.09278919619561668 
34075     	0.5362997658079626  	46617.003808999994  	74631.06120399998   	0.6246327341048378  	0.1678129408212006  	0.09294046672380525 
34094     	0.5373831775700935  	46884.217183999994  	75027.12163099999   	0.6248969194711609  	0.16831382225151328 	0.09310687915673367 
34113     	0.5384615384615384  	47019.422203999995  	75517.12516599998   	0.6226325763943343  	0.16881754015301254 	0.09330902063060242 
34207     	0.5345622119815668  	47119.116147999994  	75644.92047399998   	0.6228986143781508  	0.1676906469075271  	0.09262903512024306 
34226     	0.535632183908046   	47197.932976        	75723.73730199998   	0.6232911192400091  	0.16814169947342708 	0.09281043116712079 
34264     	0.5354691075514875  	47258.41420299999   	75786.47851799997   	0.6235731640674621  	0.16816851796955246 	0.09268148982489698 
34283     	0.5365296803652968  	47498.59196599999   	76064.78476099997   	0.6244491733624615  	0.16861781572366777 	0.0927876047774172  
34301     	0.5375854214123007  	47577.76781499999   	76211.48853999998   	0.6242860325451925  	0.16908529434009895 	0.09290407128512716 
34320     	0.5386363636363637  	47674.860779999995  	76308.58150499998   	0.6247640807852809  	0.16956908372799187 	0.0930243340344346  
34339     	0.5396825396825397  	47983.159610999995  	77583.67643099999   	0.618469784087564   	0.1700615481219004  	0.09325896225939119 
34358     	0.5407239819004525  	48448.060239        	78586.97010599998   	0.6164897332681499  	0.1705622678663908  	0.09355816236856977 
34396     	0.5405405405405406  	48656.592619999996  	78956.27514499998   	0.616247315753487   	0.17063264456596172 	0.09365253498494515 
34415     	0.5415730337078651  	48850.000082        	79175.42112499998   	0.6169844048556049  	0.1711223207319044  	0.09396466006283866 
34433     	0.5426008968609866  	48955.297794        	79357.67282299997   	0.6168943222817321  	0.17162637396931696 	0.09428499244138892 
34471     	0.5424107142857143  	49188.566101        	79768.29073299997   	0.6166431002720583  	0.17171968864803458 	0.09441342721411472 
34528     	0.541019955654102   	49457.107562        	80125.09862199998   	0.6172486326078673  	0.17135792312498116 	0.09429911244438775 
34603     	0.5384615384615384  	49721.026911999994  	80461.94057899997   	0.6179446649460608  	0.17061053964069423 	0.09395371089769208 
34698     	0.5347826086956522  	49877.453408999994  	80618.36707599997   	0.6186859796103272  	0.16949023722923098 	0.09340835084428935 
34716     	0.5357917570498916  	50146.23646199999   	81033.93300399996   	0.618830095035924   	0.16988885512136156 	0.09370584449407163 
34811     	0.5321888412017167  	50316.89118199999   	81261.98694799996   	0.6191934639033386  	0.1688186686303409  	0.09319831258595095 
34867     	0.5309168443496801  	50482.13162199999   	81771.82618799996   	0.6173536042345139  	0.16849951000390687 	0.09313653721237605 
34905     	0.5307855626326964  	50611.148908999996  	81977.93865499996   	0.6173752321584283  	0.16854625683285243 	0.09324497415955608 
34943     	0.5306553911205074  	50726.590339999995  	82136.49235799996   	0.6175889532621283  	0.16859256820362137 	0.09335203970301655 
34962     	0.5316455696202531  	50955.166882        	82474.21436899996   	0.617831491598334   	0.16903054693670305 	0.09366453183462518 
35040     	0.5303983228511531  	51298.531984999994  	83089.06678399997   	0.6173920826232976  	0.16867633184079694 	0.09359198386184335 
35061     	0.5313807531380753  	51469.020281        	83259.55507999996   	0.6181755383096388  	0.1690250385853451  	0.09391744856962395 
35081     	0.5323590814196242  	51582.522905        	83465.21434799996   	0.6180122259068522  	0.169392382020633   	0.09425170750300872 
35102     	0.5333333333333333  	51670.364802        	83570.40814999996   	0.6182854187962946  	0.16977703344573733 	0.09458794898860769 
35163     	0.5320910973084886  	52022.20488899999   	84056.15773499996   	0.6188982019973842  	0.16952017025097194 	0.09453568915269142 
35183     	0.5330578512396694  	52160.78898699999   	84214.26391799995   	0.6193818785590686  	0.16999222939185654 	0.09487768817980734 
35244     	0.5318275154004107  	52278.40888299999   	84341.33808499995   	0.6198432473328007  	0.16971880435269363 	0.09481217184347637 
35265     	0.5327868852459017  	52309.99178199999   	84372.92098399995   	0.6199855495333602  	0.17012017370566934 	0.09512188381089173 
35306     	0.5326530612244897  	52448.64954799999   	84567.21362399995   	0.6202007527550275  	0.1702028341202792  	0.0952419346540043  
35326     	0.5336048879837068  	52631.246519999986  	84769.92718399996   	0.6208716731083138  	0.1706588788356272  	0.0955578313177449  
35367     	0.5334685598377282  	52917.54478199998   	85056.22544599995   	0.6221478146311112  	0.17070742858101934 	0.09565336548382877 
35408     	0.5333333333333333  	53099.862920999985  	85256.99939699995   	0.6228211559937739  	0.17074941203927654 	0.09572963366816195 
35428     	0.5342741935483871  	53285.37991399998   	85714.37268199994   	0.621662134910426   	0.17110680956570676 	0.09596883911498817 
35469     	0.5341365461847389  	53757.95109899998   	86482.76080899994   	0.6216030870906887  	0.17118868468107987 	0.09605628678579603 
35489     	0.5350701402805611  	53968.00325499998   	86781.27552499995   	0.6218853425293672  	0.1716368183248905  	0.0963265508696856  
35551     	0.5338645418326693  	54283.442029999984  	87220.42366399994   	0.6223707676440164  	0.17145759977095487 	0.0962287704115253  
35612     	0.5326732673267327  	54504.98846799998   	87586.87136599995   	0.6222963284102198  	0.17132552984964736 	0.09614845321306217 
35632     	0.5335968379446641  	54635.94652099998   	87777.03387899995   	0.6224401088366152  	0.17187242589921528 	0.09643573118005559 
35653     	0.534516765285996   	54743.93411399998   	87891.43395899996   	0.6228585841429918  	0.1724359902986636  	0.09671208015891972 
35693     	0.5343811394891945  	55091.72945799998   	88352.92451799996   	0.6235416626959106  	0.17273962374379073 	0.09681248758173708 
35734     	0.5342465753424658  	55234.41331299998   	88541.05909199995   	0.6238282428450265  	0.17305303852444423 	0.09691337313198417 
35775     	0.5341130604288499  	55408.026564999986  	88975.95728999995   	0.6227303223544786  	0.17332233610887535 	0.09703435842794556 
35836     	0.5329457364341085  	55528.888622999984  	89130.06168499995   	0.6230096509890014  	0.17327438837699244 	0.09697015853038918 
35857     	0.5338491295938105  	55722.071995999984  	89542.36075399995   	0.622298446531753   	0.1738834123419525  	0.0972434802136052  
35877     	0.5347490347490348  	56122.443192999985  	90044.43895399995   	0.6232749500684952  	0.17453757745415624 	0.0974559234181815  
35897     	0.535645472061657   	56268.12545599999   	90230.82211099996   	0.6236020479429988  	0.17518394658826994 	0.09766780856897428 
35918     	0.5365384615384615  	56541.936958999984  	90581.92574399996   	0.6242077157732017  	0.17588828654332658 	0.09788810447575967 
35938     	0.5374280230326296  	56639.09238099999   	90679.08116599996   	0.6246103473116881  	0.1764872930316343  	0.09807686392257406 
35979     	0.5372848948374761  	57000.66217299999   	91142.96233299996   	0.6253983929635988  	0.17683293931177185 	0.09808889454706525 
36000     	0.5381679389312977  	57296.13027699999   	91579.96271999995   	0.6256404629927548  	0.17755904589511617 	0.09820622160555621 
36060     	0.539047619047619   	57607.51678499999   	91966.77855699995   	0.6263948535426357  	0.17833680110849576 	0.09832433192501595 
36121     	0.538899430740038   	57637.750779999995  	91997.01255199996   	0.6265176355310571  	0.17867089454693236 	0.09823426418729518 
36151     	0.5397727272727273  	57997.159091999994  	92486.58296999996   	0.6270872728730029  	0.17934739383258588 	0.09836335870900897 
36181     	0.5406427221172023  	58243.178034        	92809.79022599995   	0.6275542471561757  	0.1800490281674275  	0.09850541019266523 
36242     	0.5404896421845574  	58374.933720999994  	92990.36431699996   	0.6277525004849156  	0.18040667979100075 	0.09846175028201458 
36272     	0.5413533834586466  	58699.535796        	93445.42634199996   	0.6281691688276553  	0.181166012080141   	0.09861599419832927 
36303     	0.5422138836772983  	58942.113133        	93739.21180199996   	0.6287882306659468  	0.18189218290452944 	0.0987561951387071  
36333     	0.5430711610486891  	58975.006747        	93797.61062699996   	0.6287474313340754  	0.1826021118564752  	0.09889099654156909 
36363     	0.5439252336448598  	59196.259975        	94515.56678699996   	0.6263122783615586  	0.18333505494160213 	0.09907412019383094 
36393     	0.5447761194029851  	59473.677656        	94830.98978799996   	0.6271544543503845  	0.18407900343336503 	0.09925541523522405 
36424     	0.5456238361266295  	59654.03496         	95153.71337399996   	0.626922826705994   	0.18479380198398235 	0.0994331964654245  
36454     	0.5464684014869888  	59813.514698        	95321.63318899996   	0.6274915011097653  	0.1855139189473465  	0.09960407774384815 
36484     	0.5473098330241187  	59838.391299        	95356.05895499996   	0.6275258431898774  	0.18623811623464595 	0.09977528363282016 
36575     	0.5461254612546126  	60121.824668        	95803.13267299996   	0.627555936748027   	0.1862214994932641  	0.09956449865132151 
36606     	0.5469613259668509  	60479.397986        	96494.58526399995   	0.6267646813604532  	0.18687498149566573 	0.09976774608003451 
36666     	0.5467889908256881  	60823.72301         	97069.96195899995   	0.6265967533364286  	0.18724511570754962 	0.09981515396864898 
36727     	0.546617915904936   	60971.041611        	97240.77785399996   	0.6270110436852289  	0.18754919701207892 	0.09982968693464886 
36818     	0.5454545454545454  	61221.235139000004  	97597.86169699996   	0.6272804964627814  	0.18736331208748416 	0.09962098582964107 
36848     	0.5462794918330308  	61699.32842600001   	98924.19356199996   	0.6237031226070137  	0.18779988841176998 	0.09984346539096857 
36878     	0.5471014492753623  	61914.08517600001   	99230.38435599995   	0.6239428132604666  	0.18808187290917094 	0.10005065608518213 
36909     	0.5479204339963833  	62098.87592300001   	99537.46853399996   	0.6238743745204682  	0.18834388740739866 	0.10020878788653875 
36939     	0.5487364620938628  	62182.42664900001   	99644.98912099996   	0.6240396752263301  	0.18861091205517194 	0.1003693979625408  
36969     	0.5495495495495496  	62321.58204900001   	99791.98793099997   	0.6245148868273028  	0.18887386417810573 	0.10050524253232132 
37000     	0.5503597122302158  	62727.65894200001   	100451.73017799997  	0.6244557344193764  	0.18917364778838194 	0.10067441057567628 
37037     	0.5511669658886894  	62963.97236700001   	100807.32566099997  	0.624597190275025   	0.18940434599651543 	0.10084644909410839 
37055     	0.5519713261648745  	63059.43914500001   	100902.79243899997  	0.6249523687178641  	0.1896558705242753  	0.10101981323610006 
37111     	0.5508021390374331  	63173.26042600001   	101058.14901699997  	0.6251179250806683  	0.18923274183716812 	0.10083728770467561 
37129     	0.5516014234875445  	63690.38452400001   	102195.13416599997  	0.623223258560872   	0.18952694938138978 	0.10108437413939614 
37166     	0.5514184397163121  	63808.91720100001   	102351.85074499997  	0.6234270971804304  	0.18944901517420143 	0.10112806615123517 
37277     	0.5473684210526316  	64028.87115700001   	102619.15026299997  	0.6239466122346762  	0.1879653268179765  	0.10046438741580216 
37296     	0.5481611208406305  	64358.19522000001   	103056.66352099998  	0.6244932935063017  	0.18821290764716378 	0.10070172249846912 
37351     	0.5470383275261324  	64390.84659100001   	103089.31489199998  	0.6246122273531272  	0.1877310796982719  	0.10056644936115361 
37370     	0.5478260869565217  	64496.32458400001   	103198.99552399998  	0.6249704685255462  	0.18789883480065395 	0.10076826205036264 
37407     	0.5476603119584056  	64553.805812000006  	103256.47675199999  	0.6251792414634141  	0.18774475488419257 	0.10079472088181612 
37425     	0.5484429065743944  	64675.082626        	103404.72294699999  	0.6254557894724903  	0.18794014782529933 	0.10099869332316709 
37481     	0.5473321858864028  	64865.743639        	103685.927445       	0.6255983356411401  	0.187522234632818   	0.10086283011033477 
37592     	0.5434412265758092  	64987.441078        	103850.125961       	0.625781052036523   	0.18609843175154522 	0.10021030263932927 
37629     	0.5432937181663837  	65243.508483000005  	104265.970737       	0.6257411504619271  	0.18599996424995788 	0.10026433703309848 
37648     	0.5440677966101695  	65365.942556        	104392.118338       	0.6261578325708331  	0.18624446750566212 	0.10048911907469509 
37685     	0.543918918918919   	65481.119843        	104542.316256       	0.6263599486609025  	0.18616996023864235 	0.10053518587696654 
37740     	0.5428571428571428  	65575.45098         	104638.301051       	0.6266868854076574  	0.18579915110002557 	0.10041263274652848 
37759     	0.5436241610738255  	65705.07918399999   	104837.930651       	0.6267300277294557  	0.18607931637439998 	0.10063683641227063 
37777     	0.5443886097152428  	65735.31124399998   	104871.540731       	0.6268174452839772  	0.18635548783488712 	0.1008579459350007  
37814     	0.5442404006677797  	65840.50939999998   	104981.122057       	0.627165228470806   	0.18633395089750002 	0.1009108606316982  
37870     	0.5431893687707641  	66018.94061999998   	105447.025935       	0.626086321872137   	0.1860111739191831  	0.1008169175772623  
37925     	0.5421487603305785  	66241.40494599998   	105713.650367       	0.6266116505865942  	0.18572949277394296 	0.10072716704413298 
37962     	0.5420098846787479  	66297.69801499999   	105769.943436       	0.6268103760036126  	0.18574160484267774 	0.10075357159063215 
38093     	0.5392156862745098  	66341.99247699999   	105814.237898       	0.6269665953739664  	0.18476047550395516 	0.10023455488155343 
38116     	0.5399673735725938  	66735.428976        	106967.94280500001  	0.6238825130783068  	0.18501212465688996 	0.10045996186945776 
38162     	0.5398373983739837  	66829.317725        	107072.65828200002  	0.6241492347092934  	0.18494982068710206 	0.10051270822895554 
38186     	0.5405844155844156  	67039.811732        	107327.19908200002  	0.6246302177398696  	0.18516755826122935 	0.10068164213137337 
38209     	0.5413290113452188  	67151.629941        	107510.71321200002  	0.6246040783729518  	0.18534721207972674 	0.10083734124098113 
38232     	0.5420711974110033  	67393.35708900001   	107811.69008800002  	0.6251025007955165  	0.18555146391302196 	0.10100062519656335 
38279     	0.5419354838709678  	67712.65398700001   	108212.59106000002  	0.6257372947428619  	0.18549307383099092 	0.10100810036387717 
38325     	0.5418006430868167  	67991.011687        	108559.75617000002  	0.6263003352782861  	0.1854095534364497  	0.10098514417570768 
38372     	0.5416666666666666  	68049.321425        	108658.91029800002  	0.6262654506507831  	0.18530416684540196 	0.10094416258555944 
38465     	0.5398089171974523  	68164.709038        	108812.31510700002  	0.626442962554106   	0.18450786116078738 	0.10056875111099312 
38488     	0.5405405405405406  	68279.253429        	108926.85949800002  	0.6268357845224911  	0.18460131529711724 	0.10068263009811901 
38534     	0.5404120443740095  	68924.402738        	110087.16809500002  	0.6260893429334244  	0.18438140450007012 	0.10067181619086887 
38558     	0.5411392405063291  	69437.67705         	111615.79274300001  	0.6221133707295626  	0.18449194866363433 	0.10091841378720336 
38581     	0.5418641390205371  	69531.13896699999   	111712.14789600001  	0.6224134105068947  	0.18458371846504434 	0.10116334108857829 
38651     	0.5408805031446541  	69853.91935899999   	112207.98309600001  	0.6225396574434119  	0.18414214610987772 	0.10110600817496296 
38674     	0.5416012558869702  	70026.443753        	112418.24708400002  	0.6229099418413414  	0.1842681415911538  	0.10135566064609342 
38720     	0.5414710485133021  	70088.618448        	112533.78747100002  	0.6228228874466866  	0.1840958553072711  	0.10136827759794297 
38790     	0.5404984423676013  	70389.192587        	112985.73089300001  	0.6229918772102304  	0.18365238711995813 	0.10116127528426014 
38813     	0.5412130637636081  	70558.438922        	113207.68314700002  	0.6232654618536797  	0.18381154877437889 	0.10127497245414596 
38883     	0.5402476780185759  	70636.23667500001   	113308.60990700002  	0.623396904550995   	0.1833943406334423  	0.10107536843222498 
38906     	0.5409582689335394  	70753.54692200001   	113446.97016900002  	0.6236706614253308  	0.18352300613912811 	0.10109952715203505 
38930     	0.5416666666666666  	70980.99894900002   	113708.01134000003  	0.6242392080603597  	0.18366148374588295 	0.10111686742358034 
39000     	0.5407066052227343  	71098.14952200002   	113877.92108900002  	0.6243365600820378  	0.1832515752596088  	0.100828747470918   
39040     	0.5414110429447853  	71359.11368200002   	114241.29073900002  	0.6246350441280444  	0.18339199032137113 	0.1008128615107002  
39061     	0.5421133231240429  	71529.23001700002   	114411.40707400002  	0.6251931677646069  	0.183492733888881   	0.10078587564678759 
39081     	0.5428134556574924  	71786.44954600002   	114732.39217000002  	0.6256859827313056  	0.1836269922766183  	0.1007606883205812  
39102     	0.5435114503816794  	72262.29515500001   	115756.84286800002  	0.6242593816885819  	0.1837981978075441  	0.10078865349260532 
39122     	0.5442073170731707  	72350.28789300002   	115844.83560600002  	0.6245447845346395  	0.18397206221420462 	0.10081820294927357 
39142     	0.5449010654490106  	72432.41402500002   	115926.96173800003  	0.6248107682551055  	0.18415764243458146 	0.10084789210141169 
39183     	0.5447647951441578  	72565.99368800002   	116078.19797100003  	0.6251474864050636  	0.18408850640045535 	0.10072600066756707 
39204     	0.5454545454545454  	72675.38847500001   	116199.46131600003  	0.6254365351777497  	0.18431533052155466 	0.10075814619397529 
39244     	0.5453172205438066  	72942.05183800001   	116621.32634500002  	0.6254606607904293  	0.1843031141692704  	0.10065311600173656 
39285     	0.5451807228915663  	73029.19469400002   	116708.46920100003  	0.6257403185387189  	0.18426554907034115 	0.10054414513362214 
39346     	0.5442278860569715  	73133.15286200002   	116835.54870900002  	0.6259494962800346  	0.1839564286428807  	0.10028656294398386 
39387     	0.5440956651718983  	73268.51498200002   	117091.62393800002  	0.6257366028230651  	0.18393281955728044 	0.10019397906611408 
39408     	0.5447761194029851  	73511.49345800003   	117425.23655000002  	0.6260280636241138  	0.1842196391697569  	0.10025870249336305 
39428     	0.5454545454545454  	73716.65172800003   	117746.23842900002  	0.6260637512632774  	0.18453770552135723 	0.10033349938766185 
39448     	0.5461309523809523  	73988.18871300003   	118100.61095500003  	0.626484385768265   	0.184909541982972   	0.10041581446614216 
39591     	0.5419734904270986  	74149.96731100003   	118274.94435200002  	0.6269287862890138  	0.18358356417822377 	0.09957660041070902 
39612     	0.5426470588235294  	74296.49359700002   	118575.50237100002  	0.6265754064827027  	0.18391180250537495 	0.09963756939088582 
39632     	0.5433186490455213  	74378.40280400003   	118676.87182700002  	0.6267303953918196  	0.18423998360014077 	0.0996948401228147  
39653     	0.5439882697947214  	74912.77353100003   	119722.53120100002  	0.6257199273980459  	0.18459247048241045 	0.09979472812264939 
39673     	0.5446559297218155  	75014.37618400002   	119824.13385400001  	0.6260372912471995  	0.18490817580434604 	0.09988065878255586 
39693     	0.5453216374269005  	75328.23315300002   	120420.32936200002  	0.6255441548125402  	0.1852456698125876  	0.09999826665451361 
39714     	0.545985401459854   	75608.56712300003   	120795.70191700001  	0.6259210048297204  	0.18561095528414875 	0.10011385968655516 
39755     	0.5458515283842795  	75766.31250800003   	120997.70226100001  	0.626179762856712   	0.18572764556453766 	0.10008842432795972 
39795     	0.5457184325108854  	75940.06001200003   	121202.80140100002  	0.6265536698343465  	0.1858407450623285  	0.10005669895588423 
39857     	0.5447976878612717  	76048.57835100003   	121335.38681800001  	0.6267633898515604  	0.18568923498006845 	0.09988173055848579 
39918     	0.543884892086331   	76145.91894300003   	121566.44128000001  	0.6263728553805044  	0.1855352254738701  	0.09971347766248763 
39938     	0.5445402298850575  	76260.48071200003   	121723.5026         	0.626505802766803   	0.18593545887662866 	0.09983654256925134 
40066     	0.5428571428571428  	76370.53424700003   	121835.228409       	0.6268345801480725  	0.1854550546169356  	0.09950579666577043 
40166     	0.5419630156472262  	76534.52215800004   	122008.334498       	0.6272892952182264  	0.18511511960942983 	0.09929422058772788 
40200     	0.5426136363636364  	76736.50311200003   	122228.74152        	0.6278106291345872  	0.18526601392929007 	0.09932199359820205 
40233     	0.5432624113475177  	76859.38511300004   	122367.741255       	0.6281016902390485  	0.18542591641745482 	0.09935144140753112 
40266     	0.5439093484419264  	77038.44372100005   	122615.861653       	0.6282910113131777  	0.18560996283707773 	0.09938625188863572 
40300     	0.5445544554455446  	77201.01120500005   	122900.972779       	0.6281562257755483  	0.18579606325245063 	0.09942457864048321 
40366     	0.5444287729196051  	77216.52753700005   	122916.489111       	0.6282031653805983  	0.18563537325336385 	0.09930188637149116 
40400     	0.5450704225352113  	77446.59241600004   	123205.487315       	0.6285969408001447  	0.18576199303753757 	0.09932527794097532 
40466     	0.5449438202247191  	77585.39941500004   	123351.905658       	0.6289760908121668  	0.18563709141155288 	0.0992071514377638  
40533     	0.5448179271708683  	77858.50282100003   	123705.945665       	0.6293836759620557  	0.18554682509755277 	0.09909573325422462 
40566     	0.5454545454545454  	77913.01534600003   	123760.45819        	0.6295469206035591  	0.18570020142092764 	0.09911875001305594 
40633     	0.5453277545327755  	78292.27387200003   	124681.08595600001  	0.6279402627246077  	0.1855882127192879  	0.09904152385006763 
40666     	0.5459610027855153  	79005.45915400004   	126102.79984200001  	0.6265162966483664  	0.18573454519167532 	0.09916389322109795 
40700     	0.5465924895688457  	79051.90036000004   	126149.24104800001  	0.6266537927875496  	0.18588075834424886 	0.09928729975039656 
40800     	0.5457063711911357  	79195.68500900004   	126311.39915800001  	0.6269876316541786  	0.18551261432068392 	0.09913152321310174 
40833     	0.5463347164591977  	79377.38025700004   	126942.63730100001  	0.6253011749612889  	0.18565204669496665 	0.09925663144553787 
40866     	0.5469613259668509  	79504.81108900004   	127118.79568200001  	0.6254371012756369  	0.18580010799394428 	0.09938718059987645 
40900     	0.5475862068965517  	79611.77266100004   	127225.75725400001  	0.6257520047772954  	0.18593369740299678 	0.09951733253202616 
41071     	0.5459533607681756  	79682.96794200003   	127296.952535       	0.6259613160817136  	0.18525622836714356 	0.0992277547254613  
41107     	0.5465753424657535  	79785.70610200003   	127407.606365       	0.6262240409212951  	0.1852804821705674  	0.09928306833138766 
41178     	0.546448087431694   	80000.24776100002   	127765.550225       	0.6261488141374302  	0.18503798020248344 	0.09916832620104445 
41250     	0.5463215258855586  	80417.37322700002   	128324.497605       	0.6266720285516758  	0.18476645743781156 	0.09902176190460804 
41357     	0.5454545454545454  	80631.55037400001   	128616.11894        	0.6269163697251275  	0.18422481538925345 	0.0987407368081575  
41428     	0.5453315290933695  	80701.90150800001   	128692.935143       	0.6270888251816334  	0.1839328476349881  	0.09859653947000838 
41464     	0.5459459459459459  	80794.65207800001   	128793.00861399999  	0.6273217230303719  	0.18389746867551446 	0.09858723426410579 
41500     	0.5465587044534413  	81264.99571100001   	129730.847665       	0.6264122772160414  	0.1838810134212263  	0.09862484456832775 
41535     	0.5471698113207547  	81526.22301900001   	130109.21990899999  	0.626598353875463   	0.18389498690114017 	0.09867389456587    
41571     	0.5477792732166891  	81680.27294500002   	130291.162386       	0.62690570449448    	0.18389588473520202 	0.09871900139216525 
41607     	0.5483870967741935  	81947.68524000002   	130737.17756099999  	0.6268124092075069  	0.18391037962811435 	0.09878248515782911 
41642     	0.548993288590604   	82087.57333100002   	131073.55135199998  	0.6262710705880901  	0.18393933904881551 	0.09886000391878332 
41678     	0.5495978552278821  	82156.62072200002   	131142.59874299998  	0.6264678411856263  	0.18396733303533544 	0.0989376208481345  
41750     	0.5494652406417112  	82294.02646700002   	131389.273746       	0.6263374788575949  	0.1837601159846831  	0.09889119775601476 
42045     	0.544973544973545   	82384.60108800002   	131603.51231199998  	0.6260060969549668  	0.1820786916446972  	0.09806047157440019 
42068     	0.5455746367239102  	82394.74648500003   	131618.65668199997  	0.6260111488910846  	0.18209465626638566 	0.09814581023142203 
42090     	0.5461741424802111  	82450.38507200002   	131713.84670599998  	0.6259811487856587  	0.18211186492444262 	0.09823447628039637 
42136     	0.5460526315789473  	82461.70863300002   	131728.686004       	0.625996592955433   	0.18188998491449307 	0.09819386244788182 
42159     	0.5466491458607096  	82719.00360600001   	132022.746165       	0.6265511512888777  	0.1819184309235206  	0.09828807867836047 
42272     	0.5443864229765013  	82907.92910600001   	132278.284364       	0.6267690082663614  	0.18102578806336167 	0.09787398550663527 
42340     	0.5435630689206762  	83185.646462        	132776.985295       	0.6265065159988427  	0.18059320020398617 	0.09771901336803271 
42363     	0.5441558441558442  	83210.99257300001   	132802.33140599998  	0.6265777994409558  	0.1806336578570722  	0.0978186877514045  
42386     	0.5447470817120622  	83304.38832900001   	132912.832416       	0.6267595597411395  	0.1806801639953221  	0.09792115095350765 
42409     	0.5453367875647669  	83349.67511000001   	132997.042461       	0.626703222625732   	0.1807320747547808  	0.09802601799673925 
42477     	0.5445161290322581  	83443.60827800001   	133282.998447       	0.6260634083137121  	0.18029393309108913 	0.09787502811135189 
42500     	0.5451030927835051  	83665.18402200002   	133636.857104       	0.6260636910735591  	0.18034942331384057 	0.09798735076170771 
42522     	0.5456885456885456  	83857.37128300001   	134015.421325       	0.6257292664822357  	0.18041956868932887 	0.0981137672413409  
42545     	0.5462724935732648  	84068.03263700001   	134261.305693       	0.6261523541952495  	0.18052341519063253 	0.0982446373993474  
42568     	0.5468549422336328  	84269.154783        	134638.231249       	0.6258932102810575  	0.1806482833147584  	0.0983899209696796  
42590     	0.5474358974358975  	84887.712996        	135902.366041       	0.6246227749293966  	0.18078631259741157 	0.09856183411933711 
42681     	0.5459183673469388  	85087.965911        	136178.321006       	0.6248275443728744  	0.1802257212438198  	0.09835750694990097 
42704     	0.5464968152866242  	85355.204039        	136605.14568000002  	0.6248315436004591  	0.1803913143286976  	0.09854063670144349 
42727     	0.5470737913486005  	85711.820821        	137555.53650500003  	0.6231070227979115  	0.1805866360690534  	0.09877056745246664 
42772     	0.5469543147208121  	85929.612476        	137883.80338800003  	0.6232030910417896  	0.1805797224785079  	0.09888291755553313 
42795     	0.5475285171102662  	86016.163495        	137992.97222400003  	0.6233372765924081  	0.18079086767098748 	0.09911193819839689 
42886     	0.5460277427490542  	86239.881215        	138320.44149500004  	0.6234789325633939  	0.18029280218450544 	0.0989380839265101  
42931     	0.5459119496855346  	86314.616146        	138563.54791000002  	0.6229244086768273  	0.18025671239947838 	0.09902916090033463 
43000     	0.5451127819548872  	86600.925125        	138976.315131       	0.6231344171369732  	0.18003138160845206 	0.09900622808537954 
43052     	0.5456821026282853  	86776.038294        	139259.628084       	0.6231241565693222  	0.18027734908953036 	0.09923509567680071 
43184     	0.5435323383084577  	87035.787906        	139553.796843       	0.6236719449770077  	0.1795478230234287  	0.09889319996459048 
43236     	0.543424317617866   	87195.723277        	139713.732214       	0.6241027413357051  	0.17949028481365267 	0.09891695465365063 
43263     	0.5439900867410161  	87373.748244        	139917.66991499998  	0.6244654324009224  	0.17967298545830593 	0.09906542406712335 
43289     	0.5445544554455446  	87645.046904        	140282.39687499998  	0.6247758012154369  	0.1798262011251578  	0.09913115907667082 
43315     	0.5451174289245982  	87846.987439        	140598.01139799997  	0.624809601256207   	0.18001086990973125 	0.0992043813155703  
43342     	0.5456790123456791  	87926.270728        	140763.70702899998  	0.6246373627392857  	0.18016335762179841 	0.09927265322691965 
43394     	0.5455665024630542  	88096.299552        	140993.95279399998  	0.6248232481340076  	0.18011381374692834 	0.09922360453990826 
43473     	0.5447852760736196  	88168.05950999999   	141065.712752       	0.625014100095347   	0.17982471612236753 	0.09904848412992731 
43500     	0.5453431372549019  	88525.64051599998   	141615.051423       	0.6251146303056199  	0.18001130523140768 	0.09909717754561288 
43526     	0.5458996328029376  	89001.65978699998   	142352.019813       	0.6252223179124298  	0.1802248139044721  	0.09916857584693176 
43578     	0.5457875457875457  	89080.37972699998   	142434.45759799998  	0.6254131284609239  	0.18022986897204318 	0.09911908006955095 
43631     	0.5456760048721072  	89360.94453199998   	142883.79179299998  	0.625409946157223   	0.18024016296831313 	0.09907197686601411 
43657     	0.5462287104622872  	89559.49287699998   	143151.26669999998  	0.6256283646074087  	0.18049650889011923 	0.09914922974031003 
43710     	0.5461165048543689  	89779.18659699998   	143414.37178299998  	0.6260124803450291  	0.1805215708302926  	0.09910740908706075 
43736     	0.5466666666666666  	89868.88192599997   	143504.067112       	0.6262462363234653  	0.1807311718207611  	0.09917713954910956 
43789     	0.5465538089480049  	90033.93232699997   	143769.895804       	0.6262363328811359  	0.18073725073830044 	0.09913494574196088 
43842     	0.5464414957780458  	90103.68269299997   	143839.64617        	0.626417577435563   	0.18069256145388354 	0.0990681381030481  
43868     	0.5469879518072289  	90456.65208599997   	144413.693015       	0.6263717116949873  	0.18088608654690558 	0.0991480404343944  
43947     	0.5462184873949579  	90661.06775299997   	144654.904708       	0.6267403648428524  	0.1805636587391683  	0.09893779840606277 
43973     	0.5467625899280576  	90727.23175299997   	144724.1428         	0.6268976965258624  	0.1806825708929005  	0.09896610516235918 
44054     	0.5466507177033493  	91000.71525799997   	145128.922383       	0.627033631641294   	0.18054993999052982 	0.09885835293045717 
44081     	0.5471923536439666  	91155.95327899996   	145297.827979       	0.6273731310847592  	0.18064337635823666 	0.09886982142056722 
44135     	0.5470798569725864  	91508.41483299996   	145756.18063299998  	0.627818418646749   	0.1805256213019745  	0.0987613511729621  
44243     	0.5456702253855279  	91852.15984199996   	146297.522633       	0.6278449435703642  	0.17998158634019926 	0.09840161998853232 
44297     	0.5455621301775148  	91973.98843399997   	146468.253459       	0.6279448703861668  	0.179839327825242   	0.09826590942288634 
44324     	0.5460992907801419  	92061.95090599997   	146596.959027       	0.6279935922070807  	0.17990883530221427 	0.09825060087072322 
44351     	0.5466351829988194  	92160.17942499997   	146695.187546       	0.628242691302336   	0.17999103295744795 	0.09823535640454903 
44378     	0.5471698113207547  	92356.43141299997   	147107.09835000001  	0.6278176406774321  	0.18008926050588284 	0.09823254928712082 
44405     	0.5477031802120141  	92855.15455899997   	148387.485633       	0.6257613582634212  	0.18021831086130613 	0.09828690785110342 
44432     	0.548235294117647   	93304.65772299997   	149211.104874       	0.6253197964172322  	0.1803675397536497  	0.09838288238837505 
44459     	0.5487661574618097  	93513.27292399996   	149517.61451400002  	0.6254331519932315  	0.18054390003655554 	0.0984855352841605  
44486     	0.5492957746478874  	93658.00120599996   	149697.61654000002  	0.6256479119089651  	0.18074036600895133 	0.0985904990200654  
44513     	0.5498241500586166  	93734.11525299995   	149773.73058700003  	0.6258381552334508  	0.1809285949191739  	0.09869105459326614 
44540     	0.550351288056206   	93832.85542099996   	149872.47075500002  	0.6260846635029503  	0.18112000760249172 	0.09879248981914045 
44729     	0.5470383275261324  	94111.70706899995   	150199.74963700003  	0.6265769902842541  	0.1799919544925904  	0.098193304690561   
44783     	0.5469293163383546  	94396.96537899996   	150552.94856400002  	0.6270017710006645  	0.1799266316512824  	0.09816496368777594 
44837     	0.5468208092485549  	94614.41580099995   	150948.68995600002  	0.6267985222566627  	0.17984214126117795 	0.09814277416511193 
44891     	0.5467128027681661  	94917.33832899995   	151765.257894       	0.6254220474839813  	0.17975010162746613 	0.09814719523376154 
44918     	0.5472350230414746  	95060.63856599995   	151947.616564       	0.6256145421403212  	0.17988272241877543 	0.09826730595503143 
45000     	0.5464982778415615  	95214.68354099995   	152108.667577       	0.6259648779896166  	0.17959795813420903 	0.09815035031733224 
45044     	0.5470183486238532  	95330.13805299994   	152296.14392899998  	0.6259524082070166  	0.17973841161511162 	0.09826350407881965 
45088     	0.5469107551487414  	95430.98390899994   	152427.57265        	0.6260742872821701  	0.17965950458801935 	0.09825650286381718 
45111     	0.5474285714285714  	95438.60367299995   	152435.192414       	0.6260929786725198  	0.17976136958505592 	0.09835441545516131 
45266     	0.54421768707483    	95736.01560699995   	152823.098764       	0.6264499043750064  	0.17859428079241635 	0.0977348939920688  
45288     	0.5447338618346546  	96140.26792299995   	153331.424677       	0.6270095521875182  	0.17864293371158418 	0.09778523231765106 
45311     	0.5452488687782805  	96338.11394999996   	153573.855174       	0.6273080391245526  	0.1786997542286312  	0.09783946694612368 
45333     	0.5457627118644067  	96511.18052399995   	153787.546191       	0.6275617429004015  	0.17875661191373807 	0.09789665693899152 
45355     	0.54627539503386    	96537.43570099995   	153829.537694       	0.6275611117874751  	0.17881660221042445 	0.09795496534469067 
45400     	0.5461711711711712  	96652.72385199995   	153944.82584499998  	0.6278400285392843  	0.17862140620938635 	0.09784110420646686 
45444     	0.5460674157303371  	96689.95336899995   	154009.621426       	0.6278176160277003  	0.17843065100820235 	0.09772946540197587 
45511     	0.5453527435610303  	96819.53908599995   	154162.835568       	0.6280342387922258  	0.17804653769698917 	0.0974982491413907  
45533     	0.5458612975391499  	96943.49188799995   	154369.59818200002  	0.6279960110649809  	0.17807550460911858 	0.09749209033315441 
45577     	0.5457589285714286  	96980.70134899995   	154407.888199       	0.6280812624288454  	0.17790386543453945 	0.0973770148650568  
45622     	0.5456570155902004  	97186.53518399995   	154658.359642       	0.6283949694602048  	0.1777484067011534  	0.09726576393468662 
45644     	0.5461624026696329  	97337.86391399994   	154848.58995        	0.6286002600697234  	0.17779931372915894 	0.09727161207069739 
45733     	0.5448504983388704  	97525.33558099995   	155129.720828       	0.6286695744726514  	0.17728374031418095 	0.09696139152515278 
45777     	0.5447513812154696  	97579.58699099995   	155184.127809       	0.6287987590528621  	0.17717134741762677 	0.09686752740189725 
45800     	0.5452538631346578  	97969.28388799995   	155632.098723       	0.6294927890317116  	0.1772827906381191  	0.0968815255701261  
45866     	0.5445544554455446  	98377.22128699995   	156627.34541        	0.6280973544528896  	0.17703137948961048 	0.09672341020795633 
45888     	0.545054945054945   	98664.98605299994   	156971.204262       	0.628554686299779   	0.17720475313137615 	0.09678385786747763 
45955     	0.5443592552026287  	98946.61490699994   	157405.697193       	0.6286088538820703  	0.1770248059521538  	0.0966404425883858  
46000     	0.5442622950819672  	99025.07506299994   	157484.157349       	0.6287938846035851  	0.17701233882809378 	0.09659090550601988 
46046     	0.5447598253275109  	99354.99274299994   	158320.943275       	0.6275543253328304  	0.17720970112075218 	0.09667982267806662 
46069     	0.5452562704471101  	99589.34781499994   	158815.108303       	0.6270772905622778  	0.17742202747917343 	0.09678617512790641 
46116     	0.545157780195865   	99948.33115699995   	159888.66838        	0.6251120368296357  	0.17746433831926528 	0.09682685052099034 
46139     	0.5456521739130434  	100001.06041099995  	159941.397634       	0.625235629363676   	0.17769255596351521 	0.09696713740620128 
46186     	0.5455531453362256  	100605.03084599995  	161290.97366699998  	0.6237486733368494  	0.17774553472511667 	0.09705962065729871 
46232     	0.5454545454545454  	100777.80151699996  	161463.744338       	0.6241512726599281  	0.17779601889071278 	0.09715279938974708 
46255     	0.5459459459459459  	101040.35471599996  	161736.64971899998  	0.624721452382912   	0.17804684597366563 	0.09731442861431307 
46279     	0.5464362850971922  	101106.66020899997  	161811.81172799997  	0.6248410368147707  	0.17826531587935607 	0.09747191008591004 
46302     	0.5469255663430421  	101418.22062299997  	162468.20887399997  	0.6242342506628697  	0.17849459449859661 	0.09765018919681076 
46325     	0.5474137931034483  	101597.55668399997  	162687.89897899996  	0.6244936305749106  	0.17871725267283994 	0.09779054217908946 
46348     	0.5479009687836384  	101810.23739099997  	162938.97912999996  	0.6248365979375091  	0.17893825207408498 	0.09792431955871918 
46372     	0.5483870967741935  	101844.41341199998  	162973.15515099996  	0.6249152709698588  	0.17915995419859834 	0.0980581932218417  
46395     	0.5488721804511278  	101899.48091599999  	163028.22265499996  	0.625041966700695   	0.17938488931374608 	0.09819188637419182 
46418     	0.5493562231759657  	101966.16343399999  	163094.90517299995  	0.62519527097331    	0.1796094507151403  	0.09832564011585257 
46441     	0.5498392282958199  	102232.42613299999  	163643.66703799996  	0.6247258325570303  	0.1798479512580302  	0.09847555299135465 
46465     	0.550321199143469   	102378.35125399998  	163833.59292899995  	0.6248923033652041  	0.18008245154921793 	0.0986213331644574  
46488     	0.5508021390374331  	102468.85105699998  	163925.96318399993  	0.6250922615716648  	0.18032991243295832 	0.09876748701315452 
46581     	0.549520766773163   	102648.08856899999  	164143.37542699993  	0.6253562673606102  	0.17999717977283938 	0.09859856252205923 
46604     	0.55                	102759.40457599999  	164254.69143399992  	0.6256101647927074  	0.18024456284234733 	0.09874623002684858 
46627     	0.5504782146652497  	102835.47658499998  	164330.76344299992  	0.625783477362531   	0.18047746699112835 	0.09889158514030229 
46651     	0.5509554140127388  	103023.45712899999  	164692.4540419999   	0.6255505616713133  	0.18072516327206123 	0.09904832705768157 
46720     	0.5502645502645502  	103127.16817499998  	164809.8727849999   	0.6257341652677136  	0.18060183266043636 	0.09899563883131354 
46837     	0.5484210526315789  	103263.85681699998  	165032.8689769999   	0.6257169099532017  	0.18003336332629805 	0.0987214697743068  
46860     	0.5488958990536278  	103380.02974899998  	165261.9650359999   	0.6255524659075677  	0.1802250846055186  	0.09887235349789536 
46883     	0.5493697478991597  	103520.49701199998  	165528.3039449999   	0.6253945370357733  	0.18042059097452615 	0.09903190942053844 
47000     	0.5475444096133751  	104035.51559499998  	166465.02238299992  	0.6249692223969839  	0.17986372520630786 	0.09880350911104561 
47051     	0.5480167014613778  	104137.92018499998  	166578.13537899993  	0.6251595982153633  	0.18002980342116906 	0.0989370967339142  
47076     	0.5484880083420229  	104474.95098699997  	166986.65450799992  	0.6256485064319606  	0.18023000315317567 	0.09907542366883788 
47102     	0.5489583333333333  	104646.91291499998  	167208.7588249999   	0.6258458806247289  	0.18043404392302761 	0.09921232007338045 
47128     	0.5494276795005203  	104921.64823999998  	167571.4253559999   	0.6261309051772844  	0.1806049808923923  	0.09934492599237484 
47153     	0.5498960498960499  	105237.18734899999  	168051.00758399992  	0.6262216981733799  	0.18078546245297603 	0.09949774212955216 
47179     	0.5503634475597092  	105311.41126899999  	168130.47952699993  	0.6263671617738301  	0.18095786529045385 	0.09963450035280308 
47256     	0.5496894409937888  	105536.040415       	168376.09690899993  	0.6267875449805546  	0.18075982481068434 	0.09952815416739369 
47307     	0.5495867768595041  	105756.95849799999  	168609.59646999993  	0.6272297705001443  	0.18075182370961834 	0.09952219142869903 
47358     	0.5494845360824743  	106266.39573999999  	169310.07898499994  	0.6276436487246261  	0.18072629566193196 	0.09948036817171875 
47384     	0.5499485066941298  	106600.43611499999  	169922.81604799995  	0.6273462186789995  	0.1808983692793158  	0.09956541166149543 
47410     	0.5504115226337448  	106662.69178499999  	170025.76500199994  	0.6273325209490771  	0.18107774692977877 	0.09965227249932926 
47487     	0.5497435897435897  	106981.581996       	170425.83615899994  	0.6277310084381267  	0.18086769300322125 	0.0995265676512908  
47512     	0.5502049180327869  	107166.20203199999  	170685.75227099995  	0.6278567519909385  	0.1810448956538079  	0.0996105495466048  
47538     	0.5506653019447287  	107393.04803199999  	171316.36820699993  	0.6268697448818084  	0.1812372432563456  	0.09971967418010573 
47564     	0.5511247443762781  	107558.976587       	171720.10018399992  	0.6263621816651016  	0.18143827109563715 	0.0998451752351162  
47589     	0.5515832482124617  	107823.647808       	172069.63946099993  	0.6266279638043789  	0.18162873562776025 	0.09994638732042023 
47641     	0.5514780835881753  	108181.21952        	172672.80781899992  	0.6265098766066185  	0.18163027465213133 	0.09995668967377037 
47717     	0.5508130081300813  	108240.982844       	172732.57114299992  	0.6266390995499665  	0.18141911814820294 	0.09986286848977104 
47769     	0.550709939148073   	108389.850374       	172881.4386729999   	0.6269605991596136  	0.18137149609423214 	0.09985970211192247 
47794     	0.5511651469098278  	108505.99190000001  	172997.5801989999   	0.627211038299987   	0.18151163559606603 	0.09995876155554824 
47820     	0.5516194331983806  	108542.015379       	173033.6036779999   	0.6272886484002669  	0.18163586449120525 	0.10005475788287027 
47871     	0.5515151515151515  	108928.725126       	173458.3765229999   	0.6279819245947831  	0.18156950221915522 	0.10002427219984399 
47923     	0.5514112903225806  	108995.770519       	173525.4219159999   	0.6281256620241075  	0.18151199995736078 	0.09999393166772953 
48000     	0.5507537688442211  	109219.34459        	173804.0445619999   	0.6284050803607101  	0.1812548357794862  	0.09985284963981685 
48063     	0.5506519558676028  	109381.250999       	174042.5764609999   	0.6284740965295382  	0.18119745125319162 	0.09981678409944388 
48085     	0.5511022044088176  	109704.820245       	174505.6723199999   	0.6286604829889352  	0.1813595979982083  	0.09988992857104237 
48106     	0.5515515515515516  	110355.971459       	175815.7209309999   	0.6276797710388479  	0.18155539815215138 	0.1000039981177996  
48127     	0.552               	110478.60415399999  	175938.3536259999   	0.6279392859890535  	0.18175371333306975 	0.10011534626224969 
