23513     	1.0                 	104.29275200000001  	107.40882400000001  	0.9709886778017418  	0.0050234975662535085	0.00046599149732076727
23540     	1.0                 	320.69169100000005  	352.90082400000006  	0.9087303547922574  	0.011766547461490834	0.0014290485422310162
23567     	1.0                 	430.64054400000003  	462.84967700000004  	0.9304112445129782  	0.015815163220153847	0.0018772155155861593
23594     	1.0                 	598.215897          	694.262464          	0.861656690401168   	0.02050765679374145 	0.0029921897279408215
23621     	1.0                 	694.4604860000001   	790.507053          	0.8785000505239009  	0.023908386571723665	0.0038610275342761727
23648     	1.0                 	1361.3086280000002  	2191.62528          	0.6211411414272425  	0.02917165892595069 	0.012454524389148706
23702     	0.875               	1798.2714640000002  	2759.7192050000003  	0.651613925337741   	0.030104026898992914	0.017767331292147245
23756     	0.8                 	1983.0595260000002  	2944.5072670000004  	0.6734775451990759  	0.03180692912240005 	0.021356799247117732
23783     	0.8181818181818182  	2185.7557580000002  	3191.1089640000005  	0.6849517777857992  	0.036955344893793075	0.026248366063516628
23864     	0.7142857142857143  	2383.8466190000004  	3508.8562050000005  	0.6793799687781734  	0.03588092239637155 	0.0268764212441475  
23891     	0.7333333333333333  	2548.5639840000003  	3689.9431420000005  	0.6906783887782735  	0.04094792120413436 	0.031020301334361733
23918     	0.75                	2633.2821420000005  	3774.6613000000007  	0.6976207751408053  	0.04568944310076495 	0.034779968562839304
24073     	0.6190476190476191  	2720.6630260000006  	3904.1741360000005  	0.6968600608546217  	0.040613719122790416	0.031117976215592653
24146     	0.5833333333333334  	2953.2155060000005  	4183.4621720000005  	0.7059261885444867  	0.041720747053858   	0.03139460280831146 
24170     	0.6                 	3216.8568550000005  	4474.198301         	0.7189794994739104  	0.04636041153820623 	0.033776019812716614
24341     	0.5                 	3387.6151110000005  	4688.935899         	0.7224699129972049  	0.040865162141022704	0.029137913778775268
24414     	0.4857142857142857  	3483.1442380000008  	4784.465026         	0.7280112236314215  	0.04161867856606862 	0.029150989491677295
24439     	0.5                 	3625.6869510000006  	4967.816326         	0.729835145479169   	0.04489109586318954 	0.030862324174486682
24487     	0.5                 	3779.8969030000007  	5210.218002         	0.7254776866436387  	0.04599798633606554 	0.03175425540468627 
24536     	0.5                 	3921.943440000001   	5389.48666          	0.7277025971894698  	0.04708462783904884 	0.032647441450743386
24560     	0.5121951219512195  	4012.646307000001   	5520.949801         	0.726803621049624   	0.04938147321870744 	0.03433025919443774 
24585     	0.5238095238095238  	4242.086412000001   	5779.636081         	0.7339711968968866  	0.052118564003499755	0.03597931085636011 
24658     	0.5111111111111111  	4452.65948          	6014.088771         	0.7403714260871526  	0.05289510628318783 	0.035950327813064   
24707     	0.5106382978723404  	4699.914041         	6335.961155999999   	0.7417839101726968  	0.05517350035875095 	0.03680463809758143 
24756     	0.5102040816326531  	5038.025373         	6736.252962         	0.7478972956360306  	0.05783756666655879 	0.037614458105551314
24780     	0.52                	5245.8442430000005  	6960.414191         	0.7536684023463742  	0.06203217832475731 	0.03916169920712134 
24804     	0.5294117647058824  	5441.952935         	7252.888433         	0.7503152689126715  	0.06595572556288279 	0.040711986004688505
24853     	0.5283018867924528  	5524.314222         	7335.24972          	0.7531187666232582  	0.06790431393740291 	0.041303373094844616
24878     	0.5370370370370371  	5765.26716          	7608.4607989999995  	0.7577442155919033  	0.07132802916011215 	0.04268302742072431 
24951     	0.5263157894736842  	6045.609553         	7974.472903         	0.7581202703348129  	0.07240748571814312 	0.04255346222026983 
25102     	0.5                 	6289.878515         	8251.11332          	0.7623066453049272  	0.07118867885133635 	0.04096831322629082 
25128     	0.5079365079365079  	7052.045122         	9832.13875          	0.7172442640722498  	0.07508195480823635 	0.04304457533457721 
25153     	0.515625            	7231.398695000001   	10022.219462000001  	0.7215366538737645  	0.07896357869675437 	0.04482531649084215 
25205     	0.5151515151515151  	7321.041867000001   	10111.862634000001  	0.7240052730130867  	0.08142889228463875 	0.04572565987068636 
25230     	0.5223880597014925  	7333.707295000001   	10124.528062000001  	0.7243505326954764  	0.08500927209322622 	0.0472681919989723  
25256     	0.5294117647058824  	7486.863407000001   	10280.911017        	0.7282295697939704  	0.088201956051633   	0.0487111794134004  
25282     	0.5362318840579711  	7602.102886000001   	10407.356699        	0.7304547260045825  	0.09145659993086121 	0.05012727397484049 
25358     	0.5277777777777778  	7833.3248730000005  	10655.865008        	0.7351186287663227  	0.09202489124824018 	0.05005414233682809 
25384     	0.5342465753424658  	8168.627718000001   	11191.124093        	0.7299202162461448  	0.09511428057667562 	0.0515461343116119  
25410     	0.5405405405405406  	8265.308403         	11335.078745        	0.7291796192104884  	0.09815552867473652 	0.05303480612072276 
25435     	0.5466666666666666  	8809.313193000002   	12155.394921000001  	0.724724556483211   	0.10107165554503024 	0.054029950439002286
25461     	0.5526315789473685  	9198.671944000002   	13367.884712000001  	0.6881172408483291  	0.10385653208798817 	0.05559092020837555 
25487     	0.5584415584415584  	9343.464651000002   	13537.626014000001  	0.6901848700309354  	0.10645859538195283 	0.05651277233286676 
25512     	0.5641025641025641  	9408.389002000002   	13602.550365000001  	0.6916636034819049  	0.10902306729210501 	0.057417733445849516
25538     	0.569620253164557   	9455.042940000001   	13649.204303        	0.692717518919535   	0.11157083960835643 	0.05830313197887502 
25564     	0.575               	9820.422202000002   	14375.555868        	0.6831333892180316  	0.1141994403132331  	0.05941129981596416 
25589     	0.5802469135802469  	10009.861785000001  	14578.385017999999  	0.6866235027158892  	0.11669518733213147 	0.06049332939824684 
25666     	0.5714285714285714  	10690.938953        	16752.547780999997  	0.6381679427367575  	0.11653670528472901 	0.061060098358030446
25692     	0.5764705882352941  	10815.030836        	16959.788778        	0.6376866467835441  	0.1189447268792772  	0.06305692741196137 
25743     	0.5747126436781609  	10880.262204        	17026.005459999997  	0.6390378664896776  	0.11974134165904218 	0.06415269953728134 
25794     	0.5730337078651685  	11004.147742000001  	17149.890997999995  	0.6416453459257143  	0.12037555666152103 	0.06517907304296872 
25871     	0.5652173913043478  	11174.752672        	17331.349012999995  	0.6447710829444366  	0.11898646128200817 	0.06511858052578363 
25897     	0.5698924731182796  	11374.503201000001  	17557.559748999996  	0.6478407799038157  	0.12040842838050604 	0.06649189382220214 
25974     	0.5625              	11552.157322000001  	17763.470374999997  	0.6503322311533397  	0.1193539571319147  	0.0664339540966359  
26000     	0.5670103092783505  	11801.395733000001  	18060.241442        	0.6534461773891496  	0.1210523408071924  	0.06778436533393115 
26040     	0.5714285714285714  	12015.383318000002  	18351.085037999997  	0.6547505661446984  	0.12280203860481478 	0.06898529586738689 
26060     	0.5757575757575758  	12217.772881000003  	18620.289389999998  	0.6561537592193138  	0.12473568015231153 	0.07019919683193    
26140     	0.5631067961165048  	12427.664173000003  	18924.812053999998  	0.6566862665551946  	0.1231199768107692  	0.06937623823845383 
26160     	0.5673076923076923  	12869.536100000003  	19867.209577999998  	0.6477777389659751  	0.12543117996032893 	0.07091559378112997 
26180     	0.5714285714285714  	13058.449578000003  	20100.706112999997  	0.6496512861085283  	0.12767043560942645 	0.07245600529945917 
26220     	0.5700934579439252  	13209.931619000003  	20261.891301999996  	0.6519594554184627  	0.12876740954697224 	0.07328263695682347 
26240     	0.5740740740740741  	13330.564677000002  	20385.451805999997  	0.653925397575758   	0.1311695511217546  	0.07477132327325223 
26360     	0.5526315789473685  	13653.190267000002  	20750.309644999998  	0.6579752543736078  	0.127147013872461   	0.07241523448362357 
26380     	0.5565217391304348  	13965.613023000002  	21266.032137        	0.656709861671926   	0.12900994405560326 	0.07349552635981269 
26400     	0.5603448275862069  	14192.073402000002  	21558.977278        	0.6582906609620298  	0.1308699584599962  	0.07458897920608729 
26420     	0.5641025641025641  	14270.436653000002  	21643.416428999997  	0.659343070897026   	0.13278134927306498 	0.0756710154189796  
26460     	0.5630252100840336  	14474.699512000003  	21866.560791999997  	0.6619559266629461  	0.13329019194089392 	0.07576992686620174 
26480     	0.5666666666666667  	15168.284416000002  	24172.675266        	0.6274971325716233  	0.13513800908460302 	0.07724746844117102 
26520     	0.5655737704918032  	15365.935782000002  	24383.675116        	0.6301730854311307  	0.1358586163911214  	0.07805634721444199 
26560     	0.5645161290322581  	15434.240576000002  	24458.853419        	0.6310287858387693  	0.13645453456620943 	0.0788288544741529  
26580     	0.568               	15532.130138000002  	24562.875122999998  	0.6323416969805845  	0.1382315275491687  	0.08021930671042875 
26620     	0.5669291338582677  	15762.933491000002  	24868.207638999997  	0.6338588498143111  	0.13903567240294362 	0.08098548127105176 
26660     	0.5658914728682171  	15972.814154000002  	25106.144630999996  	0.6362113494031837  	0.13983246824021237 	0.08170352886680157 
26720     	0.5606060606060606  	16314.475923000002  	25576.203978999994  	0.6378771430035288  	0.1393665986380703  	0.08117899374900375 
26740     	0.5639097744360902  	16828.989746000003  	26855.570200999995  	0.6266480145475876  	0.140893273809793   	0.08221502109684187 
26820     	0.5547445255474452  	16992.915412000002  	27039.220398999994  	0.6284543400751473  	0.13939591589836994 	0.08142258174327266 
26840     	0.5579710144927537  	17245.509355000002  	27375.832965999994  	0.6299537762528882  	0.14120907348368159 	0.08246718591070866 
26860     	0.5611510791366906  	17548.592872        	27765.922349999993  	0.6320190862307157  	0.14312242221532942 	0.08351779855518085 
26920     	0.5563380281690141  	17764.854039        	28119.082192999995  	0.6317721864841809  	0.14288878014974407 	0.08345994732474044 
27050     	0.54421768707483    	17873.925936000003  	28350.136558999995  	0.6304705410784264  	0.1403372872179091  	0.08210503900768998 
27150     	0.5364238410596026  	17985.621078000004  	28593.174070999994  	0.6290179968596606  	0.1387843991581698  	0.08139964955452085 
27300     	0.5222929936305732  	18165.541982000002  	28805.268886999995  	0.6306326128480693  	0.13497112675036801 	0.07880365100057235 
27350     	0.5220125786163522  	18423.614611        	29124.198577999996  	0.6325878654363021  	0.13472870923642988 	0.07830128722809479 
27400     	0.5217391304347826  	18529.258451        	29229.842417999997  	0.6339157832609292  	0.13436484866227716 	0.07777835046334597 
27425     	0.5246913580246914  	18810.004815        	29577.477908999997  	0.635957023545824   	0.1349507433653189  	0.0777681754275539  
27450     	0.5276073619631901  	19243.234565        	30463.978951999998  	0.6316717391158996  	0.1354445048468647  	0.07791382272868515 
27525     	0.5240963855421686  	19325.919594        	30556.431468        	0.6324665108305899  	0.13427559374777384 	0.07702326821929165 
27700     	0.5086705202312138  	19550.822718        	30833.776197        	0.6340716295366448  	0.13013494957048333 	0.07439597952139232 
27725     	0.5114942528735632  	20055.828165        	31641.048755        	0.6338547220825202  	0.1308008550702656  	0.07457874928283859 
27750     	0.5142857142857142  	20210.292587        	31880.955599        	0.6339299499427153  	0.13149141374449086 	0.07478880645731904 
27775     	0.5170454545454546  	20429.28047         	32129.513886        	0.6358415674288114  	0.13230321190412933 	0.07500883331701941 
27800     	0.519774011299435   	20498.495765000003  	32240.222734        	0.6358050294541742  	0.13312860026791098 	0.07525059115027426 
27850     	0.5195530726256983  	20656.534864000005  	32436.267738        	0.6368345159452576  	0.1332911066179199  	0.07508659959784923 
27875     	0.5222222222222223  	20956.716430000004  	32795.828416        	0.6390055516870529  	0.1343878680104144  	0.07536027127075676 
27900     	0.5248618784530387  	21117.400985000004  	33015.602591999996  	0.6396188264671249  	0.1355507637555278  	0.07565528697387794 
28100     	0.5106382978723404  	21275.626308000003  	33193.905535        	0.6409497757221355  	0.13215483265800493 	0.07323278018814786 
28150     	0.5105263157894737  	21547.953078000002  	33538.559633        	0.6424829603236171  	0.13217765862523292 	0.07282379867448771 
28200     	0.5104166666666666  	21816.871748        	33893.117009999994  	0.6436962331190442  	0.1323297793208523  	0.07245628378495304 
28300     	0.5051020408163265  	22482.502299        	35544.51740699999   	0.6325167406710208  	0.13107396088952203 	0.07165570847976709 
28325     	0.5076142131979695  	22566.50845         	35628.52355799999   	0.6333832052642816  	0.1318870300115222  	0.07197757903687095 
28375     	0.507537688442211   	22621.541234        	35683.556341999996  	0.6339486181587276  	0.13204788383141897 	0.07193516525830917 
28425     	0.5074626865671642  	22860.989394        	35949.76005899999   	0.6359149367473114  	0.13230795891893976 	0.07188508357349219 
28450     	0.5099009900990099  	23372.172606        	36930.84795299999   	0.6328631456213671  	0.13327434572857755 	0.07231699889265976 
28475     	0.5123152709359606  	23441.695986        	37006.20367999999   	0.6334531417679319  	0.134264032221929   	0.07274696426719274 
28500     	0.5147058823529411  	23492.746175        	37057.25386899999   	0.6339580978679239  	0.13515761390864295 	0.07314863039184642 
28600     	0.5096153846153846  	23674.724342        	37286.354483999996  	0.634943390675511   	0.13373531813249973 	0.07243744775012823 
28675     	0.5071090047393365  	23775.250343        	37387.55660999999   	0.635913456207001   	0.132954157526351   	0.07208883065333199 
28725     	0.5070422535211268  	23864.694976        	37477.00124299999   	0.6367824047943932  	0.13270591099210968 	0.0719619860174876  
28750     	0.5093457943925234  	23960.128440999997  	37579.70121099999   	0.6375816642732275  	0.13311819071286674 	0.07217493999888124 
28775     	0.5116279069767442  	24088.356813        	37714.73553099999   	0.6386988129135982  	0.13356912635952423 	0.0723889273771571  
28800     	0.5138888888888888  	24229.034356999997  	37876.815941999994  	0.639679808199861   	0.13406291474110255 	0.07260668089971903 
28850     	0.5137614678899083  	24682.927515999996  	38986.061537999994  	0.6331218528432622  	0.1337891696176388  	0.0726142523869489  
28925     	0.5113122171945701  	24743.438786999996  	39046.572809        	0.6336904113975602  	0.13275064144570534 	0.07227312686483348 
28950     	0.5135135135135135  	24909.669819999996  	39240.055968        	0.6348020971303828  	0.13300000321758873 	0.07259882604571431 
29075     	0.5088495575221239  	25251.195717999995  	40523.808332        	0.6231200066668008  	0.1312845431144562  	0.07216989577957232 
29125     	0.5087719298245614  	25488.271791999996  	41025.63504         	0.6212767155742727  	0.13076430946487222 	0.07245196997950795 
29150     	0.5109170305676856  	25817.227551999997  	41522.370687        	0.6217667037032393  	0.13093153422263615 	0.07309393571329638 
29300     	0.502127659574468   	25966.901135999997  	41672.044271        	0.6231252051647159  	0.12827237158654473 	0.07200890968277919 
29375     	0.5                 	26147.730148999995  	41881.081752        	0.6243327310367606  	0.12736650973140415 	0.07186480523493569 
29425     	0.5                 	26270.179526999997  	42003.531129999996  	0.6254278823771834  	0.12697413655812692 	0.07202085956873074 
29550     	0.49387755102040815 	26605.213418999996  	42390.72655099999   	0.6276187171972966  	0.12513918403153063 	0.07129494324164454 
29625     	0.49193548387096775 	26701.859372999996  	42494.52702799999   	0.6283599616347283  	0.1243549649170992  	0.07116482664988383 
29650     	0.4939759036144578  	26755.800417999995  	42548.46807299999   	0.6288311102551408  	0.12459360261343834 	0.07160905573506281 
29775     	0.4881889763779528  	26842.649003999995  	42635.31665899999   	0.6295871851659794  	0.12284938489212634 	0.07080492398098233 
29925     	0.4807692307692308  	27029.540502999997  	42864.58200199999   	0.6305798223283466  	0.1207038774594369  	0.06976475180300186 
29950     	0.4827586206896552  	27377.865605999996  	43615.31693899999   	0.6277121783682197  	0.12089930753933327 	0.07017430019986766 
30076     	0.47924528301886793 	27702.733638999995  	44048.22454899999   	0.628918280422018   	0.11977806673728919 	0.06982767453259155 
30205     	0.4740740740740741  	27860.510075999995  	44206.00098599999   	0.6302427148934688  	0.11811093311849477 	0.06920069860293633 
30307     	0.4708029197080292  	27972.349444999996  	44317.84035499999   	0.631175824925867   	0.11692365531430313 	0.0687904896157399  
30358     	0.47101449275362317 	28056.128572999995  	44401.619482999995  	0.6318717402580737  	0.11658123823029799 	0.06888547525084    
30384     	0.4729241877256318  	28361.093359999995  	44945.360605999995  	0.6310127002566295  	0.11668396167708261 	0.06929520308155071 
30410     	0.4748201438848921  	28475.566018999994  	45065.458758999994  	0.6318712114145106  	0.11681328891940536 	0.0697050192126809  
30512     	0.4716312056737589  	28639.507655999994  	45238.399122999996  	0.6330796007641917  	0.11563642609445356 	0.0693565752797562  
30538     	0.4734982332155477  	28734.635513999994  	45333.526980999995  	0.6338495464084041  	0.11572026762102174 	0.06975120570372108 
30589     	0.47368421052631576 	28784.905100999993  	45383.796568        	0.6342551147714283  	0.11528057520911453 	0.06967521696426658 
30615     	0.4755244755244755  	28907.329881999995  	45530.409079        	0.634901606788614   	0.11527867193148675 	0.06985188786105226 
30666     	0.4756944444444444  	29119.812029999994  	45763.99709         	0.6363039481173954  	0.11494195925595803 	0.06979097483425584 
30743     	0.4742268041237113  	29633.075543999992  	46837.874512999995  	0.6326733621478755  	0.11425060830915988 	0.0694376307432932  
30769     	0.476027397260274   	29721.87529499999   	46926.674263999994  	0.6333684575171622  	0.11434753148281734 	0.06956451128153124 
30794     	0.4778156996587031  	30015.32693499999   	47281.976769999994  	0.6348153987090586  	0.1145488138435545  	0.06970509374385474 
30820     	0.47959183673469385 	30192.57492699999   	47643.75610199999   	0.633715252474239   	0.11477950121414444 	0.06989772254842513 
30871     	0.4797297297297297  	30313.33812099999   	47779.087778999994  	0.6344478207958462  	0.11465603099545682 	0.06985681252378372 
30974     	0.4766666666666667  	30385.97156699999   	47851.721224999994  	0.6350026872413719  	0.11378416254109495 	0.06935078857043356 
31078     	0.4752475247524752  	30669.93896399999   	48197.24696799999   	0.6363421334907976  	0.11338831496561613 	0.06909572905171965 
31105     	0.4769736842105263  	30885.28029999999   	48466.96058099999   	0.6372440097287148  	0.11381436184164757 	0.06931465467187303 
31131     	0.4786885245901639  	31239.97783499999   	49422.18747199999   	0.6321043125154854  	0.11429596947928726 	0.06962248997658718 
31157     	0.4803921568627451  	31327.94012399999   	49525.077268999994  	0.6325672134510647  	0.11469877634665303 	0.06991819232660558 
31236     	0.47896440129449835 	31529.69594599999   	49776.01822799999   	0.6334314609412433  	0.11440050429785294 	0.06976046676244776 
31394     	0.473015873015873   	31799.45134299999   	50108.78407999999   	0.6346083212123313  	0.11296705867473504 	0.06890064868244651 
31421     	0.47468354430379744 	32165.93982199999   	50556.96471399999   	0.6362316251373523  	0.11344083728513585 	0.06916770059970373 
31447     	0.47634069400630913 	32321.667045999988  	50715.811381999985  	0.637309473421371   	0.1139669453770166  	0.06943789306267849 
31473     	0.4779874213836478  	32475.081739999987  	50888.16586499999   	0.6381656950685227  	0.1145498316746335  	0.06971328107779272 
31657     	0.4707692307692308  	32670.340772999985  	51110.19651599999   	0.6392137577239128  	0.11292792768815904 	0.06861313774394331 
31684     	0.4723926380368098  	32852.061040999986  	51402.673680999986  	0.6391119116658541  	0.11338314308820131 	0.06881670785915346 
31710     	0.4740061162079511  	33407.036703999984  	52525.001376999986  	0.6360216245254301  	0.1138070582884155  	0.06912119132371373 
31736     	0.47560975609756095 	33620.27789099998   	52738.242563999986  	0.6374933303892412  	0.11426627998823984 	0.06943288420633444 
31815     	0.4743202416918429  	33859.784340999984  	53027.28375299999   	0.6385351453926656  	0.11397119865416774 	0.06930732165772545 
31842     	0.4759036144578313  	34306.67973099998   	53592.21620299999   	0.6401429566012156  	0.11428940317922788 	0.06956029915983857 
31868     	0.4774774774774775  	34546.59675099998   	53924.86297999999   	0.6406431994794841  	0.11466970361341321 	0.06982586974848613 
31894     	0.47904191616766467 	34849.749568999985  	54314.12262499999   	0.6416332969163928  	0.11515313408944422 	0.0701029433416354  
31947     	0.4791666666666667  	35194.14774399999   	54803.44339399999   	0.6421886210867751  	0.11541462580015963 	0.07019620891932796 
31973     	0.4807121661721068  	35473.560195999984  	55148.36931499999   	0.6432386059029204  	0.11602661574142546 	0.0703934812775793  
32217     	0.4697406340057637  	35979.70493699998   	56389.29473799999   	0.6380591405544525  	0.11353429804957124 	0.06883662158363572 
32282     	0.4685714285714286  	36169.83375799998   	56579.42355899999   	0.6392754023073908  	0.11326527146666336 	0.06861804597977511 
32304     	0.4700854700854701  	36579.21849499998   	57119.34087799999   	0.6403998703894145  	0.1136360530041435  	0.06880586079544714 
32326     	0.4715909090909091  	36687.57493099998   	57239.727584999986  	0.6409460086356906  	0.11403376461688765 	0.06899474266138216 
32347     	0.4730878186968839  	36895.25677399998   	57498.40473599999   	0.6416744419849914  	0.1144785741986996  	0.06919022592320623 
32391     	0.4732394366197183  	37152.28173599998   	57820.56232599999   	0.6425444554919839  	0.11466108366693319 	0.06920431682796485 
32478     	0.47075208913649025 	37298.76185699998   	57984.37174599999   	0.643255427865751   	0.11414820323128395 	0.06878297259103071 
32500     	0.4722222222222222  	37552.79542399998   	58364.19227299999   	0.6434218304323621  	0.11462558956411305 	0.06896458905947907 
32586     	0.4697802197802198  	37894.64370099998   	58794.229650999994  	0.6445299806790725  	0.11412279055132724 	0.068480736997173   
32652     	0.46866485013623976 	38151.97914899998   	59098.72596699999   	0.6455634791569547  	0.11401636908539628 	0.06820052787553699 
32673     	0.4701086956521739  	38394.73558599997   	59382.74339799999   	0.6465638565848594  	0.11459099523198192 	0.06830518992146933 
32695     	0.4715447154471545  	38467.687381999975  	59466.90987799999   	0.6468755054015551  	0.11517892909397151 	0.06841118618346402 
32739     	0.4716981132075472  	38655.322398999975  	59663.26936499999   	0.6478914550008917  	0.11544919885462049 	0.06833421069870456 
32760     	0.4731182795698925  	38921.31155399998   	59985.94791499999   	0.6488404852608385  	0.11610157868045473 	0.06845625007403575 
32826     	0.472               	38960.948475999976  	60025.89201299999   	0.6490690461969659  	0.1160277058499235  	0.06818751283937012 
32847     	0.4734042553191489  	39176.94686799998   	60293.44345799999   	0.6497712623643793  	0.11662992231126407 	0.0682988047457867  
32869     	0.47480106100795755 	39207.527006999975  	60324.023596999985  	0.6499488042927865  	0.11723771021801771 	0.06840970676938903 
32956     	0.47244094488188976 	39378.20271999997   	60576.191731999985  	0.6500607184785774  	0.11687154356225038 	0.06798784093006578 
33047     	0.4713541666666667  	39910.38760199997   	61384.031269999985  	0.6501754084291503  	0.11678169579698822 	0.06777819832083627 
33095     	0.47150259067357514 	40438.789167999974  	62326.04052399998   	0.6488265390840631  	0.11696940844512899 	0.06779778354198418 
33119     	0.4728682170542636  	40533.523568999975  	62420.77492499998   	0.6493595059930279  	0.11742607313636477 	0.06797154068149147 
33166     	0.4730077120822622  	40700.09250699997   	62635.52765099998   	0.649792442617831   	0.11761673397960568 	0.0679757415196961  
33238     	0.4719387755102041  	41268.40397499997   	63630.200412999984  	0.6485663051057846  	0.11749280780375829 	0.06789466619522183 
33285     	0.4720812182741117  	41419.96170799997   	63794.80658099998   	0.6492685522199872  	0.1176626452825679  	0.06788219570164424 
33309     	0.47341772151898737 	41686.701890999975  	64106.663639999984  	0.6502709628611705  	0.1181975323365282  	0.06805002867063754 
33333     	0.47474747474747475 	41772.64189799997   	64192.60364699998   	0.6507391743714106  	0.11875523819136898 	0.06821806185188842 
33357     	0.4760705289672544  	42163.71933799997   	64875.294058999985  	0.6499195101860307  	0.11937366196177374 	0.0684435418614377  
33380     	0.47738693467336685 	42255.29206499997   	64966.866785999984  	0.6504129590270739  	0.12001265649884749 	0.06867045164285734 
33404     	0.47869674185463656 	42298.389239999975  	65009.96396099999   	0.650644711407241   	0.1206099560044269  	0.06888971183114682 
33428     	0.48                	42559.81912199997   	65327.368466999986  	0.6514852828259721  	0.12126808867012412 	0.06911817460433235 
33452     	0.48129675810473815 	42712.44268099997   	65537.23474299998   	0.6517278742152313  	0.12196803183578396 	0.06935514045237769 
33476     	0.48258706467661694 	43111.65285999997   	66163.16292799998   	0.6515960082941455  	0.12270104583668544 	0.06963248619489186 
33523     	0.48267326732673266 	43297.27490699997   	66379.89767399998   	0.6522648636736129  	0.123121818038898   	0.06967883116295144 
33595     	0.48157248157248156 	43379.87711099997   	66462.49987799997   	0.6526970425522517  	0.12321541927907534 	0.0695477720806256  
33619     	0.48284313725490197 	43506.46806299997   	66604.96046599997   	0.6532016197984059  	0.1239341845398358  	0.0697635308252067  
33642     	0.4841075794621027  	43695.274769999975  	66829.95899499998   	0.6538276459704117  	0.12469150964236735 	0.06998396810214284 
33690     	0.48418491484184917 	43813.56059399997   	66975.62067899999   	0.654171773995035   	0.12517032981831833 	0.07003828364277148 
33714     	0.4854368932038835  	43858.713174999975  	67020.77325999999   	0.6544047620109477  	0.1259351712960635  	0.07026149614082233 
33738     	0.48668280871670705 	44088.74690499998   	67279.05493099999   	0.6553116263332843  	0.1267163797585942  	0.07048707015109275 
33785     	0.4867469879518072  	44133.05422299998   	67332.877117        	0.6554458403182863  	0.12714808319195203 	0.07052919876583703 
33857     	0.48564593301435405 	44280.97328599998   	67594.466777        	0.6550976048392652  	0.12728951964730015 	0.07041982595329208 
33904     	0.4857142857142857  	44355.81734699998   	67673.658822        	0.6554369620189705  	0.12775290476358178 	0.07048005401884012 
33928     	0.48693586698337293 	44427.85660599998   	67783.519508        	0.6554374415562249  	0.12846248514905917 	0.07067063762123425 
33952     	0.4881516587677725  	44491.53476199998   	67855.510524        	0.6556804954884784  	0.1291454599670647  	0.07085645270061539 
33976     	0.48936170212765956 	44719.99914799998   	68268.332406        	0.6550621286901335  	0.1298496883101056  	0.07106863703800338 
34056     	0.48826291079812206 	44842.95123899998   	68466.40113500001   	0.6549628795382422  	0.12987115879859995 	0.07090361527377691 
34075     	0.4894613583138173  	44934.70173999998   	68558.15163600001   	0.6554246383212684  	0.1304822775610265  	0.07106494198108095 
34094     	0.49065420560747663 	45201.91511499998   	68867.54614         	0.6563601819514456  	0.13112473738048988 	0.07124591011510518 
34113     	0.49184149184149184 	45337.12013499998   	69120.472875        	0.6559144960855416  	0.13177136729877675 	0.0714458966264989  
34150     	0.4918793503480278  	45491.44369499998   	69404.58306         	0.6554530218223888  	0.1320969079280828  	0.07149661893859287 
34207     	0.49078341013824883 	45591.13763899998   	69519.778066        	0.6558009663914219  	0.13207453983002143 	0.0713780603970456  
34264     	0.4897025171624714  	45651.618865999975  	69582.519282        	0.6560788447596406  	0.1319492257487427  	0.07117664071258269 
34283     	0.4908675799086758  	45891.796628999975  	69896.92815899999   	0.6565638553472096  	0.1324517921497259  	0.07131692679639587 
34301     	0.4920273348519362  	45970.972477999974  	69985.949495        	0.6568600241864873  	0.13295980775222596 	0.07145863424252413 
34320     	0.49318181818181817 	46068.06544299998   	70126.242812        	0.6569304670507289  	0.13347856115363071 	0.07160830466619379 
34339     	0.4943310657596372  	46376.36427399998   	70617.257867        	0.6567284779217124  	0.13400657937990307 	0.07178289327726553 
34358     	0.49547511312217196 	46841.26490199998   	71471.959326        	0.655379611021243   	0.13453684440001246 	0.07200033757621901 
34396     	0.4954954954954955  	47049.79728299998   	71808.086359        	0.6552158631240705  	0.13471547453705454 	0.07206017640700493 
34415     	0.4966292134831461  	47243.20474499998   	72059.64488899999   	0.6556125112436091  	0.13523700268044805 	0.07228976502521332 
34433     	0.4977578475336323  	47348.50245699998   	72164.94260099999   	0.6561150158296374  	0.13577315210886026 	0.07252474639410256 
34471     	0.49776785714285715 	47581.77076399998   	72583.88425399999   	0.6555418086677803  	0.13603795941684582 	0.07263049295117109 
34490     	0.49888641425389757 	47709.375293999976  	72787.82294299999   	0.6554581984319149  	0.13661911718934974 	0.07291622316225907 
34528     	0.49889135254988914 	47977.91675499998   	73093.57014099999   	0.6563903864929423  	0.13690129268485604 	0.07304106823549823 
34584     	0.4977973568281938  	48326.50887399998   	74098.783023        	0.6521903181459755  	0.13688865357270463 	0.07306415445467512 
34603     	0.4989010989010989  	48590.428223999974  	74455.477967        	0.6526105204178009  	0.1375404509277722  	0.07342164525506266 
34698     	0.4956521739130435  	48746.854720999974  	74807.128417        	0.6516338182274378  	0.13697774376605631 	0.07315045696841767 
34867     	0.488272921108742   	48912.095160999976  	75014.200816        	0.6520378092272813  	0.13524403360537343 	0.0722722831600173  
34886     	0.48936170212765956 	49174.26876299998   	75356.53599799999   	0.6525547931808475  	0.13588343994747473 	0.0726607227220305  
34905     	0.49044585987261147 	49303.28604999998   	75500.056569        	0.6530231670083768  	0.13653196397480155 	0.07303244829204028 
34943     	0.4904862579281184  	49418.72748099998   	75700.59135199999   	0.6528182488193252  	0.13688308190196674 	0.07325179811823415 
34962     	0.49156118143459915 	49647.30402299998   	75999.14733099999   	0.6532613294563753  	0.13755415631059678 	0.07363232516978992 
35040     	0.49056603773584906 	49990.66912599998   	76682.70078599999   	0.6519158638596987  	0.1375517237120895  	0.07365170952897816 
35061     	0.4916317991631799  	50161.15742199998   	76934.98190799999   	0.651994140740599   	0.13811885274079325 	0.07398758943130149 
35081     	0.49269311064718163 	50274.66004599998   	77109.497576        	0.6519905021615361  	0.13870838669409943 	0.07432993937425901 
35163     	0.4906832298136646  	50626.50013299998   	77555.37238399999   	0.6527787640852647  	0.13847442568703675 	0.0741800291870152  
35183     	0.49173553719008267 	50765.08423099998   	77723.42067499999   	0.6531504119366268  	0.13913209338861884 	0.0744952362205252  
35204     	0.4927835051546392  	50957.67084099998   	77993.32438699999   	0.653359389941502   	0.13980622693780193 	0.07483261949592453 
35244     	0.4928131416837782  	51075.290736999974  	78113.07166599999   	0.6538635550704037  	0.14014015110875686 	0.07500546096662902 
35265     	0.49385245901639346 	51106.873635999975  	78144.94036         	0.6540010575292475  	0.1407332787290975  	0.07531311070025115 
35306     	0.49387755102040815 	51245.53140199997   	78286.25549299999   	0.6545916786961681  	0.14106369089310375 	0.0754674458760612  
35326     	0.49490835030549896 	51428.12837399997   	78487.41121899999   	0.6552404720102478  	0.1416960593144862  	0.07577697680989463 
35367     	0.4949290060851927  	51714.42663599997   	79001.43627499999   	0.6546010942887757  	0.14199793992700308 	0.07593463281430798 
35428     	0.4939516129032258  	51899.943628999965  	79300.65243699998   	0.6544705753869001  	0.14193622921159277 	0.07590908780400737 
35489     	0.49298597194388777 	52109.99578499996   	79575.88164899999   	0.6548466030807064  	0.1418940328843174  	0.07588447375659518 
35510     	0.494               	52377.309276999964  	80023.91866499999   	0.6545206752029277  	0.14244617520531172 	0.07618966846402224 
35551     	0.4940239043824701  	52692.748051999966  	80438.135382        	0.6550717243974213  	0.14277307850164428 	0.07635272269070771 
35612     	0.49306930693069306 	52914.294489999964  	80745.763165        	0.6553197643555886  	0.1428632922300871  	0.07637371773881457 
35653     	0.4930966469428008  	53022.28208299996   	80872.204237        	0.6556304800054112  	0.14322698430901665 	0.0765151584778342  
35734     	0.4911937377690802  	53164.965937999965  	81059.087495        	0.6558791565631596  	0.14306333170073646 	0.07636111492471956 
35775     	0.49122807017543857 	53338.57918999997   	81318.126158        	0.6559248436979948  	0.14341582864661925 	0.07651408800040135 
35857     	0.48936170212765956 	53531.76256299997   	81548.879863        	0.6564377420380506  	0.14319358602010498 	0.07633481715297541 
35897     	0.48940269749518306 	53677.44482599997   	81723.74213         	0.6568157970619348  	0.14348754901259442 	0.07639059271860399 
35918     	0.49038461538461536 	53951.25632899997   	82041.700998        	0.6576077247632296  	0.14410807510617035 	0.07659880878301766 
35938     	0.491362763915547   	54048.41175099997   	82138.85642         	0.6580127129434896  	0.1446562897037019  	0.07679230604190929 
35979     	0.491395793499044   	54409.98154299997   	82593.727443        	0.6587665096063096  	0.14499749936315498 	0.07684883906626065 
36000     	0.49236641221374045 	54705.44964699997   	82945.556457        	0.6595344221406237  	0.14565488810096214 	0.07703475300529768 
36060     	0.49333333333333335 	55016.836154999975  	83290.131473        	0.6605444748617629  	0.14634934363212115 	0.07722204008322665 
36121     	0.49335863377609107 	55047.07014999998   	83320.365468        	0.6606676511895683  	0.1467418368112177  	0.07725978505672297 
36181     	0.4933837429111531  	55293.08909199998   	83721.112704        	0.6604437913706587  	0.14714747949309165 	0.0773019902221653  
36272     	0.4924812030075188  	55617.69116699998   	84134.211771        	0.6610591576989219  	0.14728194625781835 	0.07717710935186263 
36303     	0.49343339587242024 	55860.268503999985  	84406.161339        	0.661803209834987   	0.14789455122386946 	0.07733321154778536 
36333     	0.4943820224719101  	55893.162117999986  	84439.054953        	0.6619349559171515  	0.14849361210988446 	0.07747951730634116 
36363     	0.4953271028037383  	56114.41534599999   	84703.273149        	0.662482254343231   	0.1491065177782163  	0.07763510607808315 
36393     	0.4962686567164179  	56391.833026999986  	85101.088261        	0.6626452631727761  	0.14972408395291767 	0.07777162197891752 
36454     	0.4962825278810409  	56551.31276499999   	85277.211067        	0.6631468367389401  	0.1500065178841016  	0.077728178508848   
36484     	0.4972170686456401  	56576.18936599999   	85303.99750099999   	0.6632302239450943  	0.150570575835823   	0.07782948548524035 
36515     	0.4981481481481482  	56954.37552899999   	85933.06744999999   	0.6627760095045926  	0.1510939944838894  	0.07794815469920383 
36575     	0.4981549815498155  	57237.80889799999   	86264.42937599999   	0.663515765559847   	0.15134342875971588 	0.0779200584967446  
36666     	0.4972477064220184  	57582.133921999986  	86701.10571999999   	0.6641453236820379  	0.15135923437350185 	0.07776070774024882 
36787     	0.49544626593806923 	57872.61899699998   	87100.19154599999   	0.6644373332570213  	0.1509900867212337  	0.07744440011291004 
36818     	0.49636363636363634 	58122.81252499999   	87519.94030899998   	0.6641093711877568  	0.1514168861817201  	0.07756605653606544 
36848     	0.49727767695099817 	58600.90581199999   	88610.13878699999   	0.6613340935269739  	0.15176980265232357 	0.07772257596866124 
36878     	0.49818840579710144 	58815.66256199999   	89010.98813099999   	0.6607685612414427  	0.1520416207879285  	0.0778860947418576  
36909     	0.49909584086799275 	59000.45330899999   	89241.755924        	0.6611305738901632  	0.1522756074436217  	0.07797422675108943 
36969     	0.4990990990990991  	59139.60870899999   	89381.882442        	0.6616509643033727  	0.1522414910862293  	0.0779094270417623  
37000     	0.5                 	59545.68560199999   	90245.249261        	0.6598207228591809  	0.15251066257023943 	0.07803838899633088 
37037     	0.5008976660682226  	59781.99902699999   	90635.38025500001   	0.6595878878513565  	0.15272870506319872 	0.078170344397802   
37055     	0.5017921146953405  	59877.46580499999   	90736.542404        	0.6599046450149986  	0.15296075310578883 	0.07830403622536189 
37111     	0.5008912655971479  	59991.28708599999   	90891.77563         	0.6600298725619691  	0.1526534537301778  	0.07817019709703074 
37166     	0.5                 	60109.81976299999   	91023.295798        	0.6603784145148559  	0.1523057398624531  	0.07802654758695614 
37277     	0.4964912280701754  	60329.77371899999   	91568.43582000001   	0.658849014714992   	0.15108816527304178 	0.0774992795287056  
37296     	0.4973730297723292  	60659.09778199999   	91969.87450300001   	0.6595539910193235  	0.15127286025083897 	0.07766432270643889 
37351     	0.4965156794425087  	60691.74915299999   	92002.52587400001   	0.6596748141036802  	0.15088103213519843 	0.07755170521898842 
37370     	0.4973913043478261  	60797.22714599999   	92108.56716400001   	0.6600605027081798  	0.15100553496764932 	0.0776964728394299  
37407     	0.49740034662045063 	60854.70837399999   	92174.337077        	0.6602131385351171  	0.15087484041913152 	0.07770739409094318 
37425     	0.4982698961937716  	60975.985187999984  	92301.464944        	0.6606177401950725  	0.1510298279652695  	0.07785449408326443 
37462     	0.4982758620689655  	61150.26432599998   	92654.03762         	0.6599848845961169  	0.15093092480865902 	0.07788888247999791 
37518     	0.4974271012006861  	61377.78304699998   	92956.921091        	0.6602820137180998  	0.15057933683185423 	0.07779271826758694 
37574     	0.49658703071672355 	62024.097550999984  	94654.391811        	0.6552690938508785  	0.15025325191668337 	0.07781234932218896 
37592     	0.49744463373083475 	62145.79498999999   	94776.08924999999   	0.6557117463041976  	0.15044523036233043 	0.07809869528218234 
37629     	0.49745331069609505 	62401.86239499999   	95067.48051899999   	0.6563954577772626  	0.15043347738572682 	0.07825854385556746 
37648     	0.49830508474576274 	62524.296467999986  	95191.47247499999   	0.6568266551861635  	0.15070313498654067 	0.07855157739813927 
37777     	0.49413735343383586 	62554.52852799999   	95228.46057499999   	0.65688900303847    	0.14943664828610753 	0.0780336000799517  
37814     	0.4941569282136895  	62659.72668399999   	95354.71939399999   	0.6571224484977377  	0.14945375726326948 	0.078176836500925   
37870     	0.49335548172757476 	62838.157903999985  	95533.15061399998   	0.6577628550941071  	0.14923407429210295 	0.07819579375363139 
37925     	0.4925619834710744  	63060.622229999986  	95816.59413799999   	0.6581388411612381  	0.14905914040206192 	0.07822072163590517 
37962     	0.4925864909390445  	63116.915298999986  	95872.88720699999   	0.6583395695878408  	0.14914196243628586 	0.07837514517975858 
37981     	0.4934210526315789  	63424.74223199998   	96220.848185        	0.6591580039915649  	0.14948890343879745 	0.07867570230652488 
38093     	0.4918300653594771  	63469.03669399998   	96265.142647        	0.6593148355551512  	0.14904989147588163 	0.07857394719469406 
38162     	0.49105691056910566 	63562.92544299998   	96359.031396        	0.6596467868359931  	0.14884736805871845 	0.07858814683652675 
38186     	0.49188311688311687 	63773.41944999998   	96844.405675        	0.6585142322419438  	0.149140199217908   	0.07889017264292619 
38209     	0.49270664505672607 	63885.23765899998   	96956.223884        	0.658908062832906   	0.14938361213543344 	0.07918326522908573 
38232     	0.4935275080906149  	64126.964806999975  	97282.92134900001   	0.6591800895549397  	0.14966634220578084 	0.07948463343923722 
38279     	0.4935483870967742  	64446.261704999975  	97674.07506500001   	0.6598092857507211  	0.14971083230333002 	0.07963908230998797 
38325     	0.49356913183279744 	64724.619404999976  	98047.62315800002   	0.6601345072965075  	0.14971985141270178 	0.0796450684092876  
38395     	0.4928              	65391.76897799998   	99193.36330900002   	0.6592353237816552  	0.14947202370249907 	0.07956063401635381 
38488     	0.4912559618441971  	65506.31336899998   	99495.14371600002   	0.6583870420448046  	0.14893789051171422 	0.07936701052061655 
38581     	0.48973143759873616 	65599.77528599997   	99595.84352000002   	0.6586597689975563  	0.14832691007444895 	0.07916383947728549 
38604     	0.49053627760252366 	65950.60013999998   	100756.88797800003  	0.6545517776849172  	0.14844195103818372 	0.07940191425335452 
38627     	0.49133858267716535 	66457.15391699997   	101826.56256100003  	0.6526504700302367  	0.14860170130559397 	0.07970639936245939 
38651     	0.4921383647798742  	66779.93430899997   	102240.03605200002  	0.6531681412459128  	0.14880802715875355 	0.08002020468922626 
38674     	0.49293563579277866 	66952.45870299998   	102453.26097800002  	0.6534927054920859  	0.14902644520559086 	0.08033655840371565 
38720     	0.49295774647887325 	67014.63339799998   	102515.43567300001  	0.6537028590675925  	0.14901875062841602 	0.08052696755920867 
38790     	0.49221183800623053 	67315.20753699998   	102925.28330700002  	0.6540201335780227  	0.1487828827121319  	0.08052960263287136 
38813     	0.49300155520995337 	67484.45387199998   	103150.32198100002  	0.6542340593413797  	0.1490371271192609  	0.08078725068755017 
38883     	0.49226006191950467 	67562.25162499999   	103228.11973400002  	0.6544946454424971  	0.14881183488909253 	0.08077933680522792 
38906     	0.49304482225656876 	67679.56187199999   	103395.95703500003  	0.6545668110513271  	0.1490593991025103  	0.08102611038745537 
38930     	0.49382716049382713 	67907.013899        	103659.42091200003  	0.65509736887927    	0.14931826570188517 	0.08126109299078979 
39000     	0.4930875576036866  	68024.164472        	103782.83975100004  	0.6554471301344839  	0.1491267010529615  	0.08124647454331778 
39061     	0.49310872894333846 	68194.280807        	103992.60261600003  	0.6557608819428451  	0.1491279684487329  	0.08133354499297853 
39081     	0.4938837920489297  	68451.500336        	104317.43764300003  	0.6561846406758752  	0.14938909889782256 	0.08154878382246074 
39183     	0.49165402124430957 	68585.079999        	104457.31525400003  	0.6565847478678487  	0.1486627395586332  	0.08115474119838452 
39204     	0.49242424242424243 	68694.47478599999   	104575.55623300002  	0.656888447554082   	0.1488677118456032  	0.081256887684678   
39306     	0.49022556390977445 	69430.32920699999   	105947.39560600002  	0.6553283241166148  	0.1481603564313917  	0.08086341486886113 
39387     	0.48878923766816146 	69565.691327        	106203.47083500001  	0.6550227669590831  	0.14768331968509277 	0.08060595356558983 
39408     	0.48955223880597015 	69808.669803        	106515.63190500002  	0.6553842713458387  	0.14790827777289392 	0.08071802605360988 
39428     	0.4903129657228018  	70013.828073        	106764.09841300001  	0.6557806333189139  	0.14816098383636833 	0.08083432744180928 
39448     	0.49107142857142855 	70285.365058        	107091.27433600002  	0.656312715427019   	0.14845528680504222 	0.08095702639552038 
39469     	0.4918276374442793  	70760.142245        	107965.36296600002  	0.655396696691359   	0.14875383343127077 	0.08109602213614027 
39591     	0.4889543446244477  	70921.920843        	108141.03768200001  	0.6558280035332498  	0.14796976936885664 	0.08063828342384242 
39632     	0.4889867841409692  	71003.83005         	108224.57683800001  	0.6560786110190547  	0.148074175247293   	0.08065996342412277 
39673     	0.4890190336749634  	71105.432703        	108326.179491       	0.6564011860947021  	0.14814156200194034 	0.08067515941388771 
39714     	0.48905109489051096 	71385.766673        	108687.86890100001  	0.6567960840047643  	0.14823723703599118 	0.08068862095043956 
39734     	0.4897959183673469  	71651.384871        	109321.68472100001  	0.6554178620084531  	0.1485688236740841  	0.08085608620319974 
39755     	0.49053857350800584 	71809.130256        	109491.23349900001  	0.6558436503197842  	0.14892704726865647 	0.08102580441705354 
39795     	0.49056603773584906 	71982.87776         	109695.939125       	0.6562036692896585  	0.14909323947291891 	0.08108237264727554 
39857     	0.48988439306358383 	72091.396099        	109826.947748       	0.6564089923031919  	0.14904515122923248 	0.08102196910340577 
39918     	0.4892086330935252  	72188.736691        	109968.85963        	0.6564470790538832  	0.14899819244083096 	0.08096341639235087 
40000     	0.48783977110157367 	72315.868351        	110114.693457       	0.6567322314640914  	0.1487471564106809  	0.08079034542960921 
40066     	0.48857142857142855 	72425.921886        	110232.85273        	0.6570266494272555  	0.14907749975508516 	0.08094873171221775 
40166     	0.4879089615931721  	72589.909797        	110421.266497       	0.6573906648586771  	0.14885181272672662 	0.08081034133014825 
40233     	0.4879432624113475  	72712.791798        	110553.074754       	0.6577184032176285  	0.1488093883237541  	0.08078573474587712 
40266     	0.4886685552407932  	72891.85040600001   	110795.301089       	0.6578965866742599  	0.14899638313194397 	0.08088113297602667 
40300     	0.4893917963224894  	73054.41789000001   	110957.868573       	0.6583978119761463  	0.14918428776518242 	0.08097394063368428 
40366     	0.4894217207334274  	73069.93422200001   	110973.384905       	0.6584455748966506  	0.14904789190360274 	0.0808868779309948  
40433     	0.48945147679324896 	73550.78523200001   	111766.158017       	0.6580774228708184  	0.14892195329107752 	0.08083040316715838 
40566     	0.4881118881118881  	73605.29775700001   	111820.67054199999  	0.6582441099685031  	0.14835759329008166 	0.0805459645717194  
40600     	0.4888268156424581  	73952.650527        	112461.872796       	0.657579752927877   	0.1484258093656297  	0.08062825214793198 
40633     	0.4895397489539749  	74331.90905300001   	113520.36863499999  	0.6547891796581288  	0.1485150075219319  	0.08077404891489352 
40666     	0.49025069637883006 	75045.09433500002   	114849.98496599999  	0.6534184079973214  	0.1486182785223316  	0.08097894802159211 
40700     	0.4909596662030598  	75091.53554100002   	114896.42617199999  	0.6535584964895946  	0.14872192998377864 	0.08118637330475119 
40800     	0.4903047091412742  	75235.32019000001   	115060.13462        	0.6538782562568152  	0.14841372228883465 	0.08116404032957765 
40833     	0.49100968188105115 	75417.01543800002   	115241.829868       	0.6544239667522113  	0.1485304113034177  	0.0813739683728945  
40866     	0.49171270718232046 	75544.44627000001   	115369.2607         	0.6548056719063297  	0.14862223677148825 	0.08152899490785777 
40900     	0.4924137931034483  	75651.40784200002   	115476.222272       	0.6551254132976909  	0.14868564056100073 	0.08165544555217066 
41071     	0.49108367626886146 	75722.60312300001   	115555.638879       	0.6552912852854395  	0.1481415871427688  	0.08144579302987263 
41107     	0.4917808219178082  	75825.341283        	115659.15727600001  	0.6555930638683136  	0.14816271887128693 	0.08151070777021774 
41178     	0.4918032786885246  	76039.882942        	115972.30766500001  	0.6556727590663313  	0.14796994167517508 	0.0814143573664326  
41250     	0.49182561307901906 	76457.008408        	116523.37604400002  	0.6561516753439182  	0.14778724671491897 	0.08133290847849184 
41357     	0.49118046132971505 	76671.18555499999   	116778.82288900002  	0.6565504229125265  	0.14737867411384958 	0.08113943831001362 
41428     	0.4912043301759134  	76741.53668899999   	116856.49381600002  	0.6567160641481827  	0.14716258885746264 	0.08105459719359227 
41535     	0.49056603773584906 	77002.76399699999   	117214.86693600002  	0.6569368375348149  	0.14676694266417303 	0.08087029120406604 
41571     	0.49125168236877526 	77156.813923        	117394.74780600001  	0.6572424692329935  	0.14675101991370684 	0.08090145681538635 
41607     	0.49193548387096775 	77424.226218        	117977.05676400001  	0.6562651107060465  	0.1467526667200051  	0.08095737363868886 
41642     	0.49261744966442955 	77564.114309        	118215.187705       	0.656126474227299   	0.1467704728296444  	0.08102598023016516 
41714     	0.4926372155287818  	78066.581584        	119120.02579100001  	0.6553606840294879  	0.1465858844600825  	0.08099316079442244 
41750     	0.49331550802139035 	78203.987329        	119331.27852600001  	0.6553519604833601  	0.14660408360590604 	0.08107727064130849 
42045     	0.4894179894179894  	78294.56195         	119421.85314700002  	0.6556133562391201  	0.1452454332632151  	0.08040489094571199 
42068     	0.4900924702774108  	78304.707347        	119431.99854400002  	0.6556426108715891  	0.14524639568306824 	0.08048415812889691 
42090     	0.49076517150395776 	78360.345934        	119487.63713100001  	0.6558029584942734  	0.14524848144974958 	0.08056437511662129 
42136     	0.49078947368421055 	78371.669495        	119498.96069200001  	0.655835574143589   	0.1450599992963591  	0.08053837245010367 
42159     	0.4914586070959264  	78628.96446799999   	119910.995336       	0.6557277274504767  	0.14507710258928744 	0.08063413482768107 
42227     	0.4908376963350785  	79164.95812799998   	120811.14387900001  	0.6552786074709191  	0.14473393414576102 	0.08053991600079724 
42272     	0.4908616187989556  	79353.88362799998   	121015.042935       	0.65573569783901    	0.14458801779158537 	0.0805134785865751  
42340     	0.49024707412223667 	79631.60098399998   	121384.855301       	0.6560258344134958  	0.14423280508014885 	0.08037672577030502 
42363     	0.4909090909090909  	79656.94709499998   	121411.056846       	0.6560930212150142  	0.14425770884842745 	0.08044951017148465 
42409     	0.49093264248704666 	79702.23387599998   	121456.34362700001  	0.6562212519814569  	0.14409819203664934 	0.08041809833649365 
42477     	0.49032258064516127 	79796.16704399999   	121585.85050700001  	0.6562948460800208  	0.14374500612249244 	0.08028422635247444 
42500     	0.49097938144329895 	80017.74278799999   	121865.57221600002  	0.6566066308388799  	0.14378645441827514 	0.08036302524071084 
42522     	0.49163449163449163 	80209.93004899999   	122544.04246500002  	0.6545396123349599  	0.14384262914455978 	0.08047379784942722 
42545     	0.4922879177377892  	80420.59140299998   	122811.26373200002  	0.6548307456431245  	0.14392982925286674 	0.08058934524921409 
42568     	0.49293966623876767 	80621.71354899998   	123101.92350000002  	0.6549183900363666  	0.14403960578495115 	0.08071249143624701 
42613     	0.49295774647887325 	80712.61426799998   	123192.82421900002  	0.6551730166078267  	0.14393149910278705 	0.08071444842825722 
42636     	0.4936061381074169  	80964.60406099998   	123497.26952500001  	0.6555983332458214  	0.14403343887664055 	0.08082460748611923 
42681     	0.49362244897959184 	81164.85697599998   	123750.00953000001  	0.6558775816200939  	0.14397144554476707 	0.08083721756280897 
42704     	0.4942675159235669  	81432.09510399998   	124076.609477       	0.656304967126741   	0.1441361202631808  	0.08095698559850002 
42772     	0.4936548223350254  	81649.88675899997   	124336.623448       	0.6566841248761074  	0.14396338399858952 	0.08087486862680006 
42795     	0.49429657794676807 	81736.43777799998   	124424.469547       	0.6569161040073788  	0.1441434400507828  	0.08099381925012218 
42886     	0.4930643127364439  	81960.15549799998   	124671.156878       	0.6574107239431819  	0.14376801706825587 	0.08078642932209351 
42931     	0.4930817610062893  	82034.89042899998   	124787.98468        	0.6573941444712494  	0.14375946302545373 	0.08078839312116523 
42954     	0.4937185929648241  	82406.04118699998   	125563.753061       	0.6562884525040151  	0.14395121446360007 	0.08092677906095135 
43000     	0.49373433583959897 	82692.35016599997   	125912.915482       	0.656742398898875   	0.1440020003106048  	0.08097092634615133 
43052     	0.49436795994993743 	82867.46333499998   	126112.357919       	0.6570923318095794  	0.1442539673162925  	0.08111887097320941 
43210     	0.4919254658385093  	83299.44299299998   	126757.941281       	0.6571536437968789  	0.14359538089111396 	0.08076081366892579 
43236     	0.49255583126550867 	83459.37836399997   	126964.471298       	0.6573443539816061  	0.1438404893335871  	0.08091248114978596 
43263     	0.49318463444857497 	83637.40333099998   	127186.013013       	0.6575990657278579  	0.1441058069262623  	0.08106735614080682 
43342     	0.4925925925925926  	83716.68661999998   	127351.708644       	0.6573660260344232  	0.1439790238742859  	0.08102229469427753 
43394     	0.49261083743842365 	83886.71544399997   	127555.59822        	0.6576482460559462  	0.144049146422963   	0.08108201655760654 
43473     	0.4920245398773006  	83958.47540199997   	127676.276017       	0.6575886924429168  	0.1439246108821507  	0.0810416778518868  
43500     	0.49264705882352944 	84316.05640799996   	128134.201992       	0.658029277875896   	0.1441876872716303  	0.08120102060138146 
43578     	0.49206349206349204 	84394.77634799996   	128217.958492       	0.6582133839953914  	0.1440649811548762  	0.08112277238642125 
43631     	0.4920828258221681  	84675.34115299996   	128561.067871       	0.6586390620056485  	0.1441407948924398  	0.0811503882249652  
43657     	0.4927007299270073  	84873.88949799996   	128786.298987       	0.659028873145639   	0.14438453678001092 	0.08127194458904313 
43710     	0.49271844660194175 	85093.58321799996   	129214.726224       	0.6585440042684152  	0.14446355729044133 	0.0813103655699909  
43736     	0.49333333333333335 	85183.27854699995   	129311.841841       	0.6587430612251282  	0.14469127249431027 	0.08143001585177666 
43763     	0.4939467312348668  	85506.98210699995   	129702.432913       	0.6592550362131999  	0.14495413110705443 	0.08155430009928549 
43842     	0.49336550060313633 	85576.73247299994   	129772.18327899999  	0.6594381809005763  	0.14481404775866707 	0.08144405436752918 
43868     	0.4939759036144578  	85929.70186599994   	130498.07422899999  	0.6584748654237549  	0.14504642934754974 	0.08156473400180657 
43947     	0.49339735894357745 	86134.11753299994   	130777.591603       	0.658630553424445   	0.14489540321425004 	0.08146301609386927 
44054     	0.49282296650717705 	86407.60103799994   	131121.540613       	0.6589886042677651  	0.1447217296417718  	0.08135045339852842 
44081     	0.4934289127837515  	86562.83905899993   	131290.10700299998  	0.6593249181906903  	0.14490198953279546 	0.08143323216313918 
44135     	0.4934445768772348  	86915.30061299993   	131669.403841       	0.6601024845373814  	0.14490358640048204 	0.08141836670904136 
44243     	0.49228944246737844 	87259.04562199993   	132115.442647       	0.6604757466176598  	0.14455310681563502 	0.08118199438470876 
44270     	0.4928909952606635  	87583.69101999993   	132549.681706       	0.6607612322620565  	0.14474795613427308 	0.08123207438762992 
44297     	0.493491124260355   	87705.51961199993   	132671.510298       	0.6610727458743799  	0.14489092737659434 	0.08127506703126403 
44324     	0.4940898345153664  	87793.48208399993   	132759.47277000002  	0.6612973089769518  	0.14503234671407098 	0.08131941644882949 
44351     	0.4946871310507674  	87891.71060299993   	132859.145049       	0.6615405403262563  	0.14518557997888606 	0.08136373839370743 
44378     	0.49528301886792453 	88087.96259099993   	133055.39703700002  	0.6620397560160934  	0.14534776926767187 	0.08141075689629035 
44405     	0.4958775029446408  	88586.68573699993   	134508.334249       	0.6585962589723954  	0.1455390768697838  	0.08151670025625035 
44486     	0.4953051643192488  	88731.41401899993   	134656.796869       	0.6589449332091399  	0.1454101965745687  	0.08143169310180383 
44540     	0.4953161592505855  	88830.15418699993   	134796.46105800002  	0.6589947057198945  	0.14544459672086044 	0.08144021402667577 
44594     	0.4953271028037383  	89428.13027899993   	135943.97935200002  	0.6578307528238783  	0.1454477674377354  	0.08148073042631046 
44756     	0.49303944315545245 	90096.88117499993   	137700.257252       	0.6542971158733353  	0.14472427936972707 	0.08118210403840868 
44783     	0.4936268829663963  	90382.13948499993   	138131.258401       	0.6543206840454413  	0.14487193242134128 	0.08136463859694873 
44837     	0.4936416184971098  	90599.58990699993   	138348.708823       	0.6548640076063945  	0.14486574976809022 	0.0814611564719862  
44891     	0.4936562860438293  	90902.51243499992   	138918.593129       	0.6543581416102288  	0.14486297071330737 	0.08155641216890613 
45000     	0.4925373134328358  	91056.55740999992   	139094.54198699998  	0.6546378895191317  	0.144529351776303   	0.08146277865284186 
45044     	0.49311926605504586 	91172.01192199992   	139224.66593499997  	0.6548553110880908  	0.14470743630014243 	0.08165218917543757 
45088     	0.4931350114416476  	91272.85777799992   	139333.02900799995  	0.6550697880310876  	0.144697755126861   	0.0817426475193339  
45111     	0.4937142857142857  	91280.47754199992   	139347.43108699995  	0.6550567658833266  	0.14482723275335216 	0.08192291574288366 
45133     	0.4942922374429224  	91557.73463099993   	139711.60926499995  	0.6553337629755343  	0.14497825930792352 	0.08211150756992827 
45222     	0.49318181818181817 	91928.78305799993   	140270.56592699996  	0.6553675922705109  	0.14460440633371166 	0.08200635377065908 
45266     	0.4931972789115646  	92226.19499199993   	140702.25306999995  	0.6554706337653102  	0.14457556840790223 	0.08209586180062067 
45355     	0.49209932279909707 	92252.45016899993   	140737.40016399996  	0.655493493993061   	0.1441996666383182  	0.08198318082212057 
45377     	0.4926719278466742  	92510.64804499994   	141022.77132299996  	0.6559979439995022  	0.14426564138191683 	0.08209073586236602 
45400     	0.49324324324324326 	92625.93619599994   	141139.76336699998  	0.6562710180769432  	0.1443488693334216  	0.08219836304213386 
45444     	0.49325842696629213 	92663.16571299994   	141176.99288399998  	0.6563616621947593  	0.14427479209908337 	0.08221351863664166 
45511     	0.49272116461366183 	92792.75142999993   	141308.56265399998  	0.6566675768771842  	0.14404469800727698 	0.0821286989799525  
45533     	0.49328859060402686 	92916.70423199993   	141464.42474199997  	0.6568202882205868  	0.14414920057989386 	0.0822307501788151  
45577     	0.49330357142857145 	92953.91369299994   	141501.63420299997  	0.6569105312214778  	0.14409715429436432 	0.08224141953828612 
45644     	0.492769744160178   	93105.24242299993   	141652.96293299997  	0.6572770558074208  	0.14389493389503905 	0.08216584639546941 
45688     	0.49278579356270813 	93391.66990199994   	141959.31279799997  	0.6578763172437371  	0.14388605275071478 	0.0821851283748839  
45733     	0.49280177187153934 	93579.14156899994   	142218.77896499998  	0.6579942694630345  	0.14389865670026603 	0.08220958731921169 
45777     	0.49281767955801103 	93633.39297899994   	142273.03037499997  	0.6581246827469914  	0.14391686715595045 	0.08223394629400771 
45800     	0.49337748344370863 	94023.08987599994   	142761.22470099997  	0.6586038335894253  	0.14413653570019702 	0.08235755909292845 
45866     	0.49284928492849284 	94431.02727499994   	143678.72704199998  	0.6572373601792559  	0.1440455567440493  	0.08231414004441372 
45888     	0.49340659340659343 	94718.79204099994   	144022.849661       	0.6576650320692056  	0.14431323124053674 	0.08245718636398923 
46000     	0.4918032786885246  	94797.25219699994   	144101.30981699997  	0.6578514263151859  	0.14387975831591174 	0.08219332663878628 
46046     	0.4923580786026201  	95127.16987699993   	144546.16456999996  	0.658109263293059   	0.1440905120158212  	0.08230405305664812 
46069     	0.49291166848418755 	95361.52494899994   	145293.53858399997  	0.6563369980411596  	0.1443125798049852  	0.08244850612630965 
46139     	0.4923913043478261  	95414.25420299995   	145346.26783799997  	0.656461673369878   	0.1442149831429783  	0.08241064384938172 
46209     	0.49187432286023836 	95775.47947099994   	145739.24457999997  	0.6571701379886483  	0.14415007312484163 	0.08237610987815354 
46279     	0.49136069114470843 	95841.78496399995   	145805.55007299996  	0.6573260408538302  	0.14401423941301095 	0.08226926357435999 
46302     	0.4919093851132686  	96153.34537799995   	146429.29939899995  	0.6566537282678322  	0.14420112514681624 	0.08236134568493746 
46325     	0.49245689655172414 	96332.68143899995   	146617.73844699995  	0.6570329242516773  	0.14436426683479517 	0.08241565378541936 
46348     	0.4930032292787944  	96545.36214599996   	146864.69327599995  	0.6573762556025916  	0.1445434218877795  	0.08247222694451987 
46395     	0.49301825993555315 	96600.42964999996   	146922.53437099996  	0.6574922632771251  	0.14457229367301117 	0.08244042533255064 
46418     	0.49356223175965663 	96667.11216799996   	146989.21688899994  	0.6576476439152601  	0.1447257919172974  	0.08245930222390953 
46441     	0.4941050375133976  	96933.37486699996   	147442.07735599994  	0.6574335942985505  	0.14489315949501885 	0.08249040497145406 
46465     	0.49464668094218417 	97079.29998799996   	147626.03045699993  	0.6576028610095083  	0.14505365957380778 	0.08251863470366612 
46488     	0.49518716577540106 	97169.79979099995   	147716.53025999994  	0.6578126335621931  	0.14522260348744281 	0.08254738237111467 
46511     	0.49572649572649574 	97334.16085499995   	148024.15127399995  	0.6575559462241378  	0.1454035183298559  	0.08258734860110495 
46604     	0.4946808510638298  	97445.47686199995   	148178.51604299995  	0.657622167262913   	0.1451043470042003  	0.08236335308787172 
46697     	0.4936440677966102  	97863.93337799996   	149009.58776299996  	0.6567626610285825  	0.14480570582617164 	0.08216791967262266 
46720     	0.49417989417989416 	97967.64442399995   	149117.31502699995  	0.6569836937196826  	0.1449807303659895  	0.08223463493941276 
46744     	0.49471458773784355 	98474.07027999996   	149980.12709599995  	0.6565807896466725  	0.145144954342112   	0.08231100146271107 
46837     	0.4936842105263158  	98610.75892199995   	150116.81573799995  	0.656893489494915   	0.14481080378352107 	0.08212407295130747 
46860     	0.4942166140904311  	98726.93185399995   	150270.36499499995  	0.6569953553868386  	0.14493283063952367 	0.08220148962810805 
46883     	0.4947478991596639  	98867.39911699995   	150499.13133399995  	0.6569300316929096  	0.1450499109653481  	0.08227604111031014 
47051     	0.49269311064718163 	98969.80370699996   	150620.23577399994  	0.657081720782196   	0.14437311548133663 	0.08188729659503237 
47076     	0.4932221063607925  	99306.83450899995   	150986.54701399995  	0.6577197536664767  	0.14445124795208103 	0.08192792582296433 
47102     	0.49375             	99478.79643699995   	151190.21465499996  	0.6579711303671341  	0.1445423022748139  	0.08197254928462895 
47153     	0.49376299376299376 	99794.33554599996   	151654.58840999997  	0.6580370339748957  	0.14448911168720235 	0.08194447929885197 
47179     	0.49428868120456904 	99868.55946599996   	151740.27406699996  	0.6581546005505673  	0.1445800491406429  	0.08197034201499609 
47256     	0.4937888198757764  	100093.18861199997  	151997.54799399996  	0.6585184427840316  	0.14438158668564954 	0.08180114341792158 
47307     	0.493801652892562   	100314.10669499997  	152230.10136899995  	0.6589636727091339  	0.1443404366034277  	0.08171842527150686 
47358     	0.49381443298969074 	100823.54393699997  	153065.89272599996  	0.6586937307939795  	0.1443236377780031  	0.08165956374788982 
47410     	0.49382716049382713 	100885.79960699996  	153135.73587099995  	0.6587998485995795  	0.1443122134546759  	0.08160221937414035 
47435     	0.4943473792394656  	101329.27364099996  	154090.82484099997  	0.6575944657675595  	0.14447238515322908 	0.0816626027220441  
47512     	0.49385245901639346 	101513.89367699996  	154304.59546099996  	0.6578799119606085  	0.14431790473875963 	0.08154668996201    
47538     	0.49437052200614123 	101740.73967699996  	154794.58245499997  	0.6572629226644725  	0.14443772783858055 	0.08160858484588895 
47564     	0.4948875255623722  	101906.66823199997  	154960.51100999996  	0.6576299185372698  	0.1445614403448961  	0.08167564272703967 
47589     	0.49540347293156284 	102171.33945299996  	155347.12693599996  	0.6576970006989096  	0.14469929561934522 	0.08175238416355818 
47641     	0.4954128440366973  	102528.91116499997  	155854.89901799997  	0.6578484976154565  	0.1447098320442528  	0.08176334216568264 
47769     	0.49391480730223125 	102677.77869499997  	156119.96493499997  	0.6576851252672874  	0.14424229327548796 	0.08152532387776042 
47794     	0.49442755825734547 	102793.92022099998  	156282.37514499997  	0.6577448040806073  	0.14436976097527324 	0.0816223686978814  
47820     	0.4949392712550607  	102829.94369999997  	156318.39862399996  	0.6578236765803985  	0.14448729392508644 	0.0817171177574704  
47923     	0.4939516129032258  	102896.98909299997  	156385.44401699997  	0.6579703740318343  	0.1441437794776734  	0.08154117085343333 
47948     	0.4944612286002014  	103247.66455399997  	156940.13588699998  	0.6578792860759363  	0.14425201827958842 	0.08162476609131807 
48000     	0.49447236180904525 	103471.23862499997  	157182.62918999998  	0.6582867277269265  	0.14418188178249822 	0.08158593991710959 
48063     	0.4944834503510532  	103633.14503399997  	157352.32103199998  	0.6586057603365418  	0.14413150580983514 	0.08154898614975045 
