23513     	1.0                 	104.29275200000001  	104.29275200000001  	1.0                 	0.005023969087934523	0.00031717103719785676
23540     	1.0                 	320.69169100000005  	357.0634170000001   	0.8981365094593267  	0.01393043409189685 	0.0014500964497884896
23567     	1.0                 	430.64054400000003  	475.46938100000006  	0.9057166690613879  	0.01866563732786859 	0.0020909515042643136
23621     	0.8                 	526.885133          	571.71397           	0.9215886975789659  	0.017400338456378683	0.002118248706724445
23648     	0.8333333333333334  	1193.733275         	1699.441341         	0.7024268777041597  	0.02271945260909657 	0.007255109802577787
23702     	0.75                	1630.696111         	2391.071844         	0.6819937740858614  	0.024645057284186422	0.011981459445852265
23756     	0.7                 	1815.484173         	2657.903263         	0.6830512600939608  	0.026371606564432326	0.015284928475696624
23783     	0.7272727272727273  	2018.180405         	2903.6819480000004  	0.6950418265988406  	0.03141989765190822 	0.019450113596273855
23864     	0.6428571428571429  	2216.271266         	3263.8549250000005  	0.6790348581440089  	0.031352983887803804	0.020462483851640567
23891     	0.6666666666666666  	2380.988631         	3428.5722900000005  	0.6944548428932207  	0.03697786579098703 	0.023995999041293573
23918     	0.6875              	2465.7067890000003  	3513.2904480000007  	0.7018226433296015  	0.042226479489770034	0.027197220075706664
24073     	0.5714285714285714  	2553.0876730000004  	3642.8032840000005  	0.7008579585435556  	0.03816459287700088 	0.024446618853459102
24146     	0.5416666666666666  	2785.6401530000003  	3923.1885040000006  	0.7100449418017564  	0.03974190400140249 	0.024755942606696044
24243     	0.5                 	3268.3827680000004  	4770.268530000001   	0.6851569775255397  	0.03951795356214183 	0.02432096152199082 
24292     	0.5                 	3490.0617110000003  	5009.092719000001   	0.6967452803901671  	0.04232206694927127 	0.02563515398049723 
24317     	0.5161290322580645  	3926.5192610000004  	6125.044922000001   	0.6410596674804273  	0.04672777823549804 	0.028974445235081654
24341     	0.53125             	4097.277517         	6311.989272000001   	0.6491261851751766  	0.05123151528765156 	0.03201676776330728 
24365     	0.5454545454545454  	4664.067913000001   	7690.917897000001   	0.6064383959708263  	0.056085119486912104	0.03629164937992906 
24439     	0.5277777777777778  	4806.610626000001   	7922.087435000001   	0.6067353668383237  	0.05768680945104906 	0.03821307526648939 
24560     	0.4878048780487805  	4897.313493000001   	8053.5505760000015  	0.6080937155338975  	0.0554581229006089  	0.03785791956904013 
24585     	0.5                 	5126.753598         	8358.638901000002   	0.613347897752426   	0.05930765292794004 	0.041258234071471084
24658     	0.4888888888888889  	5337.326666         	8605.397784000003   	0.6202300927824255  	0.06083847120087598 	0.04257812292926063 
24707     	0.48936170212765956 	5584.581227         	8941.724716000002   	0.6245530257722148  	0.06401911300524336 	0.04480971324470229 
24756     	0.4897959183673469  	5922.692559         	9375.987637000002   	0.6316873259972707  	0.06687305851196632 	0.04609519643222733 
24804     	0.49019607843137253 	6118.801251         	9668.461879000002   	0.6328619099476513  	0.0693208499148043  	0.04735015844708862 
24829     	0.5                 	6185.796818         	9735.457446000002   	0.635388409051241   	0.07274200215829314 	0.04940438589869695 
24853     	0.5094339622641509  	6268.1581049999995  	9817.818733000002   	0.6384471210424005  	0.0757402484096231  	0.05136457866284347 
24951     	0.49122807017543857 	6548.500497999999   	10147.182094000002  	0.6453516293821225  	0.07502202134576356 	0.05049709679266913 
25051     	0.48333333333333334 	6839.799166         	10660.410660000001  	0.6416074749975906  	0.07563001510815177 	0.05072883910949331 
25102     	0.4838709677419355  	7084.068128         	10931.216436        	0.6480585367123363  	0.07785404295320791 	0.05179404465320498 
25153     	0.484375            	7263.421701         	11139.969547        	0.6520145024055334  	0.08007669601980974 	0.052646598375406604
25205     	0.48484848484848486 	7353.064873         	11233.080443        	0.6545902444402177  	0.08216181212574503 	0.05331927379924726 
25230     	0.4925373134328358  	7365.7303010000005  	11245.832521        	0.654974212646822   	0.08540661869849321 	0.054757733199400555
25256     	0.5                 	7518.886413         	11405.819823        	0.6592149034160664  	0.0883136094769367  	0.0560879576612465  
25282     	0.5072463768115942  	7634.125892         	11565.04944         	0.6601031782532526  	0.09117419982261912 	0.057413442064544774
25358     	0.5                 	7865.347879         	11859.331852000001  	0.6632201524636111  	0.0917291561342833  	0.057119368730064415
25384     	0.5068493150684932  	8200.650724         	12537.54288         	0.6540875514836124  	0.09441836911288756 	0.05804850291192193 
25410     	0.5135135135135135  	8297.331408999999   	12634.223565        	0.6567345722760287  	0.09707032775294386 	0.058966714725692475
25487     	0.5064935064935064  	8442.124115999999   	12802.062732        	0.6594346780459128  	0.0965650114115558  	0.057916760635303974
25512     	0.5128205128205128  	8507.048466999999   	12866.987083        	0.6611531053947821  	0.09859076499219081 	0.058412134543484436
25564     	0.5125              	8872.427728999999   	13459.164379        	0.6592108900046891  	0.09945043463360366 	0.05833097805953965 
25589     	0.5185185185185185  	9061.867311999998   	13686.487176        	0.6621032260118926  	0.10141055514778008 	0.058971330117627875
25615     	0.524390243902439   	9362.159058999998   	14054.459770000001  	0.6661343952176682  	0.1036490998235449  	0.05947983952303125 
25692     	0.5176470588235295  	9486.250941999997   	14178.551653        	0.6690564152222719  	0.10312759612764683 	0.05853700107486771 
25743     	0.5172413793103449  	9551.482309999998   	14244.768335        	0.6705256333675571  	0.10366560889372523 	0.0583150112572933  
25794     	0.5168539325842697  	9675.367847999998   	14486.131335        	0.6679055728718476  	0.10431738100947696 	0.05817387047066697 
25820     	0.5222222222222223  	9959.673067999998   	14821.390239        	0.6719796798678703  	0.10651706266802606 	0.058741138830339455
25871     	0.5217391304347826  	10130.277997999998  	15031.090167        	0.673954975018413   	0.10717840160735737 	0.05855585125873309 
25897     	0.5268817204301075  	10330.028526999999  	15271.238223        	0.6764368662288268  	0.10915813915325699 	0.05903215783879949 
25974     	0.5208333333333334  	10507.682647999998  	15481.382617000001  	0.6787302470298475  	0.10889377395797706 	0.05826084063149129 
26000     	0.5257731958762887  	10756.921058999998  	15822.453212        	0.6798516585810965  	0.11115988306337692 	0.058791492700287745
26040     	0.5306122448979592  	10970.908644        	16122.24922         	0.6804825117323177  	0.1134472954653944  	0.05910247590107493 
26060     	0.5353535353535354  	11173.298207        	16384.096195        	0.6819599979161378  	0.11593610563195697 	0.059453355731995394
26080     	0.54                	11593.266096        	17525.878298        	0.6614941573183803  	0.11850684002475313 	0.06028081772670085 
26120     	0.5392156862745098  	12031.622182        	18641.707879999998  	0.6454141572998408  	0.11980722920920456 	0.06059696175122055 
26140     	0.5436893203883495  	12241.513474        	18947.428967        	0.6460778132653547  	0.12244085537498116 	0.061547386600632234
26180     	0.5428571428571428  	12430.426952        	19399.028600999998  	0.6407757423152222  	0.12378669174109015 	0.06196859407984895 
26220     	0.5420560747663551  	12581.908993        	19573.793683999997  	0.6427935839174957  	0.125157619977868   	0.06238271915211014 
26240     	0.5462962962962963  	12702.542050999999  	19727.413493999997  	0.6439030669105922  	0.1278084477589156  	0.06338101510415271 
26360     	0.5263157894736842  	13025.167640999998  	20162.298459999998  	0.6460160118570132  	0.1245775799129676  	0.06149340443971097 
26380     	0.5304347826086957  	13337.590396999998  	20871.250259999997  	0.6390412759585203  	0.127060920679026   	0.06258904028300981 
26400     	0.5344827586206896  	13564.050775999998  	21132.467667999998  	0.6418583475009626  	0.12955034768161858 	0.06368480461272992 
26420     	0.5384615384615384  	13642.414026999999  	21229.467399999998  	0.6426168763423618  	0.13208963686857011 	0.06477737426652237 
26500     	0.5289256198347108  	13901.29228         	21717.067380999997  	0.6401090919007819  	0.13106871407630674 	0.06391763386376903 
26520     	0.5327868852459017  	14098.943646        	21941.94893         	0.6425565792254353  	0.1333137863821206  	0.06466338595120627 
26560     	0.532258064516129   	14167.24844         	22011.033568        	0.6436430345822822  	0.13431571514925947 	0.06484925884192008 
26580     	0.536               	14265.138002        	22124.224344        	0.6447746045329109  	0.13645361938268508 	0.06555901529629127 
26620     	0.5354330708661418  	14495.941354999999  	22407.565831        	0.6469217345752668  	0.13762411856362886 	0.06576697874876049 
26640     	0.5390625           	14951.282908        	23380.355984        	0.6394805501777512  	0.13982278338567788 	0.06674403202424307 
26820     	0.5109489051094891  	15115.208573999998  	23578.399659000002  	0.6410616832610369  	0.13345273804499463 	0.06355746574743837 
26840     	0.5144927536231884  	15367.802516999998  	23933.645557000003  	0.6421003637076631  	0.13548994207374626 	0.06432846771246584 
26860     	0.5179856115107914  	15670.886034        	24329.707051000005  	0.6441050030380818  	0.13764635173928486 	0.06512153899020659 
26920     	0.5140845070422535  	15887.147201        	24732.636794000005  	0.6423555779080591  	0.1375066316902831  	0.06502395337976512 
27050     	0.5034013605442177  	15996.219098        	24882.369514000005  	0.6428736253996937  	0.13520771836916698 	0.0640275080410076  
27075     	0.5067567567567568  	16199.561688        	25129.313069000007  	0.6446480110108574  	0.1366373276000818  	0.06471561660789314 
27100     	0.5100671140939598  	16422.013133        	25397.044351000008  	0.6466111924694649  	0.1382023216026052  	0.06541144428051293 
27150     	0.5099337748344371  	16533.708275        	25508.73949300001   	0.6481585763787782  	0.13874337141422816 	0.06565728467700936 
27300     	0.4968152866242038  	16713.629179        	25759.81966400001   	0.6488255506834045  	0.1354376201834438  	0.06419924204284445 
27350     	0.4968553459119497  	16971.701807999998  	26073.73739800001   	0.6509117411492307  	0.13571133512582897 	0.06442919282789178 
27400     	0.4968944099378882  	17077.345648        	26258.28338200001   	0.65036032247662    	0.13581574374862523 	0.06464296850266157 
27425     	0.5                 	17358.092011999997  	26605.05613600001   	0.6524358348754732  	0.13685875680076584 	0.0652371495786822  
27525     	0.4939759036144578  	17440.777040999998  	26697.50865200001   	0.6532735795065823  	0.13527351094184503 	0.0645168960106586  
27575     	0.49404761904761907 	17866.374539999997  	27390.16383800001   	0.6522916272305355  	0.13542727801372806 	0.06445977298934899 
27700     	0.48554913294797686 	18091.277663999997  	27656.986743000012  	0.6541304673611598  	0.13326709350267263 	0.06324167604535856 
27750     	0.4857142857142857  	18245.742086        	27938.29293000001   	0.6530729036206719  	0.13342020670334054 	0.06296606923250991 
27775     	0.48863636363636365 	18464.729969        	28184.55501200001   	0.6551364731903113  	0.13449328234534572 	0.0630674388116985  
27800     	0.4915254237288136  	18533.945264        	28253.770307000013  	0.6559813101973199  	0.1355722752390523  	0.06317591609776213 
27850     	0.49162011173184356 	18691.984363000003  	28447.124008000013  	0.6570781762593424  	0.13595738262969234 	0.06294260579439995 
27875     	0.49444444444444446 	18992.165929000003  	28823.387094000012  	0.6589151325991623  	0.13729721308398218 	0.0630838628883125  
27900     	0.4972375690607735  	19152.850484000002  	29059.39835300001   	0.6590931529737853  	0.13869765592783886 	0.06325232422629364 
28075     	0.48663101604278075 	19184.039377        	29090.58724600001   	0.659458649451562   	0.13615677874134974 	0.061623571942264754
28100     	0.48936170212765956 	19342.2647          	29267.73101600001   	0.6608733929331939  	0.13740129166463844 	0.061700808304953995
28125     	0.49206349206349204 	19605.735964        	29577.29657700001   	0.6628643666928598  	0.13859838397925894 	0.061769319644698964
28200     	0.4895833333333333  	19874.654634        	29933.214816000007  	0.663966592167592   	0.1382790726359033  	0.061192892583436   
28250     	0.4896907216494845  	20583.453196        	31235.885035000007  	0.6589681442653573  	0.138742566282656   	0.061143314952273146
28325     	0.4873096446700508  	20667.459347        	31358.285566000006  	0.6590749135025591  	0.1383872886424084  	0.06079012093901154 
28350     	0.4898989898989899  	21007.876892        	31829.259417000005  	0.6600177722256301  	0.13949152162055756 	0.061112173537135356
28375     	0.49246231155778897 	21062.909676        	31898.493828000006  	0.6603104770267022  	0.14061198173075531 	0.061434971857986236
28425     	0.4925373134328358  	21302.357836        	32178.012142000007  	0.6620159673628603  	0.14112394273610698 	0.06145665925598482 
28450     	0.49504950495049505 	21813.541048        	33612.90793400001   	0.648963222427276   	0.14237728762774246 	0.06202549715516473 
28475     	0.4975369458128079  	21883.064427999998  	33684.94269800001   	0.6496393544198984  	0.1436656920987059  	0.0625904296835475  
28500     	0.5                 	21934.114617        	33735.992887000015  	0.650169529335305   	0.1448306508380402  	0.06313071332248772 
28550     	0.5                 	22177.460871        	34010.99930700001   	0.6520673112487912  	0.14538843472149426 	0.06336500789979004 
28600     	0.5                 	22359.439038        	34429.52029800001   	0.6494263888799765  	0.14582416984820393 	0.06362887481051285 
28675     	0.4976303317535545  	22459.965039        	34545.19834000001   	0.6501617046150673  	0.14551250424147893 	0.06357801446434093 
28750     	0.4953271028037383  	22555.398503999997  	34646.59534600001   	0.6510134193201192  	0.1452140048421125  	0.06350185014966385 
28775     	0.49767441860465117 	22683.626876        	34796.28467200001   	0.6518979566302128  	0.14634002618227998 	0.06402771482915555 
28800     	0.5                 	22824.304419999997  	34952.62739400001   	0.6530068301508581  	0.14738537097134966 	0.06447967404246016 
28850     	0.5                 	23278.197578999996  	35786.75870100001   	0.6504695709798808  	0.14758809003902976 	0.06470164628303494 
28925     	0.497737556561086   	23338.708849999995  	35847.26997200002   	0.6510595888677061  	0.14694454733282628 	0.06459032102124503 
28950     	0.5                 	23504.939882999995  	36018.085263000015  	0.6525871575729126  	0.1477187769768001  	0.06506961893608679 
29075     	0.49557522123893805 	23846.465780999995  	36691.64208200001   	0.6499154692424753  	0.14621823756690902 	0.06472080656337591 
29125     	0.4956140350877193  	24083.541854999996  	37151.266936000015  	0.6482562733725444  	0.14605497499132095 	0.06500234000235053 
29150     	0.4978165938864629  	24412.497614999997  	37598.72093100002   	0.6492906410247582  	0.14662196269726796 	0.0655958680629368  
29375     	0.4831932773109244  	24593.326627999995  	37805.173381000015  	0.6505280740323233  	0.1421382606945403  	0.06380276310362028 
29400     	0.48535564853556484 	25324.091438999996  	39531.577419000016  	0.6406041218792475  	0.1426478663180112  	0.06442321276821787 
29425     	0.4875              	25446.540816999997  	39746.47835300001   	0.6402212691902383  	0.14319032153252495 	0.065069952316357   
29500     	0.48559670781893005 	25680.049955        	40110.193907000015  	0.640237492108417   	0.1425384300573653  	0.06519404732615187 
29550     	0.4857142857142857  	26015.083846999998  	40566.85934100002   	0.6412890785633764  	0.1426173114748448  	0.065602584420964   
29625     	0.4838709677419355  	26111.729800999998  	40686.68287700002   	0.6417758331377963  	0.14210334163711616 	0.06573968728326327 
29650     	0.4859437751004016  	26165.670845999997  	40755.04616400002   	0.6420228489181005  	0.14275122215344033 	0.06640474007232984 
29750     	0.48221343873517786 	26530.514415999998  	41262.47276300002   	0.6429695711254091  	0.14183576377665918 	0.06630238539417456 
29775     	0.484251968503937   	26617.363002        	41351.36003700002   	0.6436877282436064  	0.1425088235272304  	0.06675891206237276 
29900     	0.47876447876447875 	26644.190736999997  	41378.18777200002   	0.6439187449149165  	0.14087250379481872 	0.0661254602195571  
29925     	0.4807692307692308  	26831.082236        	41621.76990500002   	0.6446405882604426  	0.1414964680591179  	0.06653706079746662 
30000     	0.4790874524714829  	27202.964876        	42155.24490600002   	0.645304396562245   	0.14114798545391188 	0.06646585393012171 
30076     	0.47924528301886793 	27527.832908999997  	42715.113101000024  	0.6444518323973613  	0.14139574862218665 	0.06670458892114829 
30153     	0.47761194029850745 	27877.927005999998  	44217.86561300002   	0.6304674958757825  	0.1410274606127464  	0.06692242300226811 
30307     	0.4708029197080292  	27989.766375        	44329.704982000025  	0.6313997890661618  	0.13901351519257843 	0.06632563361317693 
30358     	0.47101449275362317 	28073.545502999998  	44505.40096200002   	0.6307896321835184  	0.1390247370221797  	0.06668785755752916 
30410     	0.4712230215827338  	28188.018161999997  	44653.348423000025  	0.6312632570121197  	0.13894571439095982 	0.06702106597303079 
30512     	0.46808510638297873 	28351.959798999997  	44868.863361000025  	0.6318849570779075  	0.13781137464304014 	0.0668597827097985  
30589     	0.4666666666666667  	28402.229385999995  	44919.13294800003   	0.6322969194191574  	0.1371520232785379  	0.0669329443953466  
30666     	0.4652777777777778  	28614.711533999995  	45229.161224000025  	0.6326606720006146  	0.1365808746274093  	0.06702492234435574 
30743     	0.4639175257731959  	29127.975047999993  	46151.55121900002   	0.6311375084616521  	0.13574164990612728 	0.06655630243729065 
30769     	0.4657534246575342  	29216.77479899999   	46240.35097000002   	0.6318458702434018  	0.13581926942960146 	0.06654946042520105 
30794     	0.46757679180887374 	29510.22643899999   	46585.78968900002   	0.6334598304763317  	0.13598936769175984 	0.06655410426308875 
30820     	0.46938775510204084 	29687.47443099999   	46809.17051600002   	0.6342234674047984  	0.13619594536769752 	0.06658228627619396 
30871     	0.46959459459459457 	29808.23762499999   	46959.02860400002   	0.6347711720438121  	0.13598536804674768 	0.06639224978165824 
30974     	0.4666666666666667  	29880.87107099999   	47042.01313400002   	0.6351954153382805  	0.13487974849774467 	0.06576252871781414 
31078     	0.46534653465346537 	30164.83846799999   	47403.439790000026  	0.6363428181927718  	0.1343491013654321  	0.0653835791141477  
31105     	0.46710526315789475 	30380.179803999992  	47689.172612000024  	0.6370456466329095  	0.13476894686257618 	0.06545570344494359 
31157     	0.4673202614379085  	30468.14209299999   	47784.59865500002   	0.6376142721837407  	0.1346845714194284  	0.0653041950478577  
31210     	0.4675324675324675  	30771.87636999999   	48277.45123700002   	0.6373964569698806  	0.13464146084848394 	0.06520618001995297 
31236     	0.4692556634304207  	30973.63219199999   	48532.843478000024  	0.6381994124461379  	0.1350935143877576  	0.06533555195360914 
31315     	0.46794871794871795 	31238.38943999999   	49250.582284000026  	0.6342745200425451  	0.13469869965546435 	0.06513716001494002 
31394     	0.4666666666666667  	31508.144836999993  	49558.64838300003   	0.635774902364128   	0.13428210267803667 	0.06488273556510706 
31447     	0.4668769716088328  	31663.87206099999   	49723.51584000003   	0.636798736494977   	0.13435510385511387 	0.06484190189667326 
31473     	0.46855345911949686 	31817.28675499999   	49896.33292300003   	0.637667838317906   	0.13490747933066466 	0.06500968151103782 
31578     	0.4658385093167702  	32150.10104899999   	50571.90159900003   	0.6357305150185553  	0.1341778527740926  	0.06462941448468063 
31657     	0.4646153846153846  	32345.36008199999   	50851.51975400003   	0.6360745999032934  	0.13389381990262733 	0.06447197532269519 
31684     	0.4662576687116564  	32527.08034999999   	51142.42054600003   	0.6360097938802783  	0.13438830932203602 	0.06472167484919034 
31736     	0.46646341463414637 	32740.32153699999   	51405.32391600003   	0.636905266670433   	0.1344084377811896  	0.06476799880261619 
31815     	0.4652567975830816  	32979.82798699999   	51711.42912400003   	0.6377667093268086  	0.13396236593173483 	0.06460170108338298 
31868     	0.46546546546546547 	33219.74500699999   	52013.94524200003   	0.6386699730705263  	0.13388120075156157 	0.06457413052912271 
31921     	0.46567164179104475 	33915.916956999994  	53374.81234900003   	0.6354292495725355  	0.13388448820228274 	0.06470433758538287 
31947     	0.46726190476190477 	34260.315131999996  	53833.30564100003   	0.6364148499531667  	0.13440349688131198 	0.06504287913056812 
31973     	0.4688427299703264  	34539.72758399999   	54157.52441800003   	0.6377641510607936  	0.13494788777546374 	0.06532183869242393 
32000     	0.47041420118343197 	35065.865507999995  	55274.13406800003   	0.6343991832574135  	0.13552154884575576 	0.06566728960014608 
32108     	0.4678362573099415  	35366.890761999995  	56345.34540800003   	0.6276807872221958  	0.13493204817592483 	0.06555808031169505 
32173     	0.4666666666666667  	35438.633594        	56417.088240000034  	0.6281542472245812  	0.13463172019278832 	0.06552378741438644 
32282     	0.46285714285714286 	35628.762415        	56607.21706100003   	0.6294031797501436  	0.13344790773564416 	0.0650708845923171  
32304     	0.46438746438746437 	36038.147152        	57367.43462200003   	0.6281986878001271  	0.13379813021617842 	0.0654124818683778  
32326     	0.4659090909090909  	36146.503588        	57488.06222600003   	0.6287653851663847  	0.13417865755676572 	0.06575427903003746 
32391     	0.4647887323943662  	36403.52855         	57863.10256800003   	0.6291319845357239  	0.13386326357579176 	0.06573761179701994 
32434     	0.4649859943977591  	36562.249070000005  	58147.996062000035  	0.628779176345401   	0.13395292463288833 	0.06592172519664381 
32456     	0.4664804469273743  	36715.60847600001   	58345.21443800003   	0.6292822612729531  	0.13441140982029218 	0.06628347674623279 
32478     	0.467966573816156   	36862.08859700001   	58520.52147800003   	0.6299002070727923  	0.13482364656965828 	0.06664134064524521 
32500     	0.46944444444444444 	37116.12216400001   	58943.00007000003   	0.6296951651582262  	0.13528641956593182 	0.0670339229075566  
32543     	0.4696132596685083  	37166.23713500001   	58993.115041000034  	0.6300097411226647  	0.13530756293252064 	0.06722700172134956 
32586     	0.4697802197802198  	37508.08541200001   	59433.27281600003   	0.6310957420790473  	0.13544261883832678 	0.06743804299732234 
32652     	0.46866485013623976 	37765.420860000006  	59717.38822300003   	0.6324024205307547  	0.13518876822603432 	0.06732571763378256 
32673     	0.4701086956521739  	38008.177297        	60017.59030700003   	0.6332839606285725  	0.1357275403423074  	0.0675901690660496  
32695     	0.4715447154471545  	38081.129093        	60094.84254500003   	0.6336838151208103  	0.13627756122019313 	0.06785453075431952 
32760     	0.47043010752688175 	38347.118248000006  	60418.49843700003   	0.6346916795356237  	0.13610968457959763 	0.06776067554225669 
32826     	0.4693333333333333  	38386.755170000004  	60458.44253500003   	0.6349279531601811  	0.13584684974142722 	0.06765320622168543 
32847     	0.47074468085106386 	38602.753562000005  	60797.00178600003   	0.634945020773857   	0.13636262504012917 	0.06792567657360865 
32869     	0.47214854111405835 	38633.333701        	60827.58192500003   	0.6351285465964212  	0.13688976753433524 	0.0681970106351732  
32956     	0.46981627296587924 	38804.009414        	61229.789037000024  	0.6337439671815863  	0.1362835181686954  	0.06795424247045123 
32978     	0.4712041884816754  	39085.713463        	61904.390015000026  	0.6313883951288294  	0.13677236350659097 	0.06831313821185699 
33047     	0.4713541666666667  	39617.898345        	62928.290779000024  	0.6295721344813802  	0.13697464840336981 	0.06856287972502927 
33119     	0.4702842377260982  	39712.632746        	63065.18603100003   	0.6297076920771953  	0.13668154340003774 	0.06857398033107832 
33166     	0.4704370179948586  	39879.201684        	63266.45140300003   	0.6303372608963645  	0.13675639137053114 	0.06875398187585738 
33285     	0.467005076142132   	40030.759417        	63439.207799000025  	0.6310097620360101  	0.13572567160829946 	0.0682877662733135  
33309     	0.46835443037974683 	40297.4996          	63760.66245700003   	0.632011934116533   	0.13615086952912925 	0.06852859730496684 
33333     	0.4696969696969697  	40383.439607        	63862.86047400003   	0.6323462386004615  	0.13660428961596133 	0.06877103697559313 
33357     	0.47103274559193953 	40774.517047        	64497.12304900003   	0.6321912531822949  	0.13712343080485528 	0.0690629761278109  
33404     	0.47117794486215536 	40817.614222000004  	64540.22022400003   	0.6324368599972874  	0.13730669576464039 	0.06918030808811151 
33428     	0.4725              	41079.044104        	64891.159341000035  	0.6330453103500822  	0.13789940755702906 	0.06948445287971367 
33452     	0.47381546134663344 	41231.667663        	65091.266420000036  	0.6334439308179     	0.13853186904473117 	0.06979446846196793 
33523     	0.47277227722772275 	41417.28971         	65316.296289000034  	0.6341034636554418  	0.13849883338240665 	0.06976101636376413 
33595     	0.47174447174447176 	41499.891914        	65398.89849300004   	0.6345656099764728  	0.13849508497145432 	0.06972823298035474 
33619     	0.4730392156862745  	41626.482866        	65566.94978300003   	0.6348699002129388  	0.13919963780229    	0.07004539707083572 
33642     	0.4743276283618582  	41815.289573        	65806.16355000003   	0.6354312015352244  	0.1399482203849316  	0.0703699976189231  
33690     	0.4744525547445255  	41933.575397        	65953.93756300003   	0.6358009384495736  	0.14038784412293095 	0.07052608539577049 
33785     	0.472289156626506   	41977.882715        	66003.00231500003   	0.6359995946041985  	0.1400634440222302  	0.07032025353352142 
33857     	0.47129186602870815 	42125.801778        	66264.59197500003   	0.6357211373744368  	0.14010162654291622 	0.07030359210928276 
33904     	0.4714285714285714  	42200.645839000004  	66343.78402000004   	0.6360904259889393  	0.14049132282207114 	0.07045522330477597 
33928     	0.47268408551068886 	42272.685098        	66491.46613300004   	0.6357610616292285  	0.14122074786221664 	0.07078335375417372 
33976     	0.4728132387706856  	42501.149484        	67092.51912100003   	0.633470766052919   	0.14154091082531253 	0.0708849149636408  
34075     	0.4707259953161593  	42592.899985000004  	67193.56286300003   	0.6338836366192108  	0.1410831257911157  	0.07059326632114489 
34094     	0.4719626168224299  	42860.11336         	67638.06235900003   	0.6336685568033125  	0.1416620124789494  	0.070828494973592   
34113     	0.4731934731934732  	42995.318380000004  	67928.05183900004   	0.6329537976726544  	0.14225338761620326 	0.07108521456926653 
34264     	0.4668192219679634  	43055.799607        	67988.53306600003   	0.633280314567215   	0.1403272757983776  	0.07005008825590193 
34283     	0.4680365296803653  	43295.97737         	68381.22474900003   	0.6331559215109428  	0.14071180512466472 	0.07017638365738926 
34301     	0.46924829157175396 	43375.153219        	68489.47356600003   	0.6333112369041856  	0.1411127986894883  	0.07030518552826691 
34320     	0.47045454545454546 	43472.246184        	68586.56653100003   	0.6338303312551918  	0.14152357733564924 	0.07043780110082572 
34339     	0.47165532879818595 	43780.545015        	69338.08207400003   	0.6314069225086998  	0.1419504313033049  	0.07061047267072129 
34396     	0.47072072072072074 	43989.077396        	69757.94207800004   	0.6305959735281969  	0.14164797069791232 	0.0704719439769201  
34415     	0.47191011235955055 	44182.484858        	69976.09105200003   	0.6313940117799306  	0.14201730785145225 	0.07065824038349604 
34433     	0.4730941704035874  	44287.78257         	70081.38876400003   	0.6319478445146067  	0.14241360475666956 	0.07084814059621601 
34471     	0.4732142857142857  	44521.050877        	70711.88597100003   	0.6296119848261258  	0.14252147172959162 	0.0709310271432744  
34490     	0.47438752783964366 	44648.655407        	71032.61577200002   	0.6285655529047801  	0.1429330363340161  	0.07118812702728318 
34528     	0.4745011086474501  	44917.196868        	71399.59417200001   	0.6290959688061459  	0.14302667942277233 	0.07129430997514119 
34603     	0.4725274725274725  	45181.116217999996  	71719.56182500001   	0.6299692171606486  	0.14252771556784627 	0.07106724123257911 
34698     	0.46956521739130436 	45337.542714999996  	72072.06366100001   	0.6290584785840296  	0.14171716520685765 	0.07071356876817145 
34905     	0.4607218683651805  	45466.560002        	72231.62867         	0.6294550024577203  	0.13911165262860753 	0.06945480646206356 
34943     	0.4608879492600423  	45582.001433        	72603.48134900001   	0.6278211538354532  	0.13923380943789468 	0.06958751298515366 
34962     	0.4620253164556962  	45810.577975        	72919.06083900001   	0.6282387272670232  	0.1396754443259391  	0.06987055183335532 
35040     	0.4612159329140461  	46153.943078        	74225.80470000001   	0.6218045498400638  	0.13945498167717668 	0.06989302561448668 
35061     	0.46234309623430964 	46324.431374        	74437.18940900001   	0.6223291306643427  	0.13982886185239013 	0.07021518088895878 
35081     	0.46346555323590816 	46437.933998        	74579.67411500002   	0.6226620664283656  	0.14022873954378412 	0.07054029962098114 
35102     	0.46458333333333335 	46525.775895        	74667.51601200002   	0.6231059820916329  	0.1406322053911412  	0.07083864027959764 
35163     	0.463768115942029   	46877.615981999996  	75102.57617700002   	0.624181198145852   	0.14050296827347378 	0.07082398666661079 
35204     	0.4639175257731959  	47070.202591999994  	75456.46540300002   	0.6238060892543287  	0.14069194423113635 	0.07097865029731845 
35265     	0.46311475409836067 	47101.785490999995  	75488.04830200002   	0.6239634823060071  	0.1404756620809837  	0.07094566022925725 
35306     	0.463265306122449   	47240.44325699999   	75635.17758700003   	0.6245829621099422  	0.1405754502026505  	0.07106077935068447 
35326     	0.46435845213849286 	47423.04022899999   	75865.03785700003   	0.6250974304974171  	0.14098703920171146 	0.0713234906198538  
35367     	0.4645030425963489  	47709.33849099999   	76265.73313900003   	0.6255671653224146  	0.1411006443928168  	0.0714465129814964  
35428     	0.4637096774193548  	47894.855483999985  	76684.04921000003   	0.6245738974064795  	0.14087659114989778 	0.07139405492336706 
35489     	0.46292585170340683 	48104.90763999998   	76921.53183200002   	0.6253763607446507  	0.14067516072867964 	0.07133716912634679 
35551     	0.46215139442231074 	48420.346414999985  	77345.27535500002   	0.6260284961526074  	0.14054163952460702 	0.07129523782321529 
35612     	0.4613861386138614  	48641.89285299998   	77598.22906000003   	0.6268428215725051  	0.14044957810710526 	0.0712588223261594  
35653     	0.46153846153846156 	48749.88044599998   	77712.23714900002   	0.6273127918390814  	0.14063476219726492 	0.07130696773275975 
35734     	0.4598825831702544  	48892.564300999984  	77875.45312500003   	0.6278302384002978  	0.14028381425129854 	0.07107725697270457 
35775     	0.4600389863547758  	49066.17755299999   	78174.70013700004   	0.6276477871614757  	0.14045968260614763 	0.07113629733134186 
35795     	0.46108949416342415 	49702.09809999999   	79892.67053300004   	0.6221108615898664  	0.14095450209168456 	0.07146467647336209 
35857     	0.46034816247582205 	49895.28147299999   	80121.84766400004   	0.622742521892923   	0.14091953816466526 	0.0715297860401037  
35897     	0.4605009633911368  	50040.96373599999   	80290.54014900005   	0.623248562572078   	0.1411164138270103  	0.0716048705070419  
35918     	0.46153846153846156 	50314.77523899999   	80642.30136100005   	0.6239253393050244  	0.14164926057448116 	0.07182516539239768 
35938     	0.46257197696737046 	50411.93066099999   	80739.45678300005   	0.6243778775535976  	0.14210728065572623 	0.07203378367071986 
35979     	0.4627151051625239  	50773.50045299999   	81180.12529700005   	0.6254424992230985  	0.14236539056063371 	0.07211277983077395 
36000     	0.4637404580152672  	51068.96855699999   	81577.34821400006   	0.626018982904812   	0.14293166534006846 	0.07229844120401131 
36060     	0.46476190476190476 	51380.355064999996  	81961.85282000006   	0.6268813270710046  	0.14354627064327805 	0.07248742671062454 
36121     	0.4648956356736243  	51410.58906         	81992.08681500006   	0.6270189119103464  	0.14386261487486912 	0.07253508245638285 
36151     	0.4659090909090909  	51769.997372        	83052.59785500006   	0.6233398919367248  	0.1444781344839683  	0.0727998995239258  
36181     	0.4669187145557656  	52016.016314        	83417.24655800006   	0.6235642922813718  	0.14512855138684932 	0.07308577787349571 
36272     	0.46616541353383456 	52340.618389        	83824.98595800006   	0.6244035449671881  	0.14527067470743285 	0.0731002348286774  
36333     	0.46629213483146065 	52373.512003        	83866.38130900006   	0.6244875620665367  	0.145603546842317   	0.07323622362583962 
36363     	0.4672897196261682  	52594.765231000005  	84225.11794500006   	0.624454634368633   	0.14621605551998598 	0.07352394062304174 
36393     	0.46828358208955223 	52872.182912000004  	84613.28248500006   	0.624868594613062   	0.1468424403207925  	0.07380504136759779 
36424     	0.4692737430167598  	53052.540216        	84898.98195100007   	0.6248901812111196  	0.14741078539523852 	0.07406016399618391 
36454     	0.47026022304832715 	53212.019954        	85099.63142700007   	0.6252908392399583  	0.14798752339506582 	0.07431481144140058 
36484     	0.4712430426716141  	53236.89655500001   	85128.32769400008   	0.6253722820253662  	0.14856658032882408 	0.07456894914900776 
36515     	0.4722222222222222  	53615.082718000005  	86177.54601000008   	0.622146779530929   	0.14913989022810592 	0.074885692856174   
36575     	0.47232472324723246 	53898.516087        	86552.47338800007   	0.6227264684324166  	0.14945187295989384 	0.07506871363972153 
36666     	0.47155963302752296 	54242.841111        	87018.74232000008   	0.6233466453873698  	0.14953126350566287 	0.0751256767306713  
36787     	0.46994535519125685 	54533.326186        	87603.23477700008   	0.6225035676458551  	0.14922063679990197 	0.07491932274410257 
36818     	0.4709090909090909  	54783.519714        	88085.48141800008   	0.6219358608489719  	0.14969982967361348 	0.07513964153867758 
36878     	0.47101449275362317 	54998.276464        	88483.10625600009   	0.6215681025582275  	0.14970933559065844 	0.07520593378374198 
36909     	0.4719710669077758  	55183.067211        	88687.42820500009   	0.6222197252517561  	0.1499717023500283  	0.07538717501393126 
36969     	0.4720720720720721  	55322.222611000005  	88841.0842050001    	0.6227098994350904  	0.14996320699533436 	0.07542055559203982 
37037     	0.47217235188509876 	55558.536036000005  	89116.9012140001    	0.6234343348921547  	0.14990107870120176 	0.07545142115841001 
37055     	0.4731182795698925  	55654.00281400001   	89229.2814520001    	0.6237190517323449  	0.15012414146194267 	0.07561986757817706 
37074     	0.4740608228980322  	56383.69554700001   	91185.1197800001    	0.6183431647952587  	0.15039919581388292 	0.07591204347754936 
37166     	0.4716312056737589  	56502.22822400001   	91315.00185400009   	0.6187617267351007  	0.14956216581504678 	0.07564981753655045 
37296     	0.46760070052539404 	56831.55228700001   	91696.33708800009   	0.6197799616843944  	0.14818985566547002 	0.07512133294038809 
37314     	0.46853146853146854 	56978.33652000001   	91893.84329100008   	0.6200452008473168  	0.14836403887891744 	0.07538388881121393 
37370     	0.4678260869565217  	57083.81451300001   	92004.65242900008   	0.6204448688836856  	0.1480132552756219  	0.0753766127012302  
37407     	0.4679376083188908  	57141.29574100001   	92078.71102700008   	0.6205701090260111  	0.1478832271306784  	0.07538128983847482 
37425     	0.4688581314878893  	57262.572555000006  	92212.67142200009   	0.6209837723163316  	0.14802785791547907 	0.07551761499245299 
37444     	0.4697754749568221  	57879.875505        	93431.59357600009   	0.6194893321381569  	0.148211646662584   	0.07573047309951306 
37462     	0.4706896551724138  	58054.154643        	93874.8672380001    	0.6184206311132865  	0.14840646013518505 	0.0759785657721169  
37481     	0.47160068846815834 	58244.815656        	94100.17316500009   	0.6189660836635289  	0.14864518018859868 	0.07623141334914325 
37518     	0.4716981132075472  	58472.334377        	94423.26914100008   	0.6192576777836892  	0.1486419310545468  	0.07635954067907919 
37592     	0.47018739352640543 	58594.031816        	94587.46765700009   	0.619469294055719   	0.14811295369398564 	0.07622786116115839 
37629     	0.4702886247877759  	58850.099221000004  	94909.98391800009   	0.6200622610140263  	0.1481298458128817  	0.07636259496753277 
37648     	0.4711864406779661  	58972.533294        	95033.97587400008   	0.6205415773847891  	0.14841725315851362 	0.07662688373498659 
37740     	0.4689075630252101  	59066.864431        	95147.15089500009   	0.6207948832454627  	0.14768954028999118 	0.07635569672298237 
37759     	0.4697986577181208  	59196.492635        	95316.54844800009   	0.621051576026115   	0.14798150913012637 	0.07660458204518572 
37777     	0.47068676716917923 	59226.724695000004  	95346.78050800008   	0.6211717310164508  	0.1482769698110508  	0.0768528437228916  
37814     	0.4707846410684474  	59331.922851        	95463.38205500008   	0.6215149890333513  	0.1483406687924472  	0.07697325106053601 
37870     	0.4700996677740864  	59510.354071        	95641.81327500008   	0.6222210980033299  	0.14816907854831507 	0.07697143400907613 
37888     	0.4709784411276949  	59645.726885000004  	95812.33786600007   	0.6225265786585702  	0.1485047212230833  	0.07722787966393489 
37925     	0.47107438016528924 	59868.191211000005  	96091.75739600007   	0.6230314944109044  	0.14864253477985162 	0.07736155693527032 
37962     	0.471169686985173   	59924.484280000004  	96156.22088600007   	0.6231992452266263  	0.1487908119107694  	0.07749569274879495 
38093     	0.46895424836601307 	59968.778742        	96200.51534800007   	0.6233727389615975  	0.14810873281988873 	0.07716150966399395 
38116     	0.4698205546492659  	60362.215241000005  	97118.65499500008   	0.6215305931090954  	0.14841878898900335 	0.07739796750942199 
38162     	0.46991869918699186 	60456.10399         	97215.45071700007   	0.6218775260939878  	0.14847656409849658 	0.07750596315545566 
38186     	0.4707792207792208  	60666.597997000004  	97556.88679700007   	0.6218586917727016  	0.14875392364983603 	0.07768360796923823 
38209     	0.47163695299837927 	60778.416206        	97697.22606900007   	0.6221099477591552  	0.14899133978899534 	0.07785309476981327 
38232     	0.47249190938511326 	61020.143354        	98066.55266300007   	0.6222319608163664  	0.14925863247581542 	0.07803306531327761 
38279     	0.47258064516129034 	61339.440252        	98464.72235100006   	0.6229585458367669  	0.1492989571144597  	0.07802861454004197 
38325     	0.47266881028938906 	61617.797952        	98833.80882900006   	0.6234485818371087  	0.14934252211632273 	0.07802725296210157 
38372     	0.47275641025641024 	61676.107690000004  	98912.54076200006   	0.6235418402445341  	0.14935788824751003 	0.07801886642213038 
38418     	0.4728434504792332  	62218.65960400001   	100035.67072900006  	0.6219647366843014  	0.14929807223051228 	0.07804980962260967 
38488     	0.47217806041335453 	62333.20399500001   	100338.02288600006  	0.6212321331647169  	0.1490049157855145  	0.0779728517116965  
38581     	0.4707740916271722  	62426.66591200001   	100438.72269000007  	0.6215398228895972  	0.14841979267427446 	0.07776031124443687 
38604     	0.471608832807571   	62777.49076600001   	101371.72786200007  	0.619280070390638   	0.14855646195169137 	0.07797935142943628 
38651     	0.4716981132075472  	63100.27115800001   	101840.28428300007  	0.6196003045578022  	0.14850557397503872 	0.07808758780019516 
38674     	0.4725274725274725  	63272.79555200001   	102051.95665400007  	0.6200057071568157  	0.14868306657684188 	0.07831445605432828 
38790     	0.470404984423676   	63573.36969100001   	102461.33939300006  	0.6204620207740833  	0.14795217351637413 	0.07796782609746816 
38813     	0.4712286158631415  	63742.61602600001   	102675.98784700005  	0.6208132725344158  	0.1481784822015883  	0.07811273291793734 
38906     	0.46986089644513135 	63859.92627300001   	102835.74428500005  	0.6209895860336067  	0.14769788956787225 	0.0778662193777528  
38930     	0.470679012345679   	64087.37830000001   	103113.49128300005  	0.6215227270707869  	0.14791236144394668 	0.0779672414718851  
39000     	0.4700460829493088  	64204.52887300001   	103268.70888000005  	0.6217229746486589  	0.14768938424616077 	0.07783175705245135 
39061     	0.47013782542113325 	64374.64520800001   	103438.82521500005  	0.6223450921276009  	0.14763738546767413 	0.07779275015207918 
39081     	0.4709480122324159  	64631.86473700001   	103758.29378600005  	0.6229079370782857  	0.14783993661997027 	0.07787666590916041 
39102     	0.4717557251908397  	65107.710346000014  	104552.15562200005  	0.6227294880594497  	0.14808080325765863 	0.07799841778673784 
39122     	0.4725609756097561  	65195.703084000015  	104640.14836000005  	0.6230467378515477  	0.14832642473918056 	0.07812421944603165 
39183     	0.47192716236722304 	65329.28274700001   	104784.53331700005  	0.623463031031137   	0.14814261468523274 	0.0780134423818136  
39204     	0.4727272727272727  	65438.67753400001   	104898.35120000005  	0.6238294194847172  	0.14842968865631023 	0.07814051796498757 
39244     	0.472809667673716   	65705.34089700002   	105222.66219900004  	0.624440966649715   	0.14851430594286882 	0.07809659529384375 
39306     	0.47218045112781953 	66441.19531800001   	107569.34881700005  	0.6176591756730964  	0.14839115941225794 	0.07807831341236451 
39387     	0.47085201793721976 	66576.55743800002   	107747.31494200006  	0.6178952809528285  	0.14801513577792494 	0.07790072894162356 
39408     	0.4716417910447761  	66819.53591400002   	108039.96956900005  	0.6184705177219207  	0.14834051941582826 	0.07807831095300445 
39428     	0.47242921013412814 	67024.69418400002   	108327.81621400005  	0.6187209945374852  	0.14869856399106515 	0.07826212782683803 
39448     	0.4732142857142857  	67296.23116900002   	108675.91988300005  	0.6192377413639636  	0.14909680006126935 	0.07845294653805995 
39591     	0.4698085419734904  	67458.00976700003   	108846.00242800005  	0.6197564289200466  	0.1481274718445125  	0.07793899227259483 
39632     	0.4698972099853157  	67539.91897400003   	108940.34181800004  	0.6199716087437548  	0.14827053919948174 	0.07800510907766331 
39673     	0.4699853587115666  	67641.52162700002   	109090.87487500004  	0.6200474760561406  	0.1483704171421496  	0.07806259644960269 
39714     	0.47007299270072994 	67921.85559700003   	109461.30936500004  	0.6205101692189137  	0.14849826974386737 	0.07812309827792054 
39734     	0.4708454810495627  	68187.47379500003   	110175.27929500004  	0.6188999404523815  	0.14886428937942386 	0.07833750584801073 
39755     	0.47161572052401746 	68345.21918000003   	110369.62161000005  	0.6192394082993541  	0.14924968439108183 	0.0785551306167329  
39795     	0.4716981132075472  	68518.96668400003   	110587.54814400004  	0.6195902507466664  	0.1494457492816541  	0.07866329116589747 
39857     	0.47109826589595377 	68627.48502300003   	110704.23477500005  	0.6199174328107812  	0.14942531903081466 	0.07865704396932222 
39918     	0.47050359712230216 	68724.82561500002   	110979.86052700006  	0.6192549286749203  	0.14939957294491304 	0.07865796221977017 
40000     	0.46924177396280403 	68851.95727500002   	111148.37834700005  	0.6194598454693367  	0.14917035369831316 	0.07854242187729557 
40066     	0.47                	68962.01081000002   	111274.64335800004  	0.6197459612441168  	0.14951715306570412 	0.07874774498762846 
40166     	0.4694167852062589  	69125.99872100003   	111465.87391800004  	0.6201539205788905  	0.14930630536002878 	0.07866094679864036 
40200     	0.47017045454545453 	69327.97967500002   	111688.72014300004  	0.6207249898309903  	0.1495083469686829  	0.07879779469036247 
40233     	0.47092198581560285 	69450.86167600003   	111826.29413200004  	0.621060209632093   	0.14972778505656448 	0.07893611456130126 
40266     	0.471671388101983   	69629.92028400004   	112074.25287000004  	0.6212838230094374  	0.14996960867917397 	0.07907969172577771 
40300     	0.4724186704384724  	69792.48776800004   	112319.27054200004  	0.6213758995336621  	0.1502166202692439  	0.07922463150335744 
40366     	0.47249647390691113 	69808.00410000003   	112334.78687400004  	0.621428197289411   	0.1501588435009871  	0.07923960478490312 
40400     	0.4732394366197183  	70038.06897900003   	112603.99012300004  	0.6219856765510331  	0.15034159368210412 	0.07936972106860743 
40433     	0.4739803094233474  	70518.91998900003   	113618.92938000005  	0.6206617187277707  	0.15054531856038345 	0.0795387728231012  
40533     	0.4733893557422969  	70792.02339500003   	113925.54019500004  	0.6213885251176272  	0.15036394231542818 	0.07948860045481235 
40633     	0.47280334728033474 	71171.28192100003   	114811.06534600003  	0.6198991508920756  	0.15017653021716512 	0.07947627737280094 
40700     	0.4728789986091794  	71217.72312700003   	114900.06872100003  	0.6198231551969797  	0.15016092203418985 	0.0795749409733505  
40800     	0.47229916897506924 	71361.50777600003   	115054.27716900004  	0.6202421112183347  	0.14992979870712658 	0.07955813020093186 
40833     	0.4730290456431535  	71543.20302400003   	115317.94715500003  	0.6203995543541725  	0.15011951026859066 	0.0797700867813158  
40866     	0.47375690607734805 	71670.63385600003   	115494.10553600003  	0.6205566381364802  	0.15027084920202533 	0.07984901696868864 
40900     	0.47448275862068967 	71777.59542800003   	115647.28488600004  	0.6206595814052634  	0.1504129876115525  	0.07993099810518664 
41071     	0.4732510288065844  	71848.79070900002   	115718.48016700003  	0.6208929689130973  	0.14991188534833577 	0.07968020760287652 
41107     	0.473972602739726   	71951.52886900002   	115825.11815100003  	0.6212083356150566  	0.1500238841415078  	0.07975820134662572 
41178     	0.47404371584699456 	72166.07052800001   	116088.96417500003  	0.6216445382285624  	0.1499134380437452  	0.0796957011833937  
41250     	0.47411444141689374 	72583.19599400001   	116773.24090700003  	0.6215738762599418  	0.14977867928208008 	0.07961326262784232 
41321     	0.4741847826086957  	73305.41890700001   	118941.82573700004  	0.6163132140672732  	0.14964606912106795 	0.0796478099231723  
41357     	0.47489823609226595 	73519.59605400001   	119357.25616600004  	0.6159625180370283  	0.14972804366630496 	0.07980577014771106 
41428     	0.4749661705006766  	73589.947188        	119477.83514300003  	0.6159297002655099  	0.14959860249585843 	0.07985458947227364 
41535     	0.4743935309973046  	73851.174496        	119839.63528300004  	0.6162499937654285  	0.14928854131767277 	0.07980504286073004 
41571     	0.47510094212651416 	74005.22442200001   	120027.01464100005  	0.6165713997248796  	0.14936599143155885 	0.07996855006455307 
41607     	0.47580645161290325 	74272.63671700002   	120571.00676800005  	0.6160074358499279  	0.1494631319847442  	0.08015545462438789 
41642     	0.47651006711409394 	74412.52480800002   	120710.89485900005  	0.6164524328555412  	0.14957738975284443 	0.08034612835848631 
41750     	0.47593582887700536 	74549.93055300001   	120958.07027100005  	0.616328702880055   	0.1492626775247454  	0.0802876300566793  
41964     	0.473474801061008   	75265.33591900002   	122282.76055700005  	0.6155024271300806  	0.14834565047734466 	0.07984608971424409 
42045     	0.47354497354497355 	75355.91054000003   	122455.77780800004  	0.615372438025354   	0.1482159553515479  	0.07982320564911076 
42068     	0.47424042272126815 	75366.05593700003   	122465.92320500004  	0.615404301577363   	0.14828292932916312 	0.07990601271729793 
42090     	0.47493403693931396 	75421.69452400002   	122640.21610300004  	0.6149833791931409  	0.14835087479464165 	0.07999716865866362 
42136     	0.475               	75433.01808500002   	122655.05540100005  	0.6150012964274849  	0.14822430851482937 	0.07998305858763263 
42159     	0.4756898817345598  	75690.31305800001   	123367.81966600005  	0.6135336853882984  	0.14830864999988055 	0.08010257162000585 
42272     	0.47389033942558745 	75879.23855800001   	123605.77829500005  	0.6138809981593667  	0.14764709472710996 	0.07980753913988292 
42340     	0.47334200260078024 	76156.955914        	124022.26116000005  	0.6140587601104174  	0.14735613224310912 	0.07972448489637281 
42363     	0.474025974025974   	76182.30202500001   	124048.46270500006  	0.61413338274227    	0.14745136897252906 	0.07984901697982097 
42409     	0.4740932642487047  	76227.58880600001   	124093.74948600006  	0.6142742009306424  	0.14735773856500317 	0.07986992957599079 
42477     	0.4735483870967742  	76321.52197400002   	124223.25636600006  	0.6143899637370096  	0.14706412369008776 	0.07978231591190582 
42500     	0.4742268041237113  	76543.09771800002   	124556.26831600006  	0.6145262599214171  	0.14718270118835514 	0.07990945944323136 
42522     	0.4749034749034749  	76735.28497900002   	125068.05184400006  	0.6135482551108536  	0.1473154743439323  	0.08005440467541987 
42545     	0.4755784061696658  	76945.94633300001   	125335.35726300006  	0.6139205090510803  	0.1474808506359575  	0.08020403944966342 
42568     	0.4762516046213094  	77147.06847900001   	125670.78584200006  	0.6138822794980638  	0.14766366145905954 	0.08036663464895417 
42613     	0.47631241997439183 	77237.969198        	125776.31490500005  	0.6140899362200151  	0.14761061726712738 	0.08040324689352661 
42681     	0.475765306122449   	77438.22211300001   	126035.74208500005  	0.6144147749832324  	0.14735064181735996 	0.0802851926272214  
42704     	0.4764331210191083  	77705.46024100001   	126344.69573400005  	0.6150274832637002  	0.14751341342839036 	0.08037679787598209 
42750     	0.4764930114358323  	78074.73693900001   	127294.60883300005  	0.6133389124234443  	0.14751271390580759 	0.08040458692040504 
42772     	0.47715736040609136 	78292.528594        	127545.89978800005  	0.6138380671125739  	0.1477319276416724  	0.08053762335525362 
42886     	0.47540983606557374 	78516.246314        	127843.38501900005  	0.6141596321337309  	0.1471641927478166  	0.0802381151922715  
42931     	0.47547169811320755 	78590.981245        	128002.30569200005  	0.6139809812028395  	0.14715948453175742 	0.0802492053829358  
43000     	0.474937343358396   	78877.290224        	128370.50153600005  	0.614450276973326   	0.1470073586588635  	0.08016747944893307 
43052     	0.4755944931163955  	79052.403393        	128578.35319700005  	0.6148189133506838  	0.14724294432975046 	0.08028959027885357 
43210     	0.47329192546583854 	79484.383051        	129202.79321800005  	0.6151909031632803  	0.14651350891706316 	0.07989702393568296 
43236     	0.4739454094292804  	79644.318422        	129551.63841000004  	0.6147689014163196  	0.14670743505155284 	0.08001566893023182 
43342     	0.4728395061728395  	79723.601711        	129717.33404100004  	0.614594821119293   	0.14632284055985378 	0.0798362790315027  
43421     	0.47232472324723246 	79937.415008        	130301.06728700004  	0.6134824270620172  	0.1461104662812416  	0.07974447922906545 
43473     	0.4723926380368098  	80009.17496599999   	130421.74508400004  	0.6134649932376607  	0.14606152701891076 	0.07975084543655792 
43500     	0.4730392156862745  	80366.75597199998   	130842.60383100004  	0.6142246762056488  	0.14622330909775652 	0.07985273296938816 
43631     	0.4713763702801462  	80647.32077699999   	131262.64947900004  	0.6143965636614876  	0.1456908952745169  	0.0795565325365124  
43657     	0.4720194647201946  	80845.86912199999   	131502.69283200003  	0.6147848943693026  	0.1458955065941598  	0.07965172934460893 
43710     	0.4720873786407767  	81065.56284199998   	132051.47626700002  	0.61389365067067    	0.14593914675299566 	0.07967259058381271 
43736     	0.4727272727272727  	81155.25817099998   	132152.06578900001  	0.6141051044981479  	0.14614541067946374 	0.07976941291877007 
43763     	0.47336561743341404 	81478.96173099997   	132518.44154200002  	0.6148499845221638  	0.14638716590833784 	0.07987135357445216 
43842     	0.47285886610373945 	81548.71209699997   	132588.191908       	0.615052599507389   	0.14623008351431668 	0.07975803688789006 
43868     	0.4734939759036145  	81901.68148999997   	133171.146258       	0.6150107120901942  	0.14644064612193583 	0.07985634554104476 
43947     	0.4729891956782713  	82106.09715699997   	133375.561925       	0.6156007590293793  	0.1462554452060839  	0.07972918814124563 
44054     	0.47248803827751196 	82379.58066199996   	133729.65696        	0.6160157928666533  	0.1460442166829959  	0.07959293101525641 
44081     	0.4731182795698925  	82534.81868299996   	133890.584745       	0.6164348213146641  	0.14618864652095565 	0.07964702888613265 
44243     	0.4709371293001186  	82878.56369199997   	134346.574896       	0.6169012031468438  	0.14541531248343748 	0.07920648472186763 
44297     	0.4710059171597633  	83000.39228399997   	134468.403488       	0.6172482912791253  	0.14528936409825974 	0.07913847693462987 
44324     	0.4716312056737589  	83088.35475599997   	134556.36596000002  	0.6174985045352659  	0.14533436750771495 	0.07916511848028406 
44351     	0.4722550177095632  	83186.58327499997   	134654.59447900002  	0.6177775336731884  	0.14538591911161655 	0.07919171136724837 
44378     	0.47287735849056606 	83382.83526299997   	134890.954586       	0.6181499383625392  	0.14544931492474397 	0.07922599283313032 
44405     	0.4734982332155477  	83881.55840899998   	135939.947173       	0.6170486317921734  	0.1455466391623704  	0.07931026316927246 
44486     	0.47300469483568075 	84026.28669099997   	136101.203936       	0.6173809214098676  	0.1453227029230614  	0.07920962912776852 
44513     	0.47362250879249707 	84102.40073799997   	136177.31798300002  	0.6175947799801658  	0.14543254025829364 	0.07929302165518691 
44540     	0.47423887587822017 	84201.14090599997   	136316.98217200002  	0.6176863628022362  	0.14554964191044759 	0.07937943973485435 
44756     	0.4709976798143852  	84869.89180199997   	137803.535088       	0.6158760132517854  	0.14444723907487525 	0.07883572118567783 
44783     	0.4716106604866744  	85155.15011199997   	138173.339355       	0.6162921914568211  	0.14455272695335458 	0.07894383119472684 
44837     	0.47167630057803467 	85372.60053399997   	138390.789777       	0.6168951031464419  	0.1444971589089934  	0.07896474332293447 
44945     	0.4706559263521289  	85866.97787799996   	139316.689974       	0.6163437983921732  	0.14410568903053703 	0.07882801481748308 
45000     	0.4707233065442021  	86021.02285299996   	139482.47105300002  	0.6167156503867358  	0.14404857617741115 	0.07885099819728018 
45044     	0.4713302752293578  	86136.47736499996   	139602.66797600003  	0.6170116847609833  	0.14416683662304447 	0.07896523237527858 
45088     	0.47139588100686497 	86237.32322099996   	139703.51383200003  	0.6172881472738355  	0.14410499158973797 	0.07898265976799675 
45111     	0.472               	86244.94298499996   	139711.13359600003  	0.6173090201557793  	0.14417869364573288 	0.0790877369192469  
45133     	0.4726027397260274  	86522.20007399996   	140379.19996800003  	0.616346296985045   	0.14426990619259944 	0.07921315064631239 
45266     	0.47052154195011336 	86819.61200799997   	140751.01290900004  	0.6168311702604341  	0.1435149123496626  	0.07888492687152261 
45311     	0.47058823529411764 	87017.45803499997   	141083.04198000004  	0.6167818386517041  	0.14341835867781397 	0.07890429344124343 
45333     	0.4711864406779661  	87190.52460899997   	141606.70077300005  	0.6157231552818189  	0.14348778026014666 	0.07903136476477064 
45355     	0.4717832957110609  	87216.77978599997   	141636.60242500005  	0.6157785367111113  	0.1435587900411943  	0.07915874250331793 
45444     	0.4707865168539326  	87254.00930299997   	141701.39800600006  	0.6157596927823209  	0.14311710746547493 	0.07897259821887559 
45511     	0.47032474804031354 	87383.59501999996   	141832.96777600006  	0.6161021403571475  	0.14282714112164785 	0.07882976703081743 
45533     	0.470917225950783   	87507.54782199996   	141972.38300600008  	0.6163702120735812  	0.14286791331419002 	0.0788657238409136  
45577     	0.47098214285714285 	87544.75728299997   	142009.59246700007  	0.6164707310412391  	0.14274648451742322 	0.07881328454707597 
45622     	0.4710467706013363  	87750.59111799997   	142313.36664400008  	0.6166011892439446  	0.1426485269939556  	0.07876733563193661 
45644     	0.47163515016685204 	87901.91984799996   	142545.47576300008  	0.6166587846965276  	0.14271914031286975 	0.07881742050844734 
45733     	0.4706533776301218  	88089.39151499997   	142804.78133600007  	0.6168518357080616  	0.14233917232688806 	0.07861009722832905 
45777     	0.4707182320441989  	88143.64292499996   	142859.34388800006  	0.6169959942844444  	0.14228314656944446 	0.07857789146804477 
45800     	0.47130242825607066 	88533.33982199997   	143353.63426500006  	0.6175869923070062  	0.14242585814125647 	0.07863177976992665 
45822     	0.4718853362734289  	88688.82174499996   	143527.28136200007  	0.617923093807593   	0.1425864168407852  	0.07868740911930558 
45888     	0.4714285714285714  	88976.58651099996   	143898.46998600007  	0.6183289267749443  	0.14245962551194313 	0.07857686358751023 
46046     	0.46943231441048033 	89306.50419099996   	144663.17352300006  	0.6173409722468246  	0.1418511050295209  	0.07822163716814827 
46069     	0.47001090512540894 	89540.85926299996   	145117.58359000005  	0.6170228103851239  	0.14203261675192486 	0.07831410336054508 
46139     	0.46956521739130436 	89593.58851699997   	145170.31284400006  	0.6171619166604483  	0.1418798358728315  	0.07823244818952264 
46232     	0.4686147186147186  	89766.35918799997   	145725.80758600007  	0.6159949337389973  	0.14157084704655484 	0.0780872935855955  
46279     	0.468682505399568   	89832.66468099998   	145797.64380600007  	0.6161462032989525  	0.1414885499894039  	0.07805447073168877 
46302     	0.4692556634304207  	90144.22509499999   	146293.62745700005  	0.6161869567524122  	0.14156817664060553 	0.0781205643843485  
46325     	0.4698275862068966  	90323.56115599998   	146508.58089100005  	0.6165069691255778  	0.14165099233962658 	0.07816926711640822 
46348     	0.4703982777179763  	90536.24186299999   	146781.68611000004  	0.6168088421817896  	0.14175432772590818 	0.07822160351415658 
46395     	0.47046186895810954 	90591.309367        	146842.30079600003  	0.6169292422954714  	0.1417148918479627  	0.07819021906722812 
46418     	0.47103004291845496 	90657.991885        	146908.983314       	0.6171031194956241  	0.1418298154006215  	0.07824304353250071 
46441     	0.4715969989281886  	90924.254584        	147408.06442100002  	0.6168200833593387  	0.14196439381295392 	0.07831128756272744 
46465     	0.4721627408993576  	91070.17970499999   	147578.557372       	0.6170962863896289  	0.1420910604548004  	0.0783767857861319  
46488     	0.4727272727272727  	91160.67950799999   	147689.435329       	0.6172457718788492  	0.1422324059287603  	0.07844332658903454 
46511     	0.4732905982905983  	91325.04057199998   	148067.525295       	0.6167796779884717  	0.14238665400819886 	0.07852372535947191 
46604     	0.4723404255319149  	91436.35657899998   	148221.890064       	0.6168883458409492  	0.14208666461834768 	0.07835324076743196 
46697     	0.4713983050847458  	91854.81309499999   	149387.75709        	0.6148751067978163  	0.14178599996884064 	0.07823118042494284 
46744     	0.4714587737843552  	92361.23895099999   	150444.746703       	0.6139213297579251  	0.1417724901002097  	0.07829015425551487 
46837     	0.4705263157894737  	92497.92759299999   	150840.357995       	0.6132173698239702  	0.1414360034472782  	0.07818908679454566 
46860     	0.47108307045215564 	92614.10052499999   	151407.032207       	0.6116895574465804  	0.14154252401388745 	0.07835656135435586 
47051     	0.46868475991649267 	92716.50511499999   	151512.747477       	0.6119386431763743  	0.14070609546786056 	0.07796055673465456 
47076     	0.4692387904066736  	93053.53591699999   	151900.495687       	0.6125953407600614  	0.14078792181428823 	0.0780596160484613  
47102     	0.46979166666666666 	93225.49784499999   	152129.692697       	0.6128027750025055  	0.14087314328181805 	0.07814126723162693 
47153     	0.4698544698544699  	93541.036954        	152774.81003999998  	0.6122804991837908  	0.14082921104204707 	0.07816798436314484 
47179     	0.470404984423676   	93615.260874        	152859.530006       	0.6124267219081823  	0.14092816484394893 	0.07825926529761307 
47230     	0.47046632124352333 	93815.093817        	153094.07836299998  	0.6127937463038634  	0.14088702956384838 	0.07822344025982275 
47256     	0.47101449275362317 	94039.72296300001   	153370.20939399998  	0.6131550796896738  	0.1410192192238822  	0.07827163986324497 
47307     	0.47107438016528924 	94260.641046        	153608.11445099997  	0.6136436306303894  	0.14101679365150882 	0.07824044063988246 
47384     	0.470648815653965   	94594.681421        	154360.39011299997  	0.6128170662937019  	0.14087334089719228 	0.07816021131613912 
47410     	0.4711934156378601  	94656.937091        	154437.75011199998  	0.612913209512271   	0.14102746525910806 	0.07824249924353782 
47435     	0.47173689619732784 	95100.411125        	155439.43728699998  	0.61181649126411    	0.14120202591068456 	0.07836484130910705 
47512     	0.4713114754098361  	95285.03116099999   	155657.04474599997  	0.6121472453526624  	0.14107570884935305 	0.07832438045900333 
47538     	0.4718526100307062  	95511.877161        	156049.10447399996  	0.612062962379343   	0.14124554814537216 	0.0784544600724483  
47564     	0.4723926380368098  	95677.805716        	156381.85063699997  	0.611821674486327   	0.14142035587439925 	0.07859230707734585 
47589     	0.4729315628192033  	95942.476937        	156771.09062399997  	0.6119908750721686  	0.14161376992619648 	0.07873936161499225 
47641     	0.47298674821610603 	96300.048649        	157554.39670699998  	0.6112177804094343  	0.1416812401860721  	0.0788325245513208  
47794     	0.47112462006079026 	96416.19017500001   	157901.881653       	0.6106082407990621  	0.14110707041408788 	0.0786100810398123  
47820     	0.4716599190283401  	96452.213654        	157937.90513199999  	0.6106970557409129  	0.14123909838496154 	0.07878521367308493 
47923     	0.47076612903225806 	96519.259047        	158007.09794099999  	0.6108539445679864  	0.14095073622911988 	0.07872130626583197 
48000     	0.47035175879396984 	96742.833118        	158275.18347599998  	0.6112318494495353  	0.140773300517199   	0.07869484699257216 
48063     	0.4704112337011033  	96904.739527        	158514.14204699997  	0.6113318236190397  	0.14075750006205132 	0.07875089503895595 
