23513     	1.0                 	104.29275200000001  	107.40882400000001  	0.9709886778017418  	0.0050234975662535085	0.00046599149732076727
23540     	1.0                 	320.69169100000005  	352.90082400000006  	0.9087303547922574  	0.011723310758410203	0.0014754596472164089
23567     	1.0                 	430.64054400000003  	462.84967700000004  	0.9304112445129782  	0.015757514282713006	0.0019390969889000163
23621     	0.8                 	526.885133          	559.0942660000001   	0.9423905145183512  	0.014797658199626343	0.0019349009826577484
23702     	0.625               	963.8479689999999   	1348.188506         	0.7149207731044104  	0.013901819735524944	0.0048162458217886756
23756     	0.6                 	1148.636031         	1572.908261         	0.7302625712384124  	0.01540476267366404 	0.00710663304043741 
23783     	0.6363636363636364  	1351.332263         	1819.509958         	0.7426902265956161  	0.018702438554619543	0.009701434864031196
23864     	0.5714285714285714  	1549.423124         	2183.4933490000003  	0.7096074392484901  	0.018963052482430787	0.01107499332229676 
23891     	0.6                 	1714.140489         	2348.2107140000003  	0.7299772881455304  	0.022662087636681257	0.013631180069181022
23918     	0.625               	1798.8586469999998  	2432.9288720000004  	0.7393798757138509  	0.026179918702572583	0.016043231624225503
24073     	0.5238095238095238  	1886.2395309999997  	2562.4417080000003  	0.7361102206193092  	0.023961782923204996	0.014973734254616552
24146     	0.5                 	2118.7920109999995  	2872.2685170000004  	0.7376719824276788  	0.025509680811595006	0.015671912887620282
24243     	0.4642857142857143  	2601.5346259999997  	3932.503326         	0.6615467071063323  	0.0258222389706591  	0.01600748703784921 
24292     	0.4666666666666667  	2823.2135689999996  	4172.235936         	0.6766668070326499  	0.02813337566847404 	0.01738935465548334 
24317     	0.4838709677419355  	3259.6711189999996  	5152.19477          	0.6326762213999141  	0.031504237831720655	0.020484448907384836
24341     	0.5                 	3430.4293749999997  	5390.082266         	0.6364335840732416  	0.03487992775402163 	0.02341323429884727 
24365     	0.5151515151515151  	3997.2197709999996  	6695.048749         	0.5970411748827132  	0.03869681299347791 	0.02744733217565408 
24414     	0.5142857142857142  	4092.748898         	6790.577875999999   	0.6027099567571471  	0.04117075451440635 	0.030375745875695515
24439     	0.5277777777777778  	4235.291611         	7000.4768109999995  	0.6050004485901582  	0.04494011304349476 	0.03402441013002477 
24487     	0.5263157894736842  	4389.501563         	7198.782625         	0.6097560923365151  	0.046547759928845515	0.03646453369535383 
24536     	0.525               	4531.5481           	7503.85861          	0.6038957202579807  	0.04818357223295687 	0.03900480466218025 
24560     	0.5365853658536586  	4622.250967         	7757.602573         	0.5958349791065018  	0.051026730977980175	0.04254769617394007 
24585     	0.5476190476190477  	4851.691072         	8014.850062         	0.6053377211637224  	0.05420647846830514 	0.0459756317583793  
24658     	0.5333333333333333  	5062.264139999999   	8279.594060000001   	0.6114145335284709  	0.05523449600690487 	0.04714001326040224 
24707     	0.5319148936170213  	5309.518700999999   	8568.533526000001   	0.6196531395820553  	0.05782854892085123 	0.04927725497875021 
24756     	0.5306122448979592  	5647.6300329999995  	8984.905085         	0.6285686915522936  	0.060190360070919595	0.0505074989241776  
24804     	0.5294117647058824  	5843.738724999999   	9224.337590000001   	0.6335131024839258  	0.062287145013491696	0.05170031523732785 
24853     	0.5283018867924528  	5926.100011999999   	9306.698877         	0.6367563934667958  	0.06371702768127147 	0.05268155992522807 
24902     	0.5272727272727272  	6616.1163769999985  	10685.556182        	0.6191644369569604  	0.06534690922751038 	0.054502199235295624
24951     	0.5263157894736842  	6896.458769999998   	11054.062271        	0.6238845594431515  	0.06729794390003833 	0.05628854449824292 
25102     	0.5                 	7140.7277319999985  	11344.429043        	0.6294479611916771  	0.06601104189638389 	0.05495526492389303 
25153     	0.5                 	7320.081304999999   	11549.892924        	0.6337791487044264  	0.06801378650638241 	0.05596034027677169 
25205     	0.5                 	7409.724476999999   	11646.471544        	0.6362205453391008  	0.06993524057520543 	0.0568016904787679  
25230     	0.5074626865671642  	7422.389904999999   	11659.310272        	0.6366062598767076  	0.07283584578021297 	0.05845329141678577 
25256     	0.5147058823529411  	7575.546016999999   	11818.271735        	0.6410028629283331  	0.07542566912502105 	0.05998040153916501 
25282     	0.5217391304347826  	7690.785495999999   	11953.182147        	0.643409043836099   	0.07805017289154054 	0.06149115160505332 
25358     	0.5138888888888888  	7922.0074829999985  	12203.319664999999  	0.6491682345846341  	0.0783707271463508  	0.06053619894127217 
25384     	0.5205479452054794  	8257.310327999998   	12838.467647        	0.6431694618889745  	0.08045633512917322 	0.060906875359206934
25410     	0.527027027027027   	8353.991012999997   	13029.696265999999  	0.6411500960923472  	0.0825246946039194  	0.061350879519679935
25435     	0.5333333333333333  	8897.995802999998   	14294.172782        	0.622491132484759   	0.08486044302696426 	0.062269438379900455
25487     	0.5324675324675324  	9042.788509999998   	14476.061108        	0.6246718940004076  	0.08588808995117612 	0.06232531174456214 
25589     	0.5185185185185185  	9232.228092999998   	14698.088287999999  	0.6281244140122285  	0.08456608428736818 	0.06083148633074161 
25692     	0.5058823529411764  	9356.319975999997   	14988.478399        	0.6242341435154772  	0.08328087995115489 	0.05956324562913107 
25794     	0.4943820224719101  	9480.205513999997   	15151.523091        	0.62569323605699    	0.08196816624911696 	0.05840593231691567 
25871     	0.4891304347826087  	9650.810443999997   	15339.743129999999  	0.6291376825682216  	0.08104633740576646 	0.057517204373047755
25897     	0.4946236559139785  	9850.560972999998   	15563.121673999998  	0.6329424892601401  	0.08208001136643345 	0.057934561314384805
25974     	0.4895833333333333  	10028.215093999997  	15791.441680999998  	0.6350411378883651  	0.08142873125535115 	0.05714287792094768 
26000     	0.4948453608247423  	10277.453504999998  	16132.875352999998  	0.6370503261273167  	0.08274320775741902 	0.05760850700491468 
26040     	0.5                 	10491.441089999998  	16418.668644999998  	0.6389946296403864  	0.08410606036321305 	0.057917627519281444
26060     	0.5050505050505051  	10693.830652999999  	16689.502938999998  	0.6407518960921644  	0.08563984865088668 	0.058261828121961866
26120     	0.5                 	11132.186738999999  	17769.579336        	0.6264744104801019  	0.08537507373203022 	0.057441791724590005
26140     	0.5048543689320388  	11342.078031        	18056.85634         	0.6281313766602188  	0.0869544627227288  	0.05780995589722086 
26160     	0.5096153846153846  	11783.949958        	19139.278177        	0.6156945862337156  	0.08876686691901567 	0.05851391054004485 
26180     	0.5142857142857142  	11972.863436        	19414.951676        	0.6166826287185861  	0.09050951630203503 	0.05924247729780445 
26220     	0.514018691588785   	12124.345476999999  	19585.355819        	0.6190515806324038  	0.09152201964942541 	0.0594103549653007  
26240     	0.5185185185185185  	12244.978534999998  	19725.052599        	0.6207830612132705  	0.09347314640360356 	0.06014234880674797 
26360     	0.5                 	12567.604124999998  	20112.667208        	0.6248601438600405  	0.09109829805226102 	0.05814644842346306 
26400     	0.5                 	12794.064503999998  	20423.044771        	0.6264523555355035  	0.09211301424112894 	0.05832750537223426 
26420     	0.5042735042735043  	12872.427754999999  	20507.483922        	0.6276941532154867  	0.09395336306780569 	0.059013475819843675
26460     	0.5042016806722689  	13076.690614        	20766.49988         	0.6297012346598679  	0.09471838855448901 	0.05887766567844998 
26520     	0.5                 	13274.34198         	21008.371059999998  	0.6318596497600134  	0.09468470367193725 	0.05826930044451088 
26560     	0.5                 	13342.646773999999  	21088.863183999998  	0.6326868668825634  	0.09535086824924997 	0.05813351459411934 
26580     	0.504               	13440.536336        	21202.053959999997  	0.6339261451441001  	0.09681569919244716 	0.05847452653310595 
26620     	0.5039370078740157  	13671.339688999999  	21509.971615        	0.6355814844249389  	0.09762828022827998 	0.058387870884845504
26640     	0.5078125           	14126.681241999999  	22475.688067        	0.6285316471686374  	0.09917118359555895 	0.05901573636171563 
26720     	0.5                 	14468.343010999999  	23050.89604         	0.6276694400900173  	0.09851802122776401 	0.05844915244217073 
26820     	0.48905109489051096 	14632.268676999998  	23243.526567        	0.6295201648864318  	0.09706264778796668 	0.05747927671490807 
26840     	0.4927536231884058  	14884.862619999998  	23584.070799        	0.6311405162772467  	0.09868188518707244 	0.058261731521629265
26860     	0.49640287769784175 	15187.946136999999  	23967.002308        	0.6337023688578016  	0.10045036317458483 	0.059013717684446416
26920     	0.49295774647887325 	15404.207304        	24555.242631999998  	0.6273286537973558  	0.10070335628599986 	0.059055410887272834
26980     	0.4896551724137931  	15962.827099        	25697.3088          	0.6211867251639985  	0.10098904834310915 	0.059335352841603566
27050     	0.4897959183673469  	16071.898996        	25806.380697        	0.6227877975104181  	0.10172960213915445 	0.059835429591274664
27075     	0.49324324324324326 	16275.241586        	26179.336421        	0.6216827395573198  	0.10318125845164795 	0.06079969491800419 
27150     	0.4900662251655629  	16386.936728        	26291.031563        	0.6232899872617296  	0.10314176510051473 	0.06093031086090402 
27350     	0.4716981132075472  	16645.009357        	26599.088882        	0.6257736658139417  	0.0993498877479694  	0.05882687771353402 
27400     	0.4720496894409938  	16750.653197        	26744.183794        	0.6263288244660498  	0.09930697641409243 	0.05901971328346829 
27425     	0.47530864197530864 	17031.399561        	27125.089561        	0.6278836249627525  	0.09998674852281444 	0.05958067545514535 
27450     	0.4785276073619632  	17464.629310999997  	27893.007271000002  	0.6261293069377193  	0.10072460336254264 	0.06026114713471725 
27525     	0.4759036144578313  	17547.314339999997  	27985.459787000003  	0.6270154027682331  	0.10017703203488615 	0.059999084086747055
27700     	0.4624277456647399  	17772.217463999998  	28252.957468000004  	0.6290391894062506  	0.09732351723919883 	0.05813364339234465 
27725     	0.46551724137931033 	18277.222910999997  	29213.522495000005  	0.6256425569401365  	0.09798832322975518 	0.058345845483294724
27750     	0.4685714285714286  	18431.687332999998  	29412.029996000005  	0.6266717168283414  	0.09867031687272435 	0.05858896490808518 
27775     	0.4715909090909091  	18650.675216        	29691.652813000004  	0.6281454027993385  	0.09945881066607255 	0.05885182362831642 
27800     	0.4745762711864407  	18719.890511        	29802.361661000003  	0.6281344654473221  	0.10025124360781994 	0.05913520465209558 
27850     	0.4748603351955307  	18877.929610000003  	29992.687479000004  	0.6294177413483795  	0.10055372208063074 	0.05909785291415659 
27875     	0.4777777777777778  	19178.111176000002  	30331.470313000005  	0.6322842571789309  	0.1015950757651704  	0.05940205491475025 
27900     	0.48066298342541436 	19338.795731000002  	30579.533767000004  	0.632409763940532   	0.10271026976904842 	0.059731159724671176
27950     	0.4808743169398907  	19826.983848000003  	31988.604197000004  	0.6198139726852928  	0.10325544440793458 	0.059956292619906544
28100     	0.4734042553191489  	19985.209171000002  	32167.560735000003  	0.62128457098878    	0.10216460837123144 	0.05922166675267348 
28200     	0.46875             	20254.127841        	32508.851184000003  	0.6230342538517186  	0.10147467668190274 	0.05879806899305285 
28325     	0.4619289340101523  	20338.133992000003  	32669.646095000004  	0.6225391586079255  	0.1001482213397625  	0.05809872145120472 
28375     	0.4623115577889447  	20393.166776000002  	32744.642334000004  	0.6227939999462142  	0.10040264793039953 	0.05830838106692048 
28425     	0.4626865671641791  	20632.614936        	33041.269489000006  	0.624449824570722   	0.10077784739778814 	0.058511995200965436
28475     	0.4630541871921182  	20702.138316        	33113.30425300001   	0.6251909552072087  	0.10115935745365791 	0.05868266252320725 
28500     	0.46568627450980393 	20753.188505000002  	33165.552331000006  	0.6257453003609982  	0.10193458067519387 	0.05911283149935793 
28600     	0.46153846153846156 	20935.166672000003  	33394.65294600001   	0.6269017589687994  	0.1010234248569089  	0.05863924022357099 
28675     	0.4597156398104265  	21035.692673        	33501.74078000001   	0.6278984967120863  	0.10058182551463554 	0.058454525319033585
28700     	0.46226415094339623 	21569.655132        	34256.95165100001   	0.6296431554023094  	0.10104442035144896 	0.05871916985070281 
28750     	0.46261682242990654 	21665.088596999998  	34358.34865700001   	0.6305625690362174  	0.10106262186824971 	0.058707774158531914
28775     	0.46511627906976744 	21793.316969        	34493.38297700001   	0.6318115269682785  	0.10160224953613588 	0.058973885325182614
28800     	0.4675925925925926  	21933.994512999998  	34655.46338800001   	0.6329159205701166  	0.10219940693907331 	0.05924708903281078 
28925     	0.46153846153846156 	21994.505783999997  	34759.89573600001   	0.6327552289295506  	0.10055242902445548 	0.05837196155486022 
28950     	0.46396396396396394 	22160.736816999997  	34953.378895000016  	0.6340084283001901  	0.10082147684425093 	0.05858019386777573 
29075     	0.46017699115044247 	22502.262714999997  	35530.746222000016  	0.6333180444453201  	0.09950149625680499 	0.05797622953584282 
29125     	0.4605263157894737  	22739.338788999998  	35813.665430000015  	0.6349346964623159  	0.09908316973323285 	0.057917262818008165
29150     	0.462882096069869   	23068.294549        	36227.760079000014  	0.6367574064390443  	0.09917530511867541 	0.05813053213268204 
29375     	0.4495798319327731  	23249.123561999997  	36469.54632700001   	0.6374941808581712  	0.0959254336104512  	0.05637588462547463 
29400     	0.45188284518828453 	23979.888372999998  	38386.276414000014  	0.6246995179833122  	0.09607703991873953 	0.05683194910291508 
29425     	0.45416666666666666 	24102.337751        	38508.72579200001   	0.6258928919431329  	0.09626144230893538 	0.057294916002419025
29475     	0.45454545454545453 	24605.691014        	39500.697085000014  	0.6229178933488685  	0.09604722340780601 	0.05737770183353688 
29500     	0.4567901234567901  	24839.200152        	39853.03510500002   	0.6232699739569808  	0.09630563018055374 	0.05772665376574003 
29550     	0.45714285714285713 	25174.234044        	40290.14167500002   	0.6248236664707629  	0.09627893201614632 	0.05785182534739547 
29625     	0.45564516129032256 	25270.879998        	40397.57498400002   	0.6255543806282644  	0.09584321353025704 	0.05773768756581883 
29650     	0.4578313253012048  	25324.821043        	40451.51602900002   	0.6260536941271726  	0.09620560623035025 	0.05809045374563075 
29725     	0.45634920634920634 	25855.787698        	41429.43071200002   	0.6240922757963671  	0.09589676945117993 	0.058159867873522834
29750     	0.45849802371541504 	26220.631268        	41942.412386000025  	0.6251579195466639  	0.09651685170682428 	0.058723138082559585
29775     	0.46062992125984253 	26307.479854        	42031.299660000026  	0.6259021269103432  	0.0970891460761683  	0.059252676971463476
29925     	0.45384615384615384 	26494.371353000002  	42274.225251000025  	0.62672636093723    	0.09579261895757042 	0.05862842154918659 
29950     	0.4559386973180077  	26842.696456        	42853.76998900002   	0.6263788801519716  	0.096407305775287   	0.0592334168043169  
30000     	0.45627376425855515 	27214.579096        	43343.61100000002   	0.6278798297631453  	0.09678630684015006 	0.05964348252941505 
30205     	0.44814814814814813 	27372.355533        	43550.06262100002   	0.6285262037671776  	0.09527476293067977 	0.05893259679342685 
30282     	0.4468864468864469  	27470.439552000003  	43648.14664000002   	0.6293609618426628  	0.09514012967933361 	0.058984704424688374
30307     	0.4489051094890511  	27582.278921000005  	43759.98600900002   	0.6303082207413689  	0.09572290097515589 	0.05946717514221322 
30358     	0.4492753623188406  	27666.058049000003  	43843.765137000024  	0.6310146485492517  	0.0959066665254897  	0.0597206628645947  
30384     	0.45126353790613716 	27971.022836000004  	44527.074391000024  	0.628180117794885   	0.09630299288551607 	0.060256128263879195
30410     	0.45323741007194246 	28085.495495000003  	44665.296671000026  	0.6287990361258511  	0.09673035274920236 	0.06079275772849384 
30435     	0.4551971326164875  	28743.924806000003  	46230.22738800003   	0.6217560767062343  	0.09722209617707567 	0.06152067673079614 
30589     	0.44912280701754387 	28794.194393        	46286.63609400003   	0.6220844032503042  	0.09586549021708414 	0.06112437222721405 
30666     	0.4479166666666667  	29006.676541        	46562.83418600003   	0.6229577096860094  	0.09561145078090436 	0.061392070235390644
30743     	0.44673539518900346 	29519.940055        	47369.20820500003   	0.6231883785611607  	0.09530709566323034 	0.06147017869584261 
30769     	0.4486301369863014  	29608.739805999998  	47458.00795600003   	0.6238934393000922  	0.0956558831431874  	0.061968028051531586
30794     	0.45051194539249145 	29902.191445999997  	47843.98707200003   	0.6249937197123733  	0.0960734127892894  	0.06248211948550536 
30820     	0.4523809523809524  	30079.439437999998  	48334.16820100003   	0.6223224802982676  	0.09651264492294936 	0.06304613211143646 
30871     	0.4527027027027027  	30200.202631999997  	48486.94840000003   	0.6228522030889446  	0.09666330844806936 	0.0633983606381763  
30897     	0.45454545454545453 	30282.241400999996  	48568.98716900003   	0.6234892503652648  	0.09714863492254357 	0.06395804111184142 
30974     	0.4533333333333333  	30354.874846999995  	48646.28064500003   	0.6239916894883912  	0.09700567957799343 	0.0640858585115188  
31078     	0.4521452145214521  	30638.842243999996  	49002.26443700003   	0.6252535999308961  	0.09689488558737232 	0.06404822898932368 
31105     	0.45394736842105265 	30854.183579999997  	49304.50443000003   	0.6257883318512036  	0.09746780603571781 	0.06445485869676404 
31131     	0.4557377049180328  	31208.881114999996  	49900.92703800003   	0.6254168603167259  	0.09808466583206032 	0.06491264919973246 
31157     	0.45751633986928103 	31296.843403999996  	49996.35308100003   	0.6259825262313712  	0.09865123359823884 	0.0653510364007254  
31236     	0.4563106796116505  	31498.599225999995  	50264.68822900003   	0.6266546224756447  	0.09860222685507133 	0.0653607294840431  
31394     	0.4507936507936508  	31768.354622999996  	50568.594320000026  	0.6282230117366644  	0.09762868631956119 	0.06474153301628786 
31421     	0.4525316455696203  	32134.843101999995  	51001.84781200003   	0.6300721342578319  	0.09830988033908722 	0.06517454382215042 
31447     	0.45425867507886436 	32290.570325999994  	51200.83129100003   	0.6306649621072844  	0.09904393625381296 	0.06561465420333361 
31500     	0.45454545454545453 	32836.20759699999   	52405.62349200003   	0.6265779397131417  	0.09943525069110606 	0.06583290878214378 
31657     	0.4492307692307692  	33031.466629999995  	52681.90728200003   	0.6269983061392682  	0.0985484291499469  	0.06519554398432312 
31684     	0.450920245398773   	33213.18689799999   	53012.35432800003   	0.6265178620912045  	0.09912404011441371 	0.0655836758788526  
31710     	0.4525993883792049  	33768.16256099999   	54564.83168200003   	0.6188631307029122  	0.09968793230110846 	0.06612482166573876 
31736     	0.45426829268292684 	33981.40374799999   	54904.840137000036  	0.6189145376474765  	0.10028032118255613 	0.06668717854080783 
31763     	0.45592705167173253 	34171.07100499999   	55115.70899800004   	0.619987869633319   	0.10083460718270001 	0.06722742841534456 
31868     	0.45345345345345345 	34410.98802499999   	55417.95733000004   	0.6209356981545022  	0.1004749359497126  	0.06709431336617235 
31947     	0.4523809523809524  	34755.38619999999   	55858.80651700004   	0.6222006585375676  	0.10052732728726259 	0.06717935179579682 
31973     	0.4540059347181009  	35034.79865199999   	56194.99936300004   	0.6234504679978274  	0.10118169012860655 	0.06759971811227297 
32152     	0.4476744186046512  	35784.85325899999   	57970.63547700004   	0.617292754591205   	0.10005094663330956 	0.06699140342066147 
32282     	0.44285714285714284 	35974.98207999999   	58207.55835100004   	0.6180465750352491  	0.09899652126263385 	0.06643755965170255 
32304     	0.4444444444444444  	36384.36681699999   	59277.954998000045  	0.6137925442641796  	0.09935997320879174 	0.0669355879519618  
32326     	0.4460227272727273  	36492.72325299999   	59392.687915000046  	0.6144312462373587  	0.0997445875113362  	0.06743291484978355 
32391     	0.4450704225352113  	36749.74821499999   	59762.992459000045  	0.6149248339632907  	0.09963831920163459 	0.06756285199617047 
32456     	0.4441340782122905  	36903.107620999996  	60102.213639000045  	0.6140057975677246  	0.09953235046208132 	0.06767183658579276 
32478     	0.4456824512534819  	37049.587741999996  	60274.71627400004   	0.6146787580646251  	0.09995524892946718 	0.0681479937633193  
32543     	0.4447513812154696  	37099.702713        	60324.831245000045  	0.6149988644365245  	0.09976336929677242 	0.06808918947316266 
32586     	0.44505494505494503 	37441.550989999996  	60781.83046600004   	0.6159990691781475  	0.09993682878324578 	0.06823583968621864 
32652     	0.444141689373297   	37698.886437999994  	61111.78006000004   	0.6168841163027312  	0.09989438559718682 	0.06820679236442465 
32673     	0.44565217391304346 	37941.64287499999   	61444.65000200004   	0.617493026223845   	0.10045417569044884 	0.06856348956528042 
32695     	0.44715447154471544 	38014.59467099999   	61531.43028200004   	0.6178077528310033  	0.10102992247229858 	0.06892128570339617 
32739     	0.4474393530997305  	38202.22968799999   	61737.73145200004   	0.6187825303834096  	0.1013255017509715  	0.06909078668987352 
32760     	0.4489247311827957  	38468.218842999995  	62125.64319300004   	0.619200331230283   	0.10197962007437802 	0.06946437908436968 
32826     	0.448               	38507.85576499999   	62165.28011500004   	0.6194431311781111  	0.10193737337927028 	0.06933627938927721 
32847     	0.449468085106383   	38723.854156999994  	62440.53012000004   	0.6201717711649686  	0.10248182566579164 	0.06958868652810983 
32869     	0.4509283819628647  	38754.43429599999   	62471.11025900004   	0.6203577003086278  	0.10302756892807485 	0.0698398583658178  
32891     	0.4523809523809524  	39235.465293999994  	63431.37049900004   	0.6185498592469876  	0.10355267609808733 	0.07015962675231972 
32956     	0.45144356955380577 	39406.14100699999   	63690.48872000004   	0.6187131202625817  	0.10344789005219186 	0.06996062785797257 
33047     	0.4505208333333333  	39938.32588899999   	65071.65732500004   	0.6137591622959323  	0.10340054637738781 	0.0698825345346555  
33119     	0.4496124031007752  	40033.060289999994  	65166.39172600004   	0.6143206525585125  	0.10322770931857496 	0.06969581153966739 
33166     	0.4498714652956298  	40199.62922799999   	65353.95880100004   	0.6151062608220278  	0.10335845536054598 	0.06969524266853362 
33285     	0.4467005076142132  	40351.18696099999   	65530.832765000036  	0.6157588002231451  	0.10263961233374039 	0.06914783391883678 
33333     	0.44696969696969696 	40437.12696799999   	65624.10317000003   	0.6161932127780417  	0.10273143778588176 	0.0691366639277279  
33357     	0.44836272040302266 	40828.20440799999   	66461.66628800004   	0.6143120792529951  	0.1031338582955477  	0.06937102331513496 
33404     	0.44862155388471175 	40871.30158299999   	66504.76346300004   	0.614562017136393   	0.10328654677454122 	0.06943033670075147 
33428     	0.45                	41132.73146499999   	66832.63001400004   	0.615458817891553   	0.1037235087535993  	0.06960486022404716 
33452     	0.4513715710723192  	41285.35502399999   	66998.13766700003   	0.6162164570782557  	0.10419444995087207 	0.06978183483338263 
33476     	0.4527363184079602  	41684.56520299999   	67713.92388500003   	0.6155981342004897  	0.10468916607538159 	0.07000223451204132 
33595     	0.44963144963144963 	41767.16740699999   	67796.52608900002   	0.6160664832910474  	0.10412559367930023 	0.06952357317800328 
33619     	0.45098039215686275 	41893.75835899999   	68015.54772600002   	0.6159438504820779  	0.10461768543208347 	0.06974670754576205 
33642     	0.45232273838630804 	42082.565065999996  	68237.20965000002   	0.6167099340938538  	0.1051594072897704  	0.06997521128215635 
33690     	0.45255474452554745 	42200.850889999994  	68363.19203600002   	0.6173036927207414  	0.10546684099985643 	0.07003547173512482 
33785     	0.4506024096385542  	42245.15820799999   	68412.25678800003   	0.6175086189439972  	0.105201655249826   	0.06974526064168468 
33904     	0.44761904761904764 	42320.002269        	68487.10084900002   	0.6179266131049539  	0.10470792353849635 	0.06929536062544799 
33928     	0.4489311163895487  	42392.041527999994  	68559.14010800002   	0.6183280808542895  	0.10517382870917469 	0.06946738821454007 
33952     	0.45023696682464454 	42455.719683999996  	68633.31315200002   	0.6185876469342907  	0.1055960749331013  	0.06963359054061292 
34056     	0.44835680751173707 	42578.671774999995  	68792.36875400001   	0.61894469613716    	0.1052030873259123  	0.06923694219520685 
34075     	0.4496487119437939  	42670.422276        	68887.637035        	0.6194206117756699  	0.10553870867167317 	0.06932931228574891 
34094     	0.45093457943925236 	42937.635651        	69458.01967400001   	0.6181811092876969  	0.10589991401969047 	0.06947909978132726 
34113     	0.4522144522144522  	43072.840671        	69828.668124        	0.6168360621530448  	0.10627666100494192 	0.06966045556340704 
34150     	0.45243619489559167 	43227.164230999995  	70029.58808300001   	0.6172700056405669  	0.10640080195248564 	0.06968954282367279 
34207     	0.45161290322580644 	43326.858174999994  	70129.28202700001   	0.6178140845405918  	0.10624390338731854 	0.06954814491923343 
34264     	0.45080091533180777 	43387.33940199999   	70197.23670000001   	0.6180775973764219  	0.10603426088662006 	0.06929737752343053 
34283     	0.4520547945205479  	43627.51716499999   	70585.81389100001   	0.6180776952203236  	0.10634469160715211 	0.06938782497580026 
34320     	0.45227272727272727 	43724.610129999994  	70855.70826400002   	0.6170936851987598  	0.10642288844110749 	0.06934302944225086 
34339     	0.45351473922902497 	44032.908960999994  	71534.76380800002   	0.6155455979303257  	0.10675825032157397 	0.06951803483836551 
34358     	0.45475113122171945 	44497.809589        	72427.97210300002   	0.6143732634916181  	0.10709146735091293 	0.06975330462001311 
34396     	0.45495495495495497 	44706.341969999994  	72720.88120400002   	0.6147662298616496  	0.10713277093286891 	0.06983345753883678 
34433     	0.4551569506726457  	44811.63968199999   	72903.13290200001   	0.6146737170025054  	0.10718687063629447 	0.06992392782826969 
34471     	0.45535714285714285 	45044.90798899999   	73366.981406        	0.6139670342947514  	0.10726691387261104 	0.07005116971226728 
34490     	0.45657015590200445 	45172.51251899999   	73606.79730100001   	0.6137002855086358  	0.1075832302438554  	0.07032729727558741 
34528     	0.4567627494456763  	45441.05397999999   	73918.82285100002   	0.6147426626584224  	0.10765143298244603 	0.07044985429210739 
34603     	0.45494505494505494 	45704.973329999986  	74296.89736100002   	0.6151666483180961  	0.10728891125450064 	0.0702619483629388  
34698     	0.45217391304347826 	45861.39982699999   	74942.02228000002   	0.6119583970612859  	0.10670413282260466 	0.06995631122635186 
34867     	0.44562899786780386 	46026.64026699999   	75151.58046100002   	0.6124507293746877  	0.10521525958374624 	0.0690697401115583  
34886     	0.44680851063829785 	46288.81386899999   	75533.99643300002   	0.6128209290509206  	0.10557088207417975 	0.06939410940636255 
34905     	0.44798301486199577 	46417.83115599999   	75670.63947500002   	0.6134193060617052  	0.10594359650775617 	0.0696905989972742  
34943     	0.44820295983086683 	46533.27258699999   	76001.64226600002   	0.6122666721350184  	0.10608753736874482 	0.06985644671035511 
34962     	0.44936708860759494 	46761.849128999995  	76316.14527000002   	0.6127386146609024  	0.10650425866715446 	0.07017667409293735 
35040     	0.44863731656184486 	47105.21423199999   	76895.85140200003   	0.6125845981695549  	0.10640669026457898 	0.07020417453450982 
35061     	0.4497907949790795  	47275.702527999994  	77238.92070000003   	0.6120709882990374  	0.10674808631356232 	0.07054053518549636 
35081     	0.4509394572025052  	47389.205151999995  	77398.61027600004   	0.6122746259010617  	0.1071144697812354  	0.07088096680272739 
35142     	0.45020746887966806 	47777.284747        	78266.40588900003   	0.6104443433209301  	0.10705080239864127 	0.0709688071668288  
35163     	0.45134575569358176 	48129.124833999995  	78728.35425100003   	0.6113315246061891  	0.10750236746641531 	0.07131297598680664 
35183     	0.4524793388429752  	48267.708931999994  	78896.80743600003   	0.6117827894513231  	0.1079840751706813  	0.07165991987183677 
35204     	0.4536082474226804  	48460.29554199999   	79130.60061700003   	0.612409044846666   	0.10848538005407614 	0.07202110588022069 
35244     	0.4537987679671458  	48577.91543799999   	79249.54503300003   	0.6129740608324228  	0.10872549020578615 	0.07222271166398732 
35265     	0.45491803278688525 	48609.49833699999   	79281.12793200003   	0.6131282387744621  	0.10916697407232656 	0.07252035212689167 
35306     	0.45510204081632655 	48748.15610299999   	79436.60109500003   	0.6136737402032214  	0.10940215153398539 	0.07267231865962169 
35326     	0.45621181262729127 	48930.753074999986  	79653.90235100004   	0.6142919760463647  	0.10987528085230493 	0.0729759046339596  
35428     	0.4536290322580645  	49116.27006799998   	80108.57526600004   	0.6131212533103941  	0.10935371342923098 	0.07264445448992649 
35489     	0.4529058116232465  	49326.32222399998   	80372.16200300005   	0.6137239685322734  	0.10929351954481402 	0.07259949083578913 
35510     	0.454               	49593.63571599998   	80680.27019500005   	0.6146934758167607  	0.10970591213501246 	0.0728607668006247  
35551     	0.4541832669322709  	49909.074490999985  	81094.98070700005   	0.6154397480076331  	0.10996622561679296 	0.07299047398521606 
35612     	0.4534653465346535  	50130.62092899998   	81394.03964600005   	0.6159003920560854  	0.11004510521885531 	0.07298614753298623 
35653     	0.4536489151873767  	50238.60852199998   	81520.48071800005   	0.6162697776008955  	0.11034055572961406 	0.07308906591097271 
35734     	0.4520547945205479  	50381.29237699998   	81668.71275900005   	0.6168983283191013  	0.11023599887516089 	0.07290693330677686 
35775     	0.4522417153996101  	50554.905628999986  	81962.95105800005   	0.6168019205802564  	0.11052085293518844 	0.07301375782285259 
35857     	0.4506769825918762  	50748.089001999986  	82234.55945100005   	0.6171138915414088  	0.11036377070837636 	0.07279435144746729 
35897     	0.4508670520231214  	50893.77126499999   	82423.30269300005   	0.6174682353431372  	0.11059243720783694 	0.07279880034046407 
35918     	0.4519230769230769  	51167.582767999986  	82747.31709900005   	0.6183594171008877  	0.1110751102351527  	0.0729511621957526  
35938     	0.45297504798464494 	51264.73818999999   	82844.47252100005   	0.6188069840990902  	0.11148976250881673 	0.07308682427374429 
35979     	0.45315487571701724 	51626.30798199999   	83289.08976700004   	0.619844785510609   	0.1117605819003058  	0.07309100023469747 
36000     	0.4541984732824427  	51921.77608599999   	83674.58410300004   	0.6205202767675113  	0.11227981959243227 	0.0731947750131619  
36060     	0.4552380952380952  	52233.162593999994  	84073.63899200005   	0.6212787173274394  	0.11284206480402738 	0.07330583652794741 
36121     	0.45540796963946867 	52263.396588999996  	84105.44111300005   	0.6214032754287727  	0.11317398313540278 	0.07327357997841528 
36181     	0.4555765595463138  	52509.415531        	84514.49577500005   	0.621306617870548   	0.1135133155569747  	0.07325380246309553 
36272     	0.4548872180451128  	52834.017606        	84889.78178500004   	0.6223837132696662  	0.11364098358935869 	0.07308409354097047 
36303     	0.45590994371482174 	53076.594943000004  	85189.99722000005   	0.6230378762183973  	0.11421963844128344 	0.07319061277896927 
36333     	0.45692883895131087 	53109.488557000004  	85222.89083400005   	0.623183372885677   	0.11478817758642909 	0.07328126954099418 
36363     	0.45794392523364486 	53330.741785000006  	85491.40328200004   	0.6238140881731045  	0.11536724697286374 	0.07338107449680838 
36393     	0.458955223880597   	53608.159466000005  	85851.38987800005   	0.6244297214311895  	0.11600364508397026 	0.07349089554218181 
36454     	0.4591078066914498  	53767.63920400001   	86040.36270000004   	0.6249118148359454  	0.11635197161559412 	0.0734291339899396  
36484     	0.4601113172541744  	53792.51580500001   	86065.23930100004   	0.6250202316508864  	0.11691907968997109 	0.07350412181095577 
36515     	0.46111111111111114 	54170.70196800001   	86745.30195700003   	0.6244799516042105  	0.11744377639563898 	0.07361806387072839 
36575     	0.4612546125461255  	54454.13533700001   	87129.29302600003   	0.6249808008972423  	0.11776355587168702 	0.07359725065559379 
36666     	0.46055045871559636 	54798.460361000005  	87607.68573500004   	0.6254983213088979  	0.11791263795851259 	0.07345301559802295 
36787     	0.45901639344262296 	55088.945436        	88150.86506200004   	0.6249393627306293  	0.11774966018356918 	0.07317748618717693 
36818     	0.46                	55339.138964000005  	88676.91151500004   	0.6240535221463952  	0.11821192851772253 	0.07333600871169506 
36848     	0.46098003629764067 	55817.23225100001   	89557.17464000004   	0.6232580748038656  	0.11857392632998398 	0.07351769096675928 
36878     	0.46195652173913043 	56031.98900100001   	89820.48521900004   	0.6238219362140272  	0.11886174746556598 	0.07369980296235172 
36909     	0.4629294755877034  	56216.77974800001   	90066.57621600004   	0.6241691658532621  	0.1191606953705421  	0.07387873004902297 
36939     	0.463898916967509   	56300.33047400001   	90150.12694200005   	0.6245174841542042  	0.11947020063371211 	0.07405829223501058 
36969     	0.4648648648648649  	56439.48587400001   	90319.25466000005   	0.6248887469948923  	0.11978066103945748 	0.07422956394081112 
37037     	0.4649910233393178  	56675.79929900001   	90625.66751500005   	0.6253835238192229  	0.11982967818158573 	0.07427191148028678 
37055     	0.4659498207885305  	56771.266077000015  	90746.31336500005   	0.6256041041431015  	0.1201109778654723  	0.07445040351137099 
37166     	0.4627659574468085  	56889.79875400002   	90886.95154200005   	0.6259402234182153  	0.11927112095643724 	0.07395708924193362 
37185     	0.46371681415929206 	57394.21635800002   	92441.33618400006   	0.6208717736809816  	0.11952758710506395 	0.07423740507861724 
37296     	0.46059544658493873 	57723.54042100002   	92930.39926200006   	0.6211480944815396  	0.11873322357133016 	0.07387120354292352 
37351     	0.45993031358885017 	57756.19179200002   	92963.05063300006   	0.6212811584681118  	0.11852654920209638 	0.0738863436183312  
37370     	0.4608695652173913  	57861.66978500002   	93069.09192300006   	0.6217066116092698  	0.1187327060527978  	0.07414555763436896 
37407     	0.4610051993067591  	57919.15101300002   	93134.86183600005   	0.6218847579866397  	0.11874005672026607 	0.07427623488784359 
37462     	0.4603448275862069  	58093.430151000015  	93354.49146700006   	0.6222885395025209  	0.11854719534449688 	0.07429008864310013 
37518     	0.45969125214408235 	58320.948872000015  	93713.76178100005   	0.6223306776254527  	0.118356802067358   	0.07431601748567401 
37592     	0.45826235093696766 	58442.64631100002   	93920.46137400005   	0.6222568059826276  	0.11794792148458093 	0.07421602601556405 
37629     	0.45840407470288624 	58698.71371600002   	94303.93234400004   	0.6224418458169909  	0.11798231545560445 	0.07438310361841527 
37648     	0.45932203389830506 	58821.14778900002   	94426.36641700004   	0.6229313911035992  	0.11824280876210454 	0.07467628986171758 
37722     	0.45791245791245794 	59147.49990600002   	95229.44000800003   	0.6211051950009489  	0.11788179753221223 	0.07456457022272849 
37740     	0.4588235294117647  	59241.83104300002   	95334.84674500003   	0.6214079433248477  	0.11813108912758488 	0.0748313311724713  
37777     	0.45896147403685095 	59272.06310300002   	95368.45682500003   	0.6215059473150912  	0.11817574721958753 	0.07497051755049458 
37814     	0.4590984974958264  	59377.26125900002   	95478.03815100003   	0.6218944419982105  	0.11823323191554043 	0.07510948157287972 
37870     	0.4584717607973422  	59555.69247900002   	95656.46937100003   	0.6225997349746989  	0.11810834997430009 	0.07512941259801686 
37925     	0.4578512396694215  	59778.15680500002   	95906.48057400003   	0.6232963241610776  	0.1180249243202664  	0.07515234274997744 
37962     	0.45799011532125206 	59834.44987400002   	95962.77364300004   	0.6235173036639778  	0.11814679248684976 	0.07529983598498408 
38093     	0.45588235294117646 	59878.74433600002   	96010.80850800003   	0.6236667023901863  	0.117644394667979   	0.07505742281110475 
38162     	0.45528455284552843 	59972.633085000016  	96108.62340300003   	0.6240088658176324  	0.11752960776891587 	0.07505946459950065 
38209     	0.4554294975688817  	60084.45129400001   	96281.42554900004   	0.6240502874920721  	0.11756540718169696 	0.07517004235968831 
38232     	0.4563106796116505  	60326.17844200001   	96613.77031400004   	0.624405591935152   	0.11782075128736014 	0.07541128596220185 
38279     	0.45645161290322583 	60645.47534000001   	96980.56497700003   	0.6253363790403028  	0.11788801908943229 	0.0754927824300218  
38325     	0.4565916398713826  	60923.83304000001   	97357.03180300003   	0.6257774288279263  	0.11799670038239443 	0.075582514933882   
38418     	0.45527156549520764 	61466.384954000016  	98247.85021900003   	0.6256257497440194  	0.11761547312534364 	0.07545591857472123 
38488     	0.4546899841017488  	61580.92934500002   	98503.96512200002   	0.6251619340270237  	0.11740119291754038 	0.0753642089728207  
38558     	0.4541139240506329  	62094.20365700002   	99827.22423300003   	0.6220167307474171  	0.1171937592268792  	0.07533284291070064 
38581     	0.4549763033175355  	62187.66557400002   	99945.29304700003   	0.6222170517300479  	0.11733605239473098 	0.07554020905015589 
38604     	0.4558359621451104  	62538.49042800002   	100440.91377100002  	0.6226396005375306  	0.11749945966588156 	0.07578169305033954 
38651     	0.4559748427672956  	62861.27082000002   	100910.61335100002  	0.6229401321875631  	0.11751676324878745 	0.07591498976543573 
38674     	0.45682888540031397 	63033.79521400002   	101150.69348400002  	0.6231672076867242  	0.1177338706717618  	0.07616691774562813 
38697     	0.45768025078369906 	63475.48561600002   	101823.35844200001  	0.62338825380776    	0.11800340860936087 	0.07645217377674975 
38790     	0.45638629283489096 	63776.05975500002   	102185.96227900001  	0.6241176217616975  	0.11770070240761836 	0.07629566418798557 
38813     	0.4572317262830482  	63945.30609000002   	102388.05084100002  	0.624538757841007   	0.11797458221700524 	0.07649878205165138 
38906     	0.4559505409582689  	64062.61633700002   	102567.28560800002  	0.6245911253012947  	0.11764587238439458 	0.0762549079698772  
38930     	0.4567901234567901  	64290.06836400002   	102842.03172400001  	0.6251341721499342  	0.11787201166440646 	0.07633693913535866 
39000     	0.45622119815668205 	64407.21893700002   	102978.64035700001  	0.6254425064626706  	0.11774903977716011 	0.07618609117137859 
39061     	0.4563552833078101  	64577.33527200002   	103148.75669200001  	0.6260602390470548  	0.11778146325055495 	0.07613668775223006 
39081     	0.45718654434250766 	64834.55480100002   	103484.57157900001  	0.6265142118456314  	0.11802477444222376 	0.07620991143004309 
39102     	0.4580152671755725  	65310.400410000024  	104612.532508       	0.624307612522482   	0.1182990489250133  	0.0763461075253638  
39122     	0.45884146341463417 	65398.393148000025  	104700.525246       	0.6246233530762398  	0.11857970992754513 	0.07648586471334644 
39204     	0.4575757575757576  	65507.78793500002   	104809.920033       	0.625015150420633   	0.11834256635389265 	0.07627748808138142 
39387     	0.452914798206278   	65643.15005500002   	104987.88615800001  	0.6252449921337716  	0.1171475850381779  	0.07542243823685561 
39408     	0.4537313432835821  	65886.12853100002   	105307.13719800001  	0.6256568195099632  	0.11739864823077889 	0.07548907685277881 
39428     	0.45454545454545453 	66091.28680100002   	105624.35590200001  	0.6257201403653585  	0.11768334027782046 	0.07556564592158269 
39448     	0.45535714285714285 	66362.82378600002   	105970.33513900002  	0.6262396329968448  	0.11800855761245939 	0.07564904046878036 
39591     	0.4521354933726068  	66524.60238400003   	106159.90597300002  	0.626645264747309   	0.11723318503244573 	0.0750310607855298  
39612     	0.45294117647058824 	66671.12867000002   	106306.43225900001  	0.627159874085188   	0.11752620448265667 	0.07508449019201799 
39632     	0.45374449339207046 	66753.03787700002   	106400.771649       	0.627373625608733   	0.11782813091382545 	0.07513862869916585 
39673     	0.4538799414348463  	66854.64053000002   	106600.23511000001  	0.6271528431528617  	0.11791510618465988 	0.0750759609063414  
39714     	0.454014598540146   	67134.97450000003   	107006.81007500002  	0.627389737652639   	0.11802701190590571 	0.0750180865500619  
39734     	0.45481049562682213 	67400.59269800002   	107272.42827300001  	0.6283123611826027  	0.1183383079416106  	0.07508023476889672 
39755     	0.4556040756914119  	67558.33808300002   	107486.20593000001  	0.6285303076656844  	0.11867485952664766 	0.07514916453720172 
39795     	0.45573294629898403 	67732.08558700002   	107701.575007       	0.6288866767509929  	0.1188666470979295  	0.07511407731982785 
39857     	0.4552023121387283  	67840.60392600003   	107827.61247800001  	0.629157989933622   	0.11888672034526876 	0.07497166944709882 
39897     	0.4553314121037464  	68189.49732500002   	108441.25658300001  	0.6288150789990926  	0.11909062621167284 	0.0749594346359609  
39918     	0.45611510791366905 	68286.83791700001   	108538.597175       	0.6291479685046889  	0.11947420450774919 	0.07505943152677899 
39938     	0.45689655172413796 	68401.39968600002   	108655.73011        	0.6295240906002137  	0.11987748195909238 	0.0751602598740772  
40066     	0.45571428571428574 	68511.45322100002   	108773.889383       	0.6298520132875519  	0.11970007634304647 	0.07491370431780468 
40133     	0.45584045584045585 	69195.50714100002   	110376.150584       	0.626906326909271   	0.11981242255994279 	0.07493299535163789 
40233     	0.4553191489361702  	69318.38914200003   	110526.250893       	0.6271667461977596  	0.11969046232654557 	0.07483938467885975 
40266     	0.45609065155807366 	69497.44775000004   	110768.71455        	0.6274104383384309  	0.11992950443624201 	0.07496367657416049 
40300     	0.45685997171145687 	69660.01523400003   	111011.468942       	0.6275028688287622  	0.12017176471865833 	0.07509573011309341 
40366     	0.45698166431593795 	69675.53156600003   	111026.985274       	0.6275549263456085  	0.12015049271957762 	0.07509854469458582 
40433     	0.4571026722925457  	70156.38257600003   	112050.27124300001  	0.6261152409337236  	0.12014595470169268 	0.07514725205520041 
40633     	0.45467224546722457 	70535.64110200004   	112944.66534200001  	0.6245150303329148  	0.11940952743153549 	0.0747820482498225  
40800     	0.45290858725761773 	70679.42575100003   	113096.82500900001  	0.6249461533988732  	0.1187868098252924  	0.0744431897515053  
40833     	0.4536652835408022  	70861.12099900004   	113405.59734000001  	0.6248467682468276  	0.11883164701010224 	0.07453112116599368 
40866     	0.4544198895027624  	70988.55183100003   	113630.48327000001  	0.6247315842380297  	0.11888701433557321 	0.07463130152527951 
40900     	0.45517241379310347 	71095.51340300003   	113737.44484200001  	0.6250844961548361  	0.11895038121335268 	0.07473401410171777 
41071     	0.4540466392318244  	71166.70868400003   	113816.86144900002  	0.6252738634502673  	0.11851167685594619 	0.07452800126425943 
41107     	0.4547945205479452  	71269.44684400002   	113923.49943300002  	0.6255903935422433  	0.11856232382061484 	0.07462977112075068 
41178     	0.45491803278688525 	71483.98850300002   	114187.34545700002  	0.6260237350899713  	0.11843947512470952 	0.07459411160502845 
41250     	0.4550408719346049  	71901.11396900001   	114821.62440800002  	0.6261983693377396  	0.1182934447630719  	0.07451482744675184 
41321     	0.45516304347826086 	72623.33688200002   	116791.96216100002  	0.6218179362539292  	0.11813732881013872 	0.0745220698439396  
41357     	0.4559023066485753  	72837.51402900001   	117269.55115400002  	0.6211119025547286  	0.1181572729549793  	0.07465410508568276 
41392     	0.45663956639566394 	73357.28889000001   	118344.31623100002  	0.619863219681895   	0.11820521420528295 	0.07483969714456394 
41428     	0.45737483085250336 	73427.64002400001   	118453.51853400002  	0.6198856811747967  	0.11826116184504476 	0.0750278483047869  
41535     	0.4568733153638814  	73688.86733200001   	118896.95179500002  	0.6197708706532109  	0.11801488413726859 	0.07502657919948694 
41571     	0.4576043068640646  	73842.91725800002   	119118.78745500001  	0.6199099137564337  	0.11807905468388281 	0.07522589131839383 
41607     	0.4583333333333333  	74110.32955300002   	119386.19975000001  	0.6207612748223021  	0.11816199394322871 	0.07543255696507084 
41642     	0.4590604026845638  	74250.21764400002   	119526.08784100002  	0.6212051191934904  	0.11825890873271128 	0.07564142709238952 
41750     	0.4585561497326203  	74387.62338900001   	119773.76366200001  	0.6210677623767498  	0.11801440035943146 	0.07560914019288115 
42045     	0.455026455026455   	74478.19801000002   	119864.33828300002  	0.6213540997836804  	0.11694784996045833 	0.07495408949157625 
42068     	0.4557463672391017  	74488.34340700002   	119874.48368000002  	0.6213861459111146  	0.11697578495435129 	0.07500007756731125 
42090     	0.45646437994722955 	74543.98199400002   	119930.12226700001  	0.6215617943592437  	0.11700505491171155 	0.07504749864514303 
42136     	0.45657894736842103 	74555.30555500001   	119941.44582800001  	0.6215975223603255  	0.11688081204632371 	0.07499608857426064 
42159     	0.45729303547963207 	74812.60052800001   	120461.18705500002  	0.6210514968098577  	0.11692419978221116 	0.07506597831052818 
42272     	0.4556135770234987  	75001.52602800001   	120700.98655200002  	0.6213828749087157  	0.11637961586149853 	0.07474741566481428 
42363     	0.45454545454545453 	75026.87213900001   	120726.33266300002  	0.6214623643744138  	0.11596105738903102 	0.07451542498805497 
42409     	0.45466321243523317 	75072.15892000002   	120781.35026000002  	0.6215542280194409  	0.11584868901192635 	0.07447917077985512 
42477     	0.4541935483870968  	75166.09208800002   	120910.85714000002  	0.6216653645996972  	0.11557710488432758 	0.07434022459784513 
42500     	0.45489690721649484 	75387.66783200002   	121224.61827200002  	0.6218841428961857  	0.11562116511374135 	0.07440221442215837 
42545     	0.455012853470437   	75598.32918600002   	121534.78474100002  	0.62203038699666    	0.11554239665578257 	0.07437604630897791 
42613     	0.45454545454545453 	75689.22990500001   	121641.44962700002  	0.6222322254222769  	0.11528205536429463 	0.07423671626318928 
42681     	0.45408163265306123 	75889.48282000002   	121905.26252300003  	0.6225283572617043  	0.11504044044477688 	0.07410335373319796 
42704     	0.4547770700636943  	76156.72094800002   	122251.84025300003  	0.6229494851807038  	0.1151248217182512  	0.07416530604092055 
42795     	0.45373891001267425 	76243.27196700002   	122341.18210600004  	0.6232020212207905  	0.1147622281719132  	0.07393680860312414 
42886     	0.4527112232030265  	76466.98968700002   	122610.54599400004  	0.6236575252730866  	0.1143915005280291  	0.07368717660683165 
42931     	0.4528301886792453  	76541.72461800002   	122685.28092500004  	0.6238867779484607  	0.11431377640186714 	0.07362677618062793 
43000     	0.4523809523809524  	76828.03359700002   	123013.28776700005  	0.6245506887233215  	0.11412437124646764 	0.07347918459122728 
43052     	0.4530663329161452  	77003.14676600002   	123226.85860200005  	0.6248893109797267  	0.11421183912996212 	0.07347008490958121 
43105     	0.45318352059925093 	77719.37921400002   	124328.21387900005  	0.6251145801035866  	0.11419314263114783 	0.07341966130726915 
43157     	0.4533001245330012  	78315.88889600002   	126367.00961300005  	0.6197494831589593  	0.11420444873142568 	0.07346798838077111 
43210     	0.453416149068323   	78747.86855400002   	127022.16591600004  	0.6199537536312844  	0.1142457807827921  	0.07353852392867301 
43236     	0.45409429280397023 	78907.80392500001   	127277.82181600004  	0.619965071676616   	0.11444167163690308 	0.073710789472555   
43394     	0.45197044334975367 	79077.83274900001   	127466.61210900004  	0.6203807525799657  	0.11391732475021815 	0.07342615565823853 
43421     	0.45264452644526443 	79291.64604600001   	127720.70208400003  	0.6208206246302268  	0.11411042691968734 	0.07360693137986479 
43473     	0.452760736196319   	79363.406004        	127988.13339800003  	0.6200840960560501  	0.11414853608300439 	0.0737070610813579  
43500     	0.4534313725490196  	79720.98701         	128436.14488700003  	0.6207052312270792  	0.11433062976086449 	0.0737971062908104  
43631     	0.4518879415347138  	80001.551815        	128828.08359300003  	0.6209946588023836  	0.11396490317961804 	0.0735228738434268  
43657     	0.45255474452554745 	80200.10016         	129084.14942600003  	0.6213009150745983  	0.11417689846642932 	0.07361412108847554 
43710     	0.4526699029126214  	80419.79388         	129388.40963700003  	0.6215378495308677  	0.1142657478285529  	0.07362996856628141 
43736     	0.4533333333333333  	80509.48920899999   	129507.31364000004  	0.6216597885181797  	0.11446282208307426 	0.07371331931830044 
43842     	0.45235223160434257 	80579.23957499999   	129577.06400600003  	0.6218634462289467  	0.11421184232512106 	0.07352230850527143 
43868     	0.4530120481927711  	80932.20896799999   	130649.50013500002  	0.6194605328330595  	0.11439514057589759 	0.07364382647224513 
43947     	0.4525810324129652  	81136.62463499999   	130930.52716400003  	0.6196921863254278  	0.11426351671542935 	0.07357507311988404 
44054     	0.45215311004784686 	81410.10813999998   	131332.13623100004  	0.6198795700452765  	0.11411572806117705 	0.07348757280267723 
44081     	0.45280764635603343 	81565.34616099998   	131493.40322200005  	0.6202999098235625  	0.11424707834822957 	0.07357521890687796 
44135     	0.45292014302741357 	81917.80771499997   	131904.12952100005  	0.6210405088337897  	0.11424076241309795 	0.07357241168483107 
44243     	0.45195729537366547 	82261.55272399998   	132385.68180000005  	0.6213780191748799  	0.11395984310697845 	0.07335531534418357 
44297     	0.45207100591715976 	82383.38131599998   	132548.12624000004  	0.6215356161793748  	0.11392508975349658 	0.07331375961294813 
44324     	0.45271867612293143 	82471.34378799998   	132676.83180800005  	0.6215956671873679  	0.11402514312911806 	0.0733634944937722  
44351     	0.45336481700118064 	82569.57230699998   	132775.24083800006  	0.6218747696172033  	0.11413538893733043 	0.0734131398954389  
44378     	0.4540094339622642  	82765.82429499998   	133011.60094500004  	0.6222451553622262  	0.11425881119562344 	0.07346844832274368 
44432     	0.4541176470588235  	83215.32745899998   	134058.22328700003  	0.6207401934668904  	0.11427256025468237 	0.07348591322657079 
44459     	0.45475910693301996 	83423.94265999997   	134313.07657000003  	0.6211155666330215  	0.11444886568369439 	0.07359365909596151 
44486     	0.45539906103286387 	83568.67094199997   	134479.14775900004  	0.6214247512317917  	0.11464085898569765 	0.07370265697108794 
44540     	0.45550351288056207 	83667.41110999997   	134577.88792700003  	0.6217025129372237  	0.11469040907443066 	0.0737208354533031  
44783     	0.4519119351100811  	83952.66941999998   	134911.74654000002  	0.6222784269945599  	0.11376461094282987 	0.07311638318159978 
44837     	0.45202312138728323 	84170.11984199997   	135129.19696200002  	0.6228862579984815  	0.11374978126860086 	0.07311182694269933 
44891     	0.45213379469434833 	84473.04236999997   	135769.713974       	0.6221788342735745  	0.11374468647355526 	0.07313015603307663 
45000     	0.45120551090700345 	84627.08734499996   	135938.565245       	0.6225392124190648  	0.11346883475324546 	0.07296703671941941 
45044     	0.4518348623853211  	84742.54185699996   	136066.096886       	0.622804238501819   	0.11359650897685601 	0.07305771995301738 
45088     	0.45194508009153317 	84843.38771299996   	136168.34338600002  	0.6230771822823177  	0.1135789630705966  	0.07305670415558063 
45111     	0.45257142857142857 	84851.00747699996   	136189.52778000003  	0.6230362118155509  	0.1136913610254096  	0.07314029248266458 
45133     	0.4531963470319635  	85128.26456599997   	136764.75629100003  	0.6224429953640179  	0.11382208781464691 	0.07324688550919983 
45155     	0.45381984036488027 	85494.74827299998   	137490.15711700002  	0.6218245005003994  	0.11397203302668739 	0.07338130766465456 
45222     	0.45340909090909093 	85865.79669999998   	137997.75979200003  	0.6222260189543872  	0.11383104931146587 	0.07333033580581612 
45244     	0.4540295119182747  	86445.15188499997   	139506.20817700002  	0.6196509317730272  	0.11395647816359979 	0.07350685682212482 
45266     	0.4546485260770975  	86742.56381899997   	139898.67769200003  	0.6200384824935359  	0.11411215731465703 	0.07368851424271658 
45311     	0.45475113122171945 	86940.40984599998   	140096.52371900002  	0.6205750688031457  	0.11414148190234755 	0.07377715699058282 
45333     	0.4553672316384181  	87113.47641999998   	140305.20548000003  	0.6208855624563243  	0.11430062225495427 	0.07395269806119274 
45355     	0.45598194130925507 	87139.73159699998   	140345.59801600003  	0.6208939420178013  	0.11446185754720803 	0.07412916178590383 
45377     	0.45659526493799324 	87397.92947299998   	140632.85201400003  	0.6214616870907197  	0.1146123077396145  	0.07430388998119776 
45444     	0.45617977528089887 	87435.15898999998   	140683.86456300004  	0.6215009749810035  	0.11450872691786326 	0.07431177507662293 
45511     	0.45576707726763716 	87564.74470699998   	140830.44796300004  	0.6217742396871847  	0.11441092112834511 	0.07431539547268583 
45533     	0.4563758389261745  	87688.69750899998   	140971.05320500003  	0.6220333573126046  	0.11456215099270946 	0.07446042806420287 
45577     	0.4564732142857143  	87725.90696999998   	141015.86924600005  	0.6220995370170961  	0.11458901999471274 	0.07452276689646334 
45733     	0.4540420819490587  	87913.37863699999   	141236.59725800005  	0.622454663619562   	0.11399904848520541 	0.07417657073943952 
45777     	0.45414364640883975 	87967.63004699998   	141291.00423900006  	0.6225989440785543  	0.11405367621760282 	0.07424364847415377 
45800     	0.45474613686534215 	88357.32694399999   	141738.12479100007  	0.623384336954417   	0.11427211567112903 	0.0743953207016184  
45822     	0.4553472987872106  	88512.80886699999   	141915.43182400006  	0.6237010854236863  	0.1144903159692312  	0.07453407960306452 
45866     	0.45544554455445546 	88920.74626599999   	142966.89941300006  	0.6219673688881467  	0.11460176417774373 	0.07463460430734382 
45888     	0.45604395604395603 	89208.51103199998   	143342.84328300005  	0.6223436691281244  	0.11487269615267669 	0.07482290832301508 
46000     	0.4546448087431694  	89286.97118799998   	143421.30343900004  	0.6225502700578616  	0.11460020067219344 	0.07467693818080222 
46046     	0.45524017467248906 	89616.88886799998   	143980.80500900003  	0.62242247404019    	0.1148437904791924  	0.07487170247355032 
46069     	0.4558342420937841  	89851.24393999999   	144796.43199700004  	0.6205349310117086  	0.1150996760080588  	0.07510127243784369 
46093     	0.4564270152505447  	90142.47472799999   	145183.51151100005  	0.6208864477091134  	0.1153733510012693  	0.07533393707084159 
46232     	0.45454545454545453 	90315.24539899999   	145401.17549700005  	0.6211452217651665  	0.11500241079691323 	0.07515764777771182 
46279     	0.45464362850971923 	90381.550892        	145467.48099000004  	0.621317907458734   	0.11505998300134425 	0.07525671090734821 
46302     	0.4552319309600863  	90693.111306        	146131.56421900005  	0.6206264320149395  	0.11525348009177298 	0.07546133161958314 
46325     	0.4558189655172414  	90872.447367        	146358.55311100004  	0.620889216485225   	0.11542786433821925 	0.07560374859076967 
46418     	0.45493562231759654 	90939.129885        	146445.89239700005  	0.6209742615277538  	0.11522810068459323 	0.0755033029051972  
46441     	0.4555198285101822  	91205.392584        	146802.86631700004  	0.6212780095659362  	0.11541753649658006 	0.07566065589081014 
46465     	0.45610278372591007 	91351.317705        	146980.39260300004  	0.6215204360743788  	0.11558159675566627 	0.0757566983328017  
46581     	0.4547390841320554  	91530.555217        	147159.63011500004  	0.621981416679779   	0.11522513134555805 	0.07548671855506348 
46604     	0.4553191489361702  	91641.871224        	147270.94612200002  	0.6222671452662727  	0.11536522260431918 	0.07554075691448858 
46720     	0.45396825396825397 	91745.58227         	147376.66527700002  	0.6225244824040543  	0.11497608734564196 	0.07526613206510036 
46744     	0.45454545454545453 	92252.008126        	148610.15112900003  	0.6207651861273008  	0.11508175870894102 	0.07535173766748762 
46767     	0.4551214361140444  	92857.864567        	149963.69121000005  	0.6192023136918354  	0.11517631283410802 	0.07547513289524088 
47051     	0.4509394572025052  	92960.269157        	150075.44572500006  	0.6194235753085249  	0.11403168983037515 	0.07476747193768765 
47102     	0.4510416666666667  	93132.231085        	150266.28170500006  	0.6197812977620318  	0.11397378766375062 	0.07476760384795801 
47153     	0.45114345114345117 	93447.77019400001   	150689.60623800007  	0.6201341454592962  	0.113893335174191   	0.07473113955277597 
47179     	0.4517133956386293  	93521.99411400002   	150770.04387200007  	0.6202955952801725  	0.11392374788095051 	0.07473965128060026 
47256     	0.45134575569358176 	93746.62326000002   	151014.13939400006  	0.620780435767094   	0.1137393452739301  	0.0745948456948619  
47358     	0.4505154639175258  	94256.06050200002   	151722.84020600005  	0.6212384396049063  	0.11343306431240387 	0.07438548925570715 
47384     	0.451081359423275   	94590.10087700002   	152605.30896500006  	0.6198349291943324  	0.11348679853951105 	0.07444174923737373 
47410     	0.45164609053497945 	94652.35654700002   	152673.21769500006  	0.6199669986394727  	0.11354631379470519 	0.07449875701686968 
47538     	0.4503582395087001  	94879.20254700002   	152949.72645000005  	0.6203293379410943  	0.11315176806313314 	0.07426133087711526 
47564     	0.450920245398773   	95045.13110200003   	153158.60170600004  	0.6205667200099321  	0.11323246604513645 	0.07433727322179294 
47589     	0.4514811031664964  	95309.80232300003   	153592.06151400006  	0.6205385967445488  	0.11332988219560373 	0.07442647827199426 
47641     	0.45158002038735984 	95667.37403500003   	154374.24465500005  	0.6197107182535545  	0.11333479447862765 	0.07447413148036702 
47769     	0.45030425963488846 	95816.24156500003   	154523.11218500003  	0.6200770888583046  	0.1129638363167879  	0.07429311754277533 
47794     	0.4508611955420466  	95932.38309100004   	154639.25371100003  	0.6203624292592925  	0.11305715290620498 	0.07441534342062155 
47820     	0.451417004048583   	95968.40657000004   	154675.27719000002  	0.620450845884791   	0.11313899635228794 	0.07453516256479377 
47923     	0.45060483870967744 	96035.45196300003   	154742.32258300003  	0.6206152936052057  	0.112863743909797   	0.07441445631989416 
47948     	0.4511581067472306  	96386.12742400003   	155328.55249100004  	0.6205306486042531  	0.11294345193094822 	0.07453593381916905 
48000     	0.45125628140703516 	96609.70149500003   	155573.60859300004  	0.6209902975751052  	0.1128993603399316  	0.07457716806914838 
48042     	0.45180722891566266 	97355.81330800003   	157294.70535100004  	0.6189389089146544  	0.11300554522325558 	0.07474500996962505 
48063     	0.45235707121364094 	97517.71971700003   	157507.19768200003  	0.6191318311299268  	0.11312863782366701 	0.0749156284345394  
