23513     	1.0                 	104.29275200000001  	107.40882400000001  	0.9709886778017418  	0.0050234975662535085	0.00046599149732076727
23540     	1.0                 	320.69169100000005  	350.94270100000006  	0.913800714721233   	0.011749683376490556	0.0014546108626356023
23567     	1.0                 	430.64054400000003  	460.89155400000004  	0.9343641476233258  	0.015770691570547554	0.0019060111645713817
23621     	0.8                 	526.885133          	557.1361430000001   	0.9457026610459913  	0.014802921897795657	0.0019035375072957092
23648     	0.8333333333333334  	1193.733275         	2033.1828720000003  	0.5871253842630245  	0.019598733103930996	0.010767676519035827
23702     	0.75                	1630.696111         	2946.121637         	0.5535060367230858  	0.021557059161873997	0.0185283161457934  
23756     	0.7                 	1815.484173         	3416.9714630000003  	0.531313823559433   	0.023834968973415038	0.024801126963879684
23837     	0.6153846153846154  	1901.392986         	3502.8802760000003  	0.5428084422489122  	0.023907391041457185	0.02682338416238293 
23864     	0.6428571428571429  	2099.483847         	3863.9629120000004  	0.5433498961596658  	0.027981527104518004	0.033386502508101525
23891     	0.6666666666666666  	2264.201212         	4034.1368010000006  	0.5612603944017811  	0.03244691528354379 	0.039139997478969554
23918     	0.6875              	2348.91937          	4157.372167         	0.5650009851523595  	0.03666437844392764 	0.04441147276535558 
23972     	0.6666666666666666  	2914.164431         	5874.971166         	0.4960304227304186  	0.039465095982430684	0.04969753296923233 
24073     	0.6190476190476191  	3001.5453150000003  	6257.275714         	0.47968883779315596 	0.03995019255394094 	0.05212151481068845 
24146     	0.5833333333333334  	3234.097795         	6527.041094         	0.4954921760754583  	0.0413101840608598  	0.05408016127590439 
24341     	0.46875             	3404.856051         	6720.561655         	0.5066326634272951  	0.03513921610194765 	0.04544695160459964 
24414     	0.45714285714285713 	3500.3851780000005  	6816.090782         	0.5135473235250698  	0.035937011875902654	0.046015660053656184
24439     	0.4722222222222222  	3642.9278910000003  	7021.022654         	0.5188600109308236  	0.03893610167743732 	0.04918979716039244 
24487     	0.47368421052631576 	3797.1378430000004  	7175.2326060000005  	0.5292006617074402  	0.040003453358387266	0.050770954447030565
24536     	0.475               	3939.1843800000006  	7354.501264         	0.5356154331337403  	0.04105104278219869 	0.05228187822298482 
24560     	0.4878048780487805  	4029.8872470000006  	7485.964405000001   	0.5383257291883957  	0.04317447944459994 	0.055076821755359405
24585     	0.5                 	4259.327352         	7749.065297000001   	0.5496569184478249  	0.04561703107984701 	0.05779664890735434 
24634     	0.5                 	4673.915587         	8903.108320000001   	0.5249757072482748  	0.046556766561422804	0.058703516546511694
24658     	0.5111111111111111  	4884.488655         	9183.696643000001   	0.5318652003518709  	0.04893487485760278 	0.06094752402705778 
24707     	0.5106382978723404  	5131.743216         	9541.673608000001   	0.5378242252698107  	0.05056010107887982 	0.06193363629852088 
24804     	0.49019607843137253 	5327.851908         	9881.322808         	0.5391840760112124  	0.05015206065402102 	0.06063334082330553 
24853     	0.49056603773584906 	5410.213194999999   	9963.684095         	0.5429932486232643  	0.05116574329409818 	0.06169723095106252 
24878     	0.5                 	5651.166133         	10256.01978         	0.5510096757048181  	0.053357401526285965	0.06390987067271567 
24951     	0.49122807017543857 	5931.508526         	10598.461336        	0.5596575142329697  	0.053930764071886454	0.06378771917935264 
25051     	0.48333333333333334 	6222.807194         	11567.632936        	0.5379499183997967  	0.054348250549366386	0.06403863614951265 
25102     	0.4838709677419355  	6467.076156         	11838.543106        	0.5462729744779459  	0.05603884965585964 	0.06534407164698429 
25153     	0.484375            	6646.429729         	12073.819558        	0.550482777804654   	0.057729546277967905	0.06629670551199282 
25205     	0.48484848484848486 	6736.0729010000005  	12166.930454        	0.5536378239743657  	0.0592877327124216  	0.06698035529641069 
25230     	0.4925373134328358  	6748.738329000001   	12179.682531999999  	0.5540980490475728  	0.061684387304269395	0.06863327677362834 
25256     	0.5                 	6901.894441         	12341.870837999999  	0.5592259497441356  	0.06423552573588379 	0.07026199535849816 
25282     	0.5072463768115942  	7017.13392          	12503.445666999998  	0.561216012520463   	0.06690229157135971 	0.07189228681941584 
25358     	0.5                 	7248.355907         	12855.197636999997  	0.5638463220618007  	0.06794622528669426 	0.07152950001652061 
25410     	0.5                 	7345.036592         	12951.878321999997  	0.5671020379741954  	0.06976892579204527 	0.07213453386124792 
25487     	0.4935064935064935  	7489.829299         	13136.902083999998  	0.5701366464565636  	0.07022043683788236 	0.07107362642845638 
25564     	0.4875              	7855.208561         	13960.884863999998  	0.5626583585153476  	0.07076776379486326 	0.07046127956566177 
25589     	0.49382716049382713 	8044.648144000001   	14204.682841999998  	0.5663377516753711  	0.07292852772853782 	0.07160408100822502 
25692     	0.4823529411764706  	8168.740027000001   	14328.774724999997  	0.5700934088068024  	0.07205537323698084 	0.0695824351228553  
25794     	0.47191011235955055 	8292.625565         	14452.660262999998  	0.5737784888107974  	0.0708220119157709  	0.06715489766152605 
25871     	0.4673913043478261  	8463.230495         	14648.301591999998  	0.577761895592189   	0.07015005777133779 	0.06553750208104409 
25897     	0.4731182795698925  	8662.981024         	14891.505905999999  	0.5817397567904508  	0.07121012819765811 	0.06543359131426095 
25974     	0.46875             	8840.635145         	15104.312550999999  	0.5853053632960405  	0.07074692474185036 	0.06395650509520262 
26000     	0.4742268041237113  	9089.873556         	15455.106518999999  	0.5881469367309251  	0.07201024948393017 	0.06391695249448098 
26040     	0.47959183673469385 	9303.861141000001   	15765.018667999999  	0.590158586991405   	0.07345600635634257 	0.06393606318166732 
26060     	0.48484848484848486 	9506.250704000002   	16017.161272        	0.5935040886813144  	0.07505970040153787 	0.06399240311170205 
26080     	0.49                	9926.218593000001   	16847.155071999998  	0.5891925699370688  	0.07683080918992316 	0.0643779200707634  
26140     	0.4854368932038835  	10136.109885000002  	17134.758050999997  	0.5915525538692069  	0.07723173098289854 	0.0635531903963645  
26160     	0.49038461538461536 	10577.981812000002  	17821.541001999998  	0.5935503451027553  	0.07944307703744947 	0.06418470145572598 
26180     	0.49523809523809526 	10766.895290000002  	18052.631444        	0.5964169447207379  	0.08158308491796763 	0.06482087062359845 
26220     	0.4953271028037383  	10918.377331000002  	18234.040761        	0.5987908809742735  	0.08303961690233377 	0.06484921203695529 
26240     	0.5                 	11039.010389000001  	18354.673819        	0.601427761553184   	0.08536037615831679 	0.06548340770638202 
26300     	0.4954954954954955  	11632.122626        	19920.877604        	0.5839161736360619  	0.0861052092966418  	0.06536205467163157 
26360     	0.49122807017543857 	11954.748216        	20295.464349        	0.5890354618365278  	0.08687884571677017 	0.06525027171162527 
26400     	0.49137931034482757 	12181.208595        	20557.687713000003  	0.5925378751277074  	0.08841564701803481 	0.06573147319117269 
26420     	0.49572649572649574 	12259.571846        	20636.050964000002  	0.5940851700447467  	0.09073137014047428 	0.06676694313372832 
26500     	0.48760330578512395 	12518.450099000002  	21120.334213000002  	0.5927202653495245  	0.09020409456086478 	0.06572473406648617 
26520     	0.4918032786885246  	12716.101465000002  	21343.710765000003  	0.5957774449348429  	0.09194358267462463 	0.06634201784681967 
26560     	0.49193548387096775 	12784.406259000001  	21418.109224000003  	0.5968970521765045  	0.09283123165199175 	0.06639700215397681 
26580     	0.496               	12882.295821000002  	21526.818214000003  	0.5984300927771099  	0.0945183110081838  	0.06698927275106949 
26620     	0.49606299212598426 	13113.099174        	21839.352398000003  	0.6004344329917433  	0.09559565785838313 	0.06707836462898885 
26640     	0.5                 	13568.440727000001  	22977.940858        	0.5904985486232555  	0.09737103350016099 	0.06793541823068479 
26740     	0.48872180451127817 	14082.95455         	23803.748887        	0.5916275884464215  	0.09603745349139335 	0.06696358257446203 
26820     	0.48175182481751827 	14246.880216        	23994.874016        	0.5937468230297875  	0.09560430104741215 	0.06656076196838238 
26840     	0.4855072463768116  	14499.474159        	24356.391309000002  	0.5953046974426895  	0.09745308421030247 	0.06767640278001652 
26860     	0.4892086330935252  	14802.557676        	24739.883403000003  	0.5983277057079831  	0.09944932982959905 	0.06880619106221925 
27050     	0.46938775510204084 	14911.629573        	24889.616123000003  	0.5991104683699986  	0.09618036954541029 	0.066532636460823   
27175     	0.4605263157894737  	14952.510727        	24954.927198000005  	0.5991806992006917  	0.0948861018120839  	0.06566273401215217 
27300     	0.45222929936305734 	15132.431631000001  	25178.062996000004  	0.6010165132005614  	0.0930711513300732  	0.06421651901072094 
27350     	0.4528301886792453  	15390.504260000002  	25527.857900000003  	0.6028905488384123  	0.0930767455394217  	0.0640534337457472  
27400     	0.453416149068323   	15496.148100000002  	25633.501740000003  	0.604527163599303   	0.09292678610704132 	0.06386834228184358 
27425     	0.4567901234567901  	15776.894464000003  	25973.623338000005  	0.6074198527749514  	0.09346452820331051 	0.0641021277042309  
27475     	0.4573170731707317  	15834.115450000003  	26034.820856000006  	0.608189913715149   	0.0934469113571804  	0.06394250101548127 
27525     	0.4578313253012048  	15916.800479000003  	26154.446613000007  	0.608569575740463   	0.09347107503836354 	0.06379928936802343 
27700     	0.44508670520231214 	16141.703603000004  	26425.723813000008  	0.6108329791541668  	0.09084627768894647 	0.06181829264579501 
27750     	0.44571428571428573 	16296.168025000003  	26580.18823500001   	0.6130945304421016  	0.09088336949513576 	0.06150578119891079 
27775     	0.44886363636363635 	16515.155908000004  	26835.700902000008  	0.6154173490124555  	0.09155464119276231 	0.06156190246664988 
27800     	0.4519774011299435  	16584.371203000006  	26946.409750000006  	0.6154575454342299  	0.0922327345132555  	0.06163645232458406 
27850     	0.45251396648044695 	16742.410302000008  	27146.808197000006  	0.6167358674545839  	0.09247331731594494 	0.061381309680793014
27875     	0.45555555555555555 	17042.591868000007  	27498.018460000007  	0.619775271908811   	0.09336410988960932 	0.061490588876958616
27900     	0.4585635359116022  	17203.276423000007  	27721.030720000006  	0.6205857421668051  	0.09433066116691573 	0.06162220728409688 
28100     	0.44680851063829785 	17361.501746000005  	27916.309007000007  	0.6219125079052038  	0.09214388036199733 	0.059607712262242936
28150     	0.4473684210526316  	17633.828516000005  	28263.61631100001   	0.623905600824939   	0.09233201448718202 	0.059213159007179175
28200     	0.4479166666666667  	17902.747186000004  	28677.991996000008  	0.6242678074705186  	0.09263314238099572 	0.05887065969006953 
28325     	0.4416243654822335  	17986.753337000006  	28761.99814700001   	0.6253652213268116  	0.0913792813145743  	0.05763385322160493 
28350     	0.4444444444444444  	18327.170882000006  	29468.236472000008  	0.6219296800951775  	0.09207338146090834 	0.05773566641575446 
28375     	0.4472361809045226  	18382.203666000005  	29537.25505600001   	0.6223396057334706  	0.09278284179211606 	0.057841704808104764
28425     	0.44776119402985076 	18621.651826000005  	29816.158261000008  	0.6245490000084085  	0.0931077366283376  	0.05765499643367637 
28475     	0.4482758620689655  	18691.175206000004  	29890.70440900001   	0.6253173210723044  	0.09343124225162265 	0.05746370841697549 
28500     	0.45098039215686275 	18742.225395000005  	29942.95248700001   	0.6259311069319935  	0.09411668848957927 	0.05753648058821364 
28550     	0.45145631067961167 	18985.571649000005  	30203.43182400001   	0.6285898820912742  	0.09431120122249344 	0.057307165211673707
28600     	0.4519230769230769  	19167.549816000006  	30621.95281500001   	0.6259414587893584  	0.09438604008279892 	0.05711026081360849 
28675     	0.45023696682464454 	19268.075817000004  	30749.61988500001   	0.6266118374490598  	0.09398314296987653 	0.05664499716242052 
28750     	0.4485981308411215  	19363.509282000003  	30846.58272300001   	0.6277359620637027  	0.09360974538732729 	0.0561845327800297  
28775     	0.4511627906976744  	19491.737654000004  	31003.07799700001   	0.6287033066809078  	0.09415636322748193 	0.05626460075510599 
28800     	0.4537037037037037  	19632.415198000002  	31147.777666000013  	0.6302990668714759  	0.09477119781961742 	0.05634973979254964 
28925     	0.4479638009049774  	19692.926469        	31252.21001400001   	0.6301290839968817  	0.09329785007476302 	0.05533746871593661 
29075     	0.4424778761061947  	20034.452367        	31926.07324400001   	0.6275263548349201  	0.09172434146459607 	0.054424602934430924
29125     	0.44298245614035087 	20271.528441000002  	32389.63842300001   	0.6258646106591023  	0.09140580739499249 	0.054302026762361816
29150     	0.44541484716157204 	20600.484201000003  	32822.43247300001   	0.6276342930386444  	0.09158099163747978 	0.05445285807432748 
29375     	0.4327731092436975  	20781.313214        	33072.503710000005  	0.6283562138573874  	0.08864351738635023 	0.052732941366992435
29425     	0.43333333333333335 	20903.762592000003  	33241.178866        	0.6288514217942177  	0.08839010268549852 	0.05262669484039417 
29475     	0.43388429752066116 	21407.115855000004  	34211.909121000004  	0.6257211715162617  	0.0881344351818919  	0.052636044172253746
29500     	0.43621399176954734 	21640.624993000005  	34566.065472        	0.6260656137022549  	0.08831534976679824 	0.05289251024554755 
29550     	0.43673469387755104 	21975.658885000004  	35063.169183000005  	0.6267447979475472  	0.08823083050430706 	0.05295494571343002 
29625     	0.43548387096774194 	22072.304839000004  	35166.96966         	0.6276430711090164  	0.08777100034995415 	0.052802483606444024
29650     	0.43775100401606426 	22126.245884000004  	35220.910705        	0.628213338074161   	0.0880448316639662  	0.053077900920215616
29725     	0.4365079365079365  	22657.212539000004  	36695.364762000005  	0.6174407227166399  	0.08770230735902854 	0.05316871671921804 
29750     	0.43873517786561267 	23022.056109000005  	37181.197035000005  	0.6191854470776859  	0.08820052704943414 	0.05370782519127192 
29775     	0.4409448818897638  	23108.904695000005  	37270.084309000005  	0.6200389702209407  	0.08865558562711122 	0.0542138166771202  
29925     	0.4346153846153846  	23295.796194000006  	37522.674181        	0.6208458406143151  	0.08735404012819824 	0.05355792045827695 
30205     	0.4222222222222222  	23453.572631000006  	38021.789509        	0.6168455754942411  	0.08472055504545252 	0.052184538299517344
30282     	0.42124542124542125 	23551.656650000008  	38119.873528000004  	0.6178314477539052  	0.08431174516855687 	0.05206724745837309 
30307     	0.4233576642335766  	23663.49601900001   	38231.712897000005  	0.6189494068118736  	0.08454501446513348 	0.052332269292564786
30358     	0.42391304347826086 	23747.275147000008  	38361.450451000004  	0.6190400745491355  	0.08442825958607393 	0.052401510983162355
30384     	0.4259927797833935  	24052.23993400001   	38949.30435300001   	0.6175268168081524  	0.08450601614717976 	0.05269544121383774 
30410     	0.42805755395683454 	24166.712593000007  	39081.57799800001   	0.6183658345176526  	0.08461356552901832 	0.05299215707819427 
30538     	0.42402826855123676 	24261.840451000007  	39176.70585600001   	0.6192925086702828  	0.0834483500745272  	0.052504882977559716
30589     	0.4245614035087719  	24312.110038000006  	39226.97544300001   	0.6197803874358726  	0.08320543577806354 	0.05258380029478708 
30666     	0.4236111111111111  	24524.592186000005  	39526.85502000001   	0.6204539211022714  	0.08274645776232442 	0.05249651369439054 
30769     	0.4212328767123288  	24613.391937000004  	39615.65477100001   	0.6213046857177742  	0.08198161602861731 	0.05216633883464246 
30794     	0.4232081911262799  	24906.843577000003  	39964.043193000005  	0.6232313246364076  	0.08213711179955337 	0.052387821804223085
30820     	0.42517006802721086 	25084.091569000004  	40277.190513        	0.6227865263070863  	0.08231719663218992 	0.052637379453020966
30871     	0.42567567567567566 	25204.854763000003  	40410.806473000004  	0.6237157078228648  	0.08225625730291256 	0.052712501822763186
30974     	0.42333333333333334 	25277.488209000003  	40488.099949        	0.6243189539850047  	0.08165916617663707 	0.05243309520511716 
31078     	0.42244224422442245 	25561.455606000003  	40881.591704000006  	0.6252558802278477  	0.08141218731754692 	0.05235545449596219 
31105     	0.4243421052631579  	25776.796942000004  	41217.893672000006  	0.6253788014284342  	0.08175738083196833 	0.0526494560856396  
31131     	0.4262295081967213  	26131.494477000004  	41855.969154000006  	0.6243194221797806  	0.08213920533214326 	0.05301040177298106 
31157     	0.42810457516339867 	26219.456766000003  	41959.220048        	0.6248795076744941  	0.08246747775252782 	0.053360633900184945
31210     	0.42857142857142855 	26523.191043000003  	42633.840515        	0.6221159229994366  	0.08254349252590289 	0.053556848405282305
31236     	0.43042071197411    	26724.946865        	42896.86956000001   	0.6230045954197129  	0.08293892755625408 	0.053941504969643096
31394     	0.4253968253968254  	26994.702262000003  	43225.01263600001   	0.6245157749130982  	0.08203267873175867 	0.053457453175783015
31447     	0.42586750788643535 	27150.429486        	43465.835126000005  	0.6246383948978678  	0.0822331767216619  	0.053676244017967556
31500     	0.4263322884012539  	27696.066757        	44291.487334000005  	0.6253135404585823  	0.08241347150029345 	0.05377843082970929 
31578     	0.4254658385093168  	28028.881051        	45002.71273000001   	0.6228264775762107  	0.08230578875988177 	0.053704723098153266
31657     	0.4246153846153846  	28224.140084        	45290.01113700001   	0.6231868656120086  	0.08222388317712698 	0.053650183864290435
31684     	0.4263803680981595  	28405.860352        	45742.51376900001   	0.6209947379684855  	0.08259327787103314 	0.05395345967134394 
31736     	0.4268292682926829  	28619.101539        	46330.83313900001   	0.6177117828453043  	0.08265750342623679 	0.05412752505260733 
31868     	0.42342342342342343 	28859.018559        	46670.99691500001   	0.6183501631979226  	0.0818970975702683  	0.053737211301798045
31947     	0.4226190476190476  	29203.416734        	47101.00791700001   	0.6200168112211396  	0.08173728460813927 	0.0536902879155858  
31973     	0.42433234421364985 	29482.829186        	47455.51400600001   	0.6212729922653952  	0.08213294288331692 	0.05397970153974703 
32086     	0.4222873900293255  	29790.490481999997  	48347.48586600001   	0.6161745527899296  	0.08180209543646046 	0.05380673403842993 
32282     	0.4142857142857143  	29980.619302999996  	48684.13378400001   	0.6158190969570685  	0.08019156886996782 	0.05275511894199569 
32326     	0.4147727272727273  	30088.975738999994  	48798.86670100001   	0.6165916910194021  	0.08019438453197335 	0.05277106086498544 
32391     	0.4140845070422535  	30346.000700999994  	49137.654768000015  	0.6175712057133477  	0.08002749065944655 	0.052654291366040794
32434     	0.41456582633053224 	30504.721220999993  	49507.234612000015  	0.6161669392377247  	0.08010742146025374 	0.05271901463392677 
32456     	0.41620111731843573 	30658.080626999992  	49783.81265900002   	0.6158242808158559  	0.08040698850732497 	0.052927581060426256
32478     	0.4178272980501393  	30804.560747999993  	49980.29559300002   	0.6163341049210266  	0.08066659769825668 	0.05312646172923254 
32543     	0.4171270718232044  	30854.67571899999   	50030.41056400002   	0.6167184192808093  	0.08048371160551582 	0.053030152112745865
32586     	0.4175824175824176  	31196.523995999993  	50471.16315900002   	0.618105905301234   	0.08061111144948095 	0.053098075433127515
32652     	0.41689373297002724 	31453.859443999994  	50798.186106000016  	0.6191925707419075  	0.0805500517122481  	0.05294933797385262 
32673     	0.41847826086956524 	31696.615880999994  	51170.88930800001   	0.6194267152602442  	0.08098600354740784 	0.05311303429844422 
32760     	0.4166666666666667  	31962.605035999994  	51548.82523900001   	0.6200452655867358  	0.08080180727527665 	0.05285171396860862 
32826     	0.416               	32002.241957999995  	51588.46216100001   	0.6203371959048847  	0.08070165608753248 	0.052658125219751876
32847     	0.4175531914893617  	32218.240349999996  	51908.19035800001   	0.6206773946037704  	0.0810712452970844  	0.05276468580733074 
32869     	0.41909814323607425 	32248.820488999998  	51942.103093000005  	0.620860892583805   	0.08144604050108883 	0.052871186603565844
32891     	0.42063492063492064 	32729.851486999996  	52948.831790000004  	0.6181411445829369  	0.08179847685209438 	0.05306469431788705 
32934     	0.42105263157894735 	33143.418301        	53692.036927        	0.6172874079272124  	0.08199804542080832 	0.05318444522878627 
32956     	0.4225721784776903  	33314.094013999995  	54025.697484000004  	0.6166342234427633  	0.08243512956258768 	0.05347365102254601 
32978     	0.42408376963350786 	33595.798062999995  	55064.195459        	0.6101205653320575  	0.08289311422789922 	0.053853865055043956
33047     	0.4244791666666667  	34127.982944999996  	56190.275423        	0.6073645784450206  	0.08319127100225815 	0.05416589312375907 
33119     	0.42377260981912146 	34222.717346        	56327.170675        	0.607570324159549   	0.08319863809865752 	0.054323634212773475
33166     	0.4241645244215938  	34389.286283999994  	56532.277113000004  	0.6083124197396239  	0.08342956286382919 	0.054596416969951274
33285     	0.4213197969543147  	34540.844016999996  	56701.489399000006  	0.6091699597860857  	0.08297535739043423 	0.054433860594731626
33333     	0.4217171717171717  	34626.78402399999   	56803.68741600001   	0.6095869053431661  	0.08318197858334565 	0.054689546484386356
33357     	0.42317380352644834 	35017.861463999994  	57319.84834700001   	0.6109203438922348  	0.08366009881688855 	0.055112451696325476
33380     	0.42462311557788945 	35109.43419099999   	57411.421074000005  	0.6115409361796839  	0.08415479747536567 	0.05553581414163005 
33404     	0.42606516290726815 	35152.531365999996  	57454.51824900001   	0.6118323229803049  	0.08466297434939618 	0.055957596836381844
33428     	0.4275              	35413.96124799999   	57786.68478000001   	0.6128394695564328  	0.0851827898919437  	0.0562977133853685  
33452     	0.428927680798005   	35566.58480699999   	57969.85223600001   	0.6135358886582204  	0.08574007579958298 	0.056643894852554735
33523     	0.4282178217821782  	35752.20685399999   	58177.20945500001   	0.6145397345270448  	0.08590580793646564 	0.05671047399167796 
33595     	0.4275184275184275  	35834.80905799999   	58262.81410900001   	0.6150545524793746  	0.08603410023649659 	0.05671376441188564 
33619     	0.42892156862745096 	35961.40000999999   	58408.74773200001   	0.6156851739914646  	0.08662110113791631 	0.05700121043810398 
33642     	0.43031784841075793 	36150.206716999994  	58658.59724800001   	0.6162814730151521  	0.08726110518179339 	0.05729603881677937 
33690     	0.4306569343065693  	36268.49254099999   	58796.562370000014  	0.6168471604303417  	0.08772058127423923 	0.05745559536091048 
33714     	0.4320388349514563  	36313.645121999994  	58841.714951000016  	0.617141175308026   	0.08837892247828974 	0.05775273667397262 
33785     	0.43132530120481927 	36357.952439999994  	58895.537137000014  	0.6173294990998358  	0.08854414006001439 	0.05775071819474257 
33904     	0.42857142857142855 	36432.796501        	58974.72918200002   	0.617769627878509   	0.08830449190946124 	0.05747433490631566 
33928     	0.42992874109263657 	36504.835759999994  	59198.05414900002   	0.616656008120102   	0.08891514155407834 	0.0577661111535034  
33952     	0.4312796208530806  	36568.513915999996  	59271.136179000016  	0.6169700173379898  	0.089483412988312   	0.05804974497040618 
34056     	0.4295774647887324  	36691.466006999995  	59466.29529200002   	0.6170128108171569  	0.08933348361553516 	0.05790234487170943 
34075     	0.4309133489461358  	36783.216508        	59574.374594000015  	0.6174335317605598  	0.0897941800322068  	0.0581599743733774  
34094     	0.4322429906542056  	37050.429883        	60099.28207300002   	0.6164870628237528  	0.09028820852161618 	0.05844976592265741 
34113     	0.43356643356643354 	37185.634903        	60274.81657800002   	0.6169348496461879  	0.09078856624367264 	0.05874907724382833 
34150     	0.43387470997679817 	37339.958462999995  	60475.73653700002   	0.6174370185661949  	0.09106979096390319 	0.05892379981911064 
34264     	0.4302059496567506  	37400.43968999999   	60543.69121000002   	0.6177429711094746  	0.0904015761470511  	0.05846343750627676 
34301     	0.4305239179954442  	37479.61553899999   	60651.94002700002   	0.6179458649190025  	0.09058310068771382 	0.05854812142256511 
34320     	0.4318181818181818  	37576.708503999995  	60835.43369600002   	0.617677991608872   	0.09098360446095662 	0.0587800056772143  
34339     	0.4331065759637188  	37885.007334999995  	61665.49351000002   	0.614363158041642   	0.09139490242926901 	0.05907290342732389 
34396     	0.43243243243243246 	38093.53971599999   	62002.26429200002   	0.614389492883651   	0.09131082662810203 	0.05909911358712106 
34415     	0.4337078651685393  	38286.947177999995  	62212.02574300002   	0.6154267880001958  	0.09167327684291827 	0.05939503676520486 
34433     	0.4349775784753363  	38392.244889999994  	62317.32345500002   	0.616076602162213   	0.09205106169669301 	0.05969605522957547 
34490     	0.43429844097995546 	38519.84941999999   	62561.71909700002   	0.6157095740971591  	0.09201308644962167 	0.059727849151316265
34528     	0.43458980044345896 	38788.39088099999   	62870.20516800002   	0.6169598266356969  	0.09217212761623637 	0.05989281015390186 
34603     	0.432967032967033   	39052.31023099999   	63218.300987000024  	0.6177374213051148  	0.09196423570102163 	0.05978053480770317 
34905     	0.42038216560509556 	39181.32751799999   	63386.23997700003   	0.6181361685472605  	0.08938286473117163 	0.05812452954469029 
34924     	0.4216101694915254  	39853.35363299999   	64565.57635700003   	0.617253897225982   	0.08979952475968578 	0.05844455101215676 
34943     	0.42283298097251587 	39968.79506399999   	64974.885348000025  	0.6151422176419471  	0.09022195929900985 	0.05880447051668934 
34962     	0.4240506329113924  	40197.37160599999   	65339.53718700002   	0.6152074737070172  	0.0906763557275328  	0.059173133946141813
35040     	0.42348008385744235 	40540.73670899999   	66579.40065200003   	0.6089081053898336  	0.09069222752641148 	0.05931395799122802 
35081     	0.42379958246346555 	40654.23933299999   	66782.29265200003   	0.6087577667458599  	0.09089993214105656 	0.059584694024401294
35163     	0.422360248447205   	41006.07941999999   	67210.70185400003   	0.6101123524803591  	0.09079447217255115 	0.059602046325189104
35244     	0.4209445585215606  	41123.699315999984  	67333.09817300003   	0.6107501426763431  	0.09063973636771283 	0.05960868741615593 
35265     	0.42213114754098363 	41155.282214999985  	67364.96686700004   	0.6109300446366085  	0.09102075993854802 	0.05995250176545497 
35306     	0.42244897959183675 	41293.93998099998   	67536.69244100004   	0.6114297056681346  	0.09123950488844453 	0.06017564520432946 
35326     	0.42362525458248473 	41476.53695299998   	67750.46336200004   	0.6121956204400425  	0.09165194956967956 	0.06052205661532813 
35428     	0.4213709677419355  	41662.05394599998   	68166.07906300004   	0.611184543964973   	0.09118423833795856 	0.060308752418261   
35489     	0.42084168336673344 	41872.106101999976  	68444.65294200004   	0.611765920377774   	0.09110362627475162 	0.060309343922833686
35510     	0.422               	42139.41959399998   	68793.55583400004   	0.612548938387239   	0.09141443977059684 	0.0605684008356816  
35551     	0.42231075697211157 	42454.85836899998   	69184.03405000005   	0.6136510967012619  	0.09160945098576925 	0.06071901722213835 
35612     	0.42178217821782177 	42676.40480699998   	69508.02833400005   	0.6139780659858639  	0.09166908784191434 	0.06075999486954703 
35734     	0.4187866927592955  	42819.08866199998   	69691.77643100005   	0.6144066180375529  	0.09119430936084391 	0.060392695357235716
35775     	0.4191033138401559  	42992.70191399998   	69905.59803200005   	0.6150108592779594  	0.09142577761026445 	0.060505836094162165
35857     	0.41779497098646035 	43185.88528699998   	70258.91580100005   	0.6146676872913727  	0.09131421710579997 	0.06040729345489312 
35897     	0.41811175337186895 	43331.567549999985  	70451.40501400005   	0.6150561162178266  	0.09152267554424819 	0.06041547192142178 
35918     	0.41923076923076924 	43605.37905299998   	70803.12450700004   	0.6158680052133699  	0.09195199679498806 	0.060547800473569814
35938     	0.42034548944337813 	43702.534474999986  	70900.27992900004   	0.6163943854490274  	0.09231954775501561 	0.06065568843418729 
35979     	0.42065009560229444 	44064.10426699999   	71316.84971100005   	0.6178638631061609  	0.09256859812537388 	0.060653886492119814
36000     	0.4217557251908397  	44359.57237099999   	71722.15787000004   	0.618491881566139   	0.09303793403413639 	0.060714409446431986
36060     	0.4228571428571429  	44670.95887899999   	72084.63430100004   	0.6197015398936451  	0.093555045509158   	0.060777722442282085
36121     	0.42314990512333966 	44701.19287399999   	72119.57267400004   	0.6198205454719132  	0.09387546214578162 	0.060722377612570454
36151     	0.42424242424242425 	45060.60118599999   	72755.03928400004   	0.6193468057945165  	0.09438745875758377 	0.060801461261822044
36181     	0.42533081285444235 	45306.620127999995  	73197.22796700004   	0.6189663377474603  	0.09492586217271715 	0.06090911875902657 
36272     	0.424812030075188   	45631.222203        	73603.22774700004   	0.6199622435017446  	0.0951162844076802  	0.06077146215554494 
36363     	0.42429906542056073 	45852.475431        	74090.02067300004   	0.6188751874341102  	0.09529794647124795 	0.06066436555204538 
36393     	0.4253731343283582  	46129.893112        	74539.70317400004   	0.6188633861918895  	0.09588955280587251 	0.060804621176528524
36454     	0.4256505576208178  	46289.37285         	74725.94312500003   	0.6194551840258219  	0.09625089732579242 	0.06081626754470325 
36484     	0.4267161410018553  	46314.249451        	74752.72955900003   	0.6195659974455594  	0.09679277758083739 	0.06094100457070146 
36515     	0.42777777777777776 	46692.435614        	75334.98239300003   	0.6197975247464659  	0.09730344958464661 	0.06107748950986557 
36575     	0.4280442804428044  	46975.868983        	75807.15044700002   	0.6196759633623588  	0.09763019824823498 	0.06110905025364543 
36666     	0.42752293577981654 	47320.194007        	76326.69905200003   	0.6199690880744311  	0.09784063803740817 	0.061049860471095875
36878     	0.42391304347826086 	47534.950757        	76770.42861100002   	0.6191830841255583  	0.09701754779132413 	0.06049213568678467 
36909     	0.42495479204339964 	47719.741504        	77022.52760200003   	0.6195556415725945  	0.09727527736708859 	0.060573810498256   
36969     	0.4252252252252252  	47858.896904        	77170.49753000004   	0.6201708999659469  	0.09736494538736741 	0.06053929918863449 
37000     	0.4262589928057554  	48264.973797        	77924.66715100003   	0.6193799160344646  	0.09765835474545598 	0.0606639057723223  
37037     	0.4272890484739677  	48501.287222        	78239.98774400003   	0.6199040748919264  	0.09790490317822786 	0.06079415973548374 
37111     	0.42602495543672014 	48615.108502999996  	78353.80902500002   	0.6204562242467189  	0.0976315774200002  	0.06060587164714596 
37129     	0.42704626334519574 	49132.232600999996  	79924.64963500002   	0.6147319109358268  	0.09791894295043291 	0.06085880236574144 
37166     	0.42730496453900707 	49250.765278        	80064.43002000003   	0.61513914812979    	0.0979868709490575  	0.060984527119168616
37277     	0.4245614035087719  	49470.719234        	80376.92968400003   	0.6154840627589651  	0.097284629711192   	0.060690812227424396
37296     	0.425569176882662   	49800.043297        	80811.89824500003   	0.616246423837485   	0.09749759061796835 	0.060943559853978764
37370     	0.42434782608695654 	49905.52129         	80919.06804100004   	0.6167337624886373  	0.09715489491508437 	0.06084565520420005 
37462     	0.4224137931034483  	50079.800427999995  	81547.17483300004   	0.6141206060241585  	0.09665727299305976 	0.0606957201124731  
37518     	0.4219554030874786  	50307.319148999995  	81845.77592100004   	0.6146599330618859  	0.09650935845191733 	0.06076105061109457 
37592     	0.42078364565587734 	50429.016588        	82009.97443700004   	0.6149132094503883  	0.09618993106149558 	0.060726868645817784
37629     	0.42105263157894735 	50685.083993        	82394.79334400003   	0.6151491124128279  	0.09623458088950855 	0.060910942712162054
37648     	0.42203389830508475 	50807.518066        	82518.42294100004   	0.6157112103599814  	0.09646512969249961 	0.06119830832589823 
37740     	0.42016806722689076 	50901.849203        	82623.82967800004   	0.6160674154341875  	0.09603429727305102 	0.06104751801374853 
37777     	0.4204355108877722  	50932.081263        	82654.06173800003   	0.616207844987055   	0.09609777340575287 	0.06120550152435515 
37814     	0.42070116861435725 	51037.279419        	82759.25989400003   	0.6166956964618789  	0.09618279184130862 	0.061363233032411264
37870     	0.420265780730897   	51215.710639        	83650.74233400004   	0.6122564989860616  	0.09611797059672464 	0.06147926920942657 
37925     	0.41983471074380163 	51438.174965        	83941.62211600004   	0.6127850959791663  	0.09609945194543446 	0.0616001203203868  
37962     	0.4200988467874794  	51494.468034        	84014.25602700004   	0.6129253589706369  	0.0962481078181989  	0.06182332545532967 
38093     	0.41830065359477125 	51538.762495999996  	84058.55048900004   	0.6131293270723767  	0.09585050629893699 	0.06169739958956038 
38162     	0.41788617886178864 	51632.651244999994  	84154.68925000004   	0.6135445535496403  	0.09576106680781785 	0.0617644968973962  
38186     	0.41883116883116883 	51843.145251999995  	84777.50366500004   	0.6115200732597552  	0.0959619455205982  	0.06196053657389104 
38209     	0.419773095623987   	51954.96346099999   	84915.30149200004   	0.6118445385946693  	0.09613083507228501 	0.06214194728224639 
38232     	0.42071197411003236 	52196.69060899999   	85252.91710200004   	0.6122569453729045  	0.0963280638276664  	0.06233616004119048 
38279     	0.42096774193548386 	52515.98750699999   	85633.36327400003   	0.6132655018928221  	0.09637376990029209 	0.06241242121652476 
38325     	0.4212218649517685  	52794.34520699999   	85962.17515500003   	0.6141578561943727  	0.09642737013764921 	0.06244871001141847 
38488     	0.41812400635930047 	52908.889597999994  	86124.10030000003   	0.614333147326939   	0.09558287885614186 	0.06191773031716196 
38558     	0.4177215189873418  	53422.163909999996  	86872.41756700004   	0.6149496630365828  	0.09535249816017966 	0.06180328034426729 
38581     	0.4186413902053712  	53515.625826999996  	86988.55755700004   	0.6152030488829913  	0.09540727960862001 	0.061883881377639643
38604     	0.4195583596214511  	53866.450680999995  	87627.17767600004   	0.6147231042881497  	0.09547799294361131 	0.062004971368620244
38651     	0.419811320754717   	54189.231072999995  	88126.60448300003   	0.6149020649428665  	0.09543553470740006 	0.062042375222565366
38674     	0.4207221350078493  	54361.755466999995  	88362.84276500004   	0.6152105768210113  	0.09555229125682005 	0.0621799543411289  
38697     	0.4216300940438871  	54803.445868999996  	89144.25472600004   	0.6147726069105369  	0.09571315810315568 	0.06235361416929628 
38790     	0.4205607476635514  	55104.02000799999   	89505.27819700004   	0.6156510668199557  	0.095461504503194   	0.06219578442081392 
38813     	0.4214618973561431  	55273.266342999996  	89689.68091000004   	0.61627230448578    	0.09568377302393319 	0.06233290948911    
38906     	0.42040185471406494 	55390.57659         	89842.82739900005   	0.616527531396641   	0.09544322154956489 	0.06215612358936124 
38930     	0.4212962962962963  	55618.028616999996  	90103.53238000005   	0.6172680154473648  	0.09567197648506495 	0.0622719500893193  
39000     	0.42089093701996927 	55735.179189999995  	90242.52396700004   	0.6176154737247961  	0.09562031471370605 	0.062199232306633406
39061     	0.4211332312404288  	55905.295524999994  	90412.64030200004   	0.6183349511557544  	0.09568666517390541 	0.06221225198941948 
39081     	0.42201834862385323 	56162.515053999996  	90714.41378500004   	0.6191134651116125  	0.09593062823022366 	0.062324911048311074
39122     	0.4222560975609756  	56250.507792        	90851.71585400004   	0.6191463448240795  	0.09603325526441016 	0.062347665538976284
39204     	0.4212121212121212  	56359.902578999994  	90961.11064100004   	0.6196043801777876  	0.09586672911972328 	0.06218176004534509 
39387     	0.4170403587443946  	56495.26469899999   	91179.31446900003   	0.6196061576905995  	0.0949535698217506  	0.06151927193848948 
39408     	0.417910447761194   	56738.24317499999   	91449.44471400003   	0.6204328889305318  	0.09521410921276756 	0.06160580882084592 
39428     	0.4187779433681073  	56943.40144499999   	91740.13024200003   	0.6207032984887831  	0.09550880405816116 	0.061699593232920756
39448     	0.41964285714285715 	57214.93842999999   	92088.73533100003   	0.6213022496654875  	0.09584490392468387 	0.0618001326925378  
39469     	0.42050520059435365 	57689.71561699999   	92816.39036200003   	0.6215466405448443  	0.09617929667735985 	0.061915619062899684
39591     	0.4182621502209131  	57851.494214999984  	93009.12979100003   	0.621998016162473   	0.09577080390275487 	0.06154189721967304 
39632     	0.4185022026431718  	57933.40342199998   	93096.43911500003   	0.6222945149431128  	0.09594571198610403 	0.06153504865031198 
39673     	0.41874084919472915 	58035.00607499998   	93442.69378800003   	0.6210759099760979  	0.09608080622877876 	0.0615304838396619  
39714     	0.41897810218978104 	58315.34004499998   	93839.25519900004   	0.6214386497562632  	0.09624449399527779 	0.061529713415971715
39734     	0.4198250728862974  	58580.95824299998   	94612.35487600004   	0.6191681659311493  	0.09656734398186043 	0.06166514974946535 
39755     	0.42066957787481807 	58738.70362799998   	94810.09401300004   	0.6195406115718641  	0.09690844348468097 	0.06180454684662084 
39795     	0.420899854862119   	58912.45113199998   	95014.45815900005   	0.6200367004505158  	0.09713373378843992 	0.06185860937906792 
39857     	0.42052023121387283 	59020.96947099998   	95131.73606400004   	0.6204130389389039  	0.09721823595580471 	0.061823734929880914
39918     	0.4201438848920863  	59118.31006299998   	95273.64794600004   	0.6205106169179911  	0.0973014886593548  	0.06179034728259655 
40200     	0.4161931818181818  	59320.29101699998   	95500.42803700003   	0.6211520957164436  	0.0963299426136552  	0.061111937957764   
40233     	0.41702127659574467 	59443.17301799998   	95651.43352400004   	0.6214561646175957  	0.09647825598639975 	0.061139239989739746
40266     	0.4178470254957507  	59622.23162599998   	95864.87249400004   	0.6219403424307647  	0.09664930879761358 	0.061170719446209144
40300     	0.4186704384724187  	59784.79910999998   	96196.86691400004   	0.6214838489848902  	0.0968221958099756  	0.06121289073544839 
40366     	0.41889985895627646 	59800.31544199998   	96221.97076900004   	0.6214829624053587  	0.09675450913270803 	0.06111849869356538 
40433     	0.4191279887482419  	60281.166451999976  	96923.85187600003   	0.6219435699802868  	0.09669851768069443 	0.06104698000777128 
40566     	0.41818181818181815 	60335.678976999974  	96978.36440100003   	0.6221560793448255  	0.09635776866942058 	0.060801386056795866
40600     	0.41899441340782123 	60683.03174699997   	97615.69830100003   	0.6216523858681273  	0.09642692671243774 	0.060834696190988045
40633     	0.4198047419804742  	61062.29027299997   	98726.81266500002   	0.6184975350130733  	0.09651431796059429 	0.060928289411381495
40700     	0.4200278164116829  	61108.73147899997   	98773.25387100002   	0.6186769098323852  	0.09642611458061337 	0.060933273919321254
40800     	0.4196675900277008  	61252.516127999974  	98925.69619700003   	0.6191770033745538  	0.09619848883431575 	0.06085062842174097 
40833     	0.42047026279391425 	61434.21137599998   	99417.59257100003   	0.6179410483323275  	0.0962446940688805  	0.06096194762085289 
40866     	0.4212707182320442  	61561.642207999976  	99642.47850100003   	0.6178252802832692  	0.09629884971176375 	0.06108328410962002 
40900     	0.4220689655172414  	61668.603779999976  	99795.65785100004   	0.6179487675914148  	0.09634495757832554 	0.06118516427514163 
41071     	0.42112482853223593 	61739.799060999976  	99875.07445800005   	0.6181702431367208  	0.09600031132674434 	0.06103539612027302 
41107     	0.42191780821917807 	61842.53722099998   	99984.83202900004   	0.6185191890212197  	0.09604830518404253 	0.06113768396487281 
41178     	0.42213114754098363 	62057.07887999998   	100436.11415500005  	0.6178761434779242  	0.09595602715900005 	0.061113642462631075
41250     	0.4223433242506812  	62474.20434599998   	101155.34917100005  	0.6176065315180637  	0.09586916690435027 	0.061114585802414106
41357     	0.42198100407055633 	62688.38149299998   	101446.97050600006  	0.6179423710764462  	0.09562581591715467 	0.061023614320662625
41428     	0.42219215155615697 	62758.732626999976  	101558.23162700006  	0.6179581075958305  	0.09552073830186311 	0.0610196076990867  
41535     	0.42183288409703507 	63019.95993499998   	101917.22184200006  	0.61834456234196    	0.09530406446973239 	0.06094052705407667 
41571     	0.4226110363391655  	63174.00986099998   	102094.34276700005  	0.6187807095754154  	0.09533373604491296 	0.0610237753356511  
41607     	0.42338709677419356 	63441.42215599998   	102404.34055100006  	0.6195188779561983  	0.09538440629582041 	0.06112181959217841 
41642     	0.42416107382550333 	63581.31024699998   	102544.22864200006  	0.6200379201151682  	0.09544837811924368 	0.06122282385532873 
41678     	0.4249329758713137  	63650.35763799998   	102613.27603300006  	0.6202935925905948  	0.09551155776884693 	0.061323567285096914
41714     	0.42570281124497994 	64152.82491299998   	104124.47428500006  	0.6161166752919846  	0.09557282723369111 	0.06147565435570049 
41750     	0.4264705882352941  	64290.230657999986  	104334.72620200006  	0.6161920675722975  	0.09564101846767512 	0.06163332153650545 
42045     	0.42328042328042326 	64380.805278999986  	104425.30082300007  	0.616524968294081   	0.09481746600517033 	0.06121378446945717 
42068     	0.4240422721268164  	64390.950675999986  	104435.44622000007  	0.6165622210332329  	0.09488085729166577 	0.06136541678177151 
42090     	0.42480211081794195 	64446.58926299999   	104491.08480700006  	0.6167663909513033  	0.09494536747821095 	0.06151782088484401 
42159     	0.4244415243101183  	64703.88423599998   	104974.59624700007  	0.6163765953788946  	0.0947741501305904  	0.061526391376386505
42272     	0.42297650130548303 	64892.80973599998   	105196.65360900007  	0.6168714261310694  	0.09436017850016344 	0.061304071986785176
42340     	0.4226267880364109  	65170.52709199998   	105658.56098500008  	0.6168030918124275  	0.09417847929143779 	0.061237823204461375
42363     	0.42337662337662335 	65195.87320299998   	105683.90709600008  	0.6168949937077743  	0.09424432068743309 	0.06133101911193712 
42409     	0.42357512953367876 	65241.15998399998   	105738.92469300008  	0.6170023023538365  	0.09419244205895708 	0.061345252133001515
42477     	0.4232258064516129  	65335.09315199999   	105908.72337100009  	0.6169000160933866  	0.09400904037151878 	0.061275416290529114
42500     	0.42396907216494845 	65556.66889599999   	106257.21768300008  	0.6169620316200721  	0.0940912773429423  	0.06137494021021929 
42522     	0.4247104247104247  	65748.85615699999   	106629.21849100008  	0.6166120045468536  	0.09418872847555242 	0.0614945786008234  
42545     	0.4254498714652956  	65959.51751099998   	106958.42774800007  	0.616683686360875   	0.0943137191727306  	0.06162350447697205 
42568     	0.42618741976893454 	66160.63965699998   	107354.56956200008  	0.6162815418750338  	0.09445918568570257 	0.061767504838922314
42590     	0.4269230769230769  	66779.19786999997   	108648.08854500008  	0.6146375768253045  	0.09461247043984976 	0.061942414435188296
42613     	0.42765685019206146 	66870.09858899997   	108750.02785200007  	0.6148973008080948  	0.09475912997865082 	0.062114851273917485
42681     	0.4272959183673469  	67070.35150399998   	109090.78625400008  	0.6148122477349977  	0.09468104123209511 	0.0621390968450049  
42704     	0.4280254777070064  	67337.58963199997   	109503.19051900008  	0.6149372389320119  	0.09487849676427315 	0.06233175527788241 
42772     	0.4276649746192893  	67555.38128699997   	109816.78806000008  	0.6151644250430094  	0.09485980835693844 	0.06237358162098361 
42795     	0.42839036755386567 	67641.93230599997   	109907.42499300008  	0.615444609955224   	0.09506966111224613 	0.06256334557249921 
42886     	0.4274905422446406  	67865.65002599997   	110164.26858500009  	0.6160404902396868  	0.09491020620528734 	0.06249444050860536 
42931     	0.4276729559748428  	67940.38495699997   	110323.18925800009  	0.615830501401801   	0.09499314417807539 	0.06258930205940463 
42954     	0.42839195979899497 	68311.53571499998   	111012.20207800009  	0.6153515959173794  	0.09522320836508029 	0.0627953496766936  
43000     	0.42857142857142855 	68597.84469399997   	111431.49185500009  	0.6156055487730768  	0.0953667505139943  	0.06293141908637871 
43052     	0.4292866082603254  	68772.95786299997   	111638.48918500009  	0.6160326816053008  	0.09564887406233862 	0.06314804967954976 
43210     	0.42732919254658386 	69204.93752099997   	112386.0249480001   	0.6157788528691215  	0.09528721147451978 	0.06290437521045418 
43236     	0.4280397022332506  	69364.87289199997   	112685.74425700009  	0.6155603208672156  	0.0955258104472367  	0.06306439091145435 
43342     	0.4271604938271605  	69444.15618099997   	112808.23371700008  	0.6155947477664905  	0.09537869824145528 	0.06298508636408709 
43421     	0.4268142681426814  	69657.96947799997   	113225.65023100008  	0.6152136846720293  	0.09536411249459255 	0.0630044612951871  
43473     	0.4269938650306748  	69729.72943599997   	113395.24586700008  	0.6149263922209325  	0.09545124198288053 	0.0630966831893379  
43500     	0.42769607843137253 	70087.31044199996   	113843.58036500007  	0.6156456975201345  	0.0956859396945269  	0.06325141412422361 
43631     	0.42630937880633374 	70367.87524699996   	114240.62796400007  	0.6159619086580524  	0.0954680838821321  	0.06309279929831867 
43657     	0.42700729927007297 	70566.42359199996   	114483.16068300007  	0.6163912943266474  	0.0957380447254706  	0.06324484014984193 
43736     	0.4266666666666667  	70656.11892099996   	114587.69658800006  	0.6166117395224721  	0.09575157744973811 	0.06322205852803124 
43842     	0.42581423401688784 	70725.86928699995   	114657.44695400006  	0.6168449687823137  	0.09560397379110924 	0.06309674096888189 
43921     	0.4254807692307692  	71085.10495499994   	115114.79118200006  	0.6175149537700345  	0.09558407102684494 	0.06304042673019983 
43947     	0.4261704681872749  	71289.52062199994   	115357.51253000007  	0.6179876720509232  	0.09578364378284442 	0.06313143819533436 
44054     	0.4258373205741627  	71563.00412699993   	115730.03175800007  	0.6183615699392824  	0.0957250774927999  	0.0630551041680672  
44081     	0.4265232974910394  	71718.24214799993   	115902.24301900007  	0.6187821760812948  	0.09589982131503819 	0.06312995010232343 
44243     	0.4246737841043891  	72061.98715699994   	116357.07388900008  	0.6193176293324817  	0.09547318899785845 	0.06282311923156213 
44297     	0.42485207100591715 	72183.81574899994   	116519.51832900009  	0.6194997780988457  	0.0954950168821735  	0.06282062634300772 
44324     	0.425531914893617   	72271.77822099994   	116607.48080100009  	0.6197868071975371  	0.09563052407530569 	0.0628934622357806  
44351     	0.42621015348288077 	72370.00673999994   	116705.88983100008  	0.6201058647922378  	0.09577231812661427 	0.06296615107638937 
44378     	0.4268867924528302  	72566.25872799994   	117117.80063500008  	0.619600593031576   	0.09588974802418349 	0.0630490906165608  
44486     	0.426056338028169   	72710.98700999994   	117292.89882200008  	0.6199095404773293  	0.09568525267733573 	0.06291215981549608 
44540     	0.4262295081967213  	72809.72717799994   	117432.56301100008  	0.6200130978251727  	0.09569309141050952 	0.06292175052507806 
44594     	0.4264018691588785  	73407.70326999994   	118523.76175000008  	0.6193500964375178  	0.09571794279851065 	0.06296865438540818 
44729     	0.4250871080139373  	73686.55491799994   	118865.89401600008  	0.6199133530100844  	0.09540195962541344 	0.06279296413576523 
44783     	0.42526071842410196 	73971.81322799994   	119231.34474200007  	0.6204057614888483  	0.09542492544710328 	0.06282520750026406 
44837     	0.4254335260115607  	74189.26364999994   	119491.66110400007  	0.6208739837119596  	0.09545437252116833 	0.06286480233799303 
44945     	0.42462600690448793 	74683.64099399993   	120888.68444300008  	0.6177885162545037  	0.09525942330956089 	0.0627780783421158  
45044     	0.4243119266055046  	74799.09550599993   	121045.11317600007  	0.6179439511716739  	0.09517145505126055 	0.0627480599577389  
45088     	0.4244851258581236  	74899.94136199992   	121146.65935400008  	0.6182584130787825  	0.09517976653653286 	0.06278292789566721 
45133     	0.4246575342465753  	75177.19845099993   	122216.10641100007  	0.6151169486465787  	0.09518187128165617 	0.06286003030120858 
45266     	0.42290249433106575 	75474.61038499993   	122617.47216500007  	0.6155290029420735  	0.0947328714374327  	0.06264825117952282 
45311     	0.4230769230769231  	75672.45641199994   	122904.48713200007  	0.6157013318051384  	0.09470331842676089 	0.06272621998882541 
45333     	0.423728813559322   	75845.52298599994   	123189.40852300006  	0.615682175077894   	0.09478166632493068 	0.06287872615711006 
45355     	0.42437923250564336 	75871.77816299994   	123219.31017500006  	0.6157458441801401  	0.09486184104591656 	0.06303179022336776 
45377     	0.4250281848928974  	76129.97603899994   	123533.67383800006  	0.6162690193998074  	0.09496732343545393 	0.06318783322208947 
45400     	0.42567567567567566 	76245.26418999994   	123648.96198900006  	0.6166268035212685  	0.09508883782609395 	0.06334378163315019 
45444     	0.4258426966292135  	76282.49370699994   	123686.19150600006  	0.616742198770826   	0.09510736349560484 	0.06342836593918245 
45511     	0.425531914893617   	76412.07942399994   	123817.76127600006  	0.6171334276806304  	0.09500381695457388 	0.06337378702585762 
45533     	0.4261744966442953  	76536.03222599994   	123972.34245800006  	0.6173637660507155  	0.09512408396992715 	0.06346319983570194 
45577     	0.4263392857142857  	76573.24168699994   	124010.63247500006  	0.6174731969247615  	0.09514196799683146 	0.06348210919981344 
45644     	0.42602892102335926 	76724.57041699994   	124200.86278300006  	0.6177458730786013  	0.09506286126185971 	0.06343685953140552 
45733     	0.42524916943521596 	76912.04208399994   	124477.03931600007  	0.6178813579326015  	0.09489731021321234 	0.06332807933033717 
45777     	0.425414364640884   	76966.29349399994   	124531.91301000006  	0.6180447375591143  	0.09494934534521228 	0.06336001147857638 
45800     	0.4260485651214128  	77355.99039099994   	124995.56620100007  	0.6188698746850513  	0.09513934271086505 	0.06345954761211103 
45888     	0.42527472527472526 	77643.75515699993   	125386.72261100006  	0.6192342661182877  	0.09504921403275719 	0.0633556160723269  
45955     	0.4249726177437021  	77925.38401099993   	125685.99810600006  	0.6200005186359728  	0.09507555515532977 	0.06329640729167425 
46046     	0.42467248908296945 	78255.30169099993   	126449.92076800005  	0.6188639835890157  	0.09506250313438513 	0.06324950238602772 
46232     	0.42207792207792205 	78428.07236199993   	126752.04244300006  	0.618751941589176   	0.09451592836131899 	0.06286462111092897 
46279     	0.4222462203023758  	78494.37785499994   	126832.73517900005  	0.618881062087167   	0.0945487099284101  	0.0628864433987156  
46302     	0.4228694714131607  	78805.93826899995   	127341.96541800005  	0.6188528503570635  	0.09469671541553022 	0.06299100485730337 
46325     	0.4234913793103448  	78985.27432999994   	127561.76884000005  	0.6191923728266162  	0.09484614888916942 	0.06305057276750224 
46372     	0.4236559139784946  	79019.45035099995   	127595.94486100005  	0.6192943704996411  	0.09489533599119171 	0.06304296045165524 
46395     	0.4242749731471536  	79074.51785499995   	127653.78595600005  	0.6194451442455103  	0.0950530010660332  	0.06310339298366599 
46418     	0.4248927038626609  	79141.20037299996   	127725.63266600005  	0.6196187775397645  	0.09518040124035411 	0.06312838291838055 
46441     	0.4255091103965702  	79407.46307199995   	128266.61669100005  	0.6190812942645556  	0.09531965213395685 	0.0631700757856609  
46465     	0.4261241970021413  	79553.38819299995   	128446.94516400005  	0.6193482304419682  	0.09545343005623608 	0.06320769836458559 
46488     	0.4267379679144385  	79643.88799599995   	128537.44496700005  	0.6196162372485874  	0.09559751024159178 	0.06324563117330792 
46511     	0.42735042735042733 	79808.24905999994   	128739.36255300004  	0.6199211140815156  	0.09575382099683111 	0.06328907666981548 
46604     	0.42659574468085104 	79919.56506699994   	128893.72732200005  	0.620042314916895   	0.09558860786532353 	0.06313018706964021 
46720     	0.4253968253968254  	80023.27611299994   	129003.28816200006  	0.6203196620268169  	0.09531708460952307 	0.06290405735654085 
46744     	0.4260042283298097  	80529.70196899994   	129728.82118500005  	0.6207541333792003  	0.09546079930395021 	0.06295631848988854 
46837     	0.42526315789473684 	80666.39061099994   	129951.81737700006  	0.6207407656099232  	0.09526979201231292 	0.0628088265480026  
46860     	0.42586750788643535 	80782.56354299994   	130406.36261400006  	0.6194679609469251  	0.09537779524560483 	0.06288028212744014 
46883     	0.4264705882352941  	80923.03080599994   	130846.01119100006  	0.6184600513948724  	0.09547910647222864 	0.06296270506648186 
47000     	0.42528735632183906 	81438.04938899993   	132274.80050700007  	0.6156731975920854  	0.09518189970526693 	0.06282221332095268 
47051     	0.42588726513569936 	81540.45397899994   	132378.86043700005  	0.6159628033495995  	0.095253781337747   	0.06290492080225056 
47102     	0.42604166666666665 	81712.41590699994   	132601.29336200005  	0.6162263869020188  	0.09523197205466102 	0.06291904963029478 
47179     	0.4257528556593977  	81786.63982699995   	132686.97901900005  	0.6163878357294468  	0.09508080175283537 	0.06286554204357513 
47256     	0.4254658385093168  	82011.26897299995   	132948.66099100004  	0.616864196763529   	0.09495183728251233 	0.06281491398129484 
47307     	0.4256198347107438  	82232.18705599995   	133200.27607300004  	0.6173574821341423  	0.09493475056548079 	0.06283082657331085 
47358     	0.42577319587628865 	82741.62429799995   	134156.15922100004  	0.6167560608357671  	0.09493660703499031 	0.06287472299613373 
47410     	0.42592592592592593 	82803.87996799995   	134243.45185700004  	0.616818763392683   	0.09494479324672042 	0.06292009538016374 
47538     	0.4247697031729785  	83030.72596799996   	134865.00934800005  	0.6156580299768558  	0.09466542578871774 	0.06277974135036811 
47564     	0.42535787321063395 	83196.65452299996   	135030.93790300004  	0.6161303166150307  	0.09478728441337472 	0.06290050698791927 
47589     	0.42594484167517876 	83461.32574399996   	135753.38162900004  	0.6148010807722722  	0.09490201586821402 	0.06299662183596266 
47641     	0.4260958205912334  	83818.89745599996   	136783.04482200003  	0.6127871883907546  	0.09494020317166216 	0.06306368665064334 
47769     	0.4249492900608519  	83967.76498599997   	136971.20050400004  	0.6130322628189845  	0.09465736096708142 	0.06293659761188432 
47794     	0.425531914893617   	84083.90651199997   	137179.87939800005  	0.612946351031898   	0.09476527857235388 	0.06307041778704454 
47820     	0.42611336032388664 	84119.92999099997   	137215.90287700004  	0.6130479647567151  	0.09486379479354971 	0.06320194954423586 
47923     	0.4254032258064516  	84186.97538399996   	137282.94827000005  	0.6132369419866038  	0.09465658941810984 	0.06311390117488781 
48000     	0.42512562814070354 	84410.54945499996   	137514.27698500006  	0.6138311694298286  	0.09453412179860352 	0.06308377896454988 
48063     	0.42527582748244735 	84572.45586399996   	137713.56519000005  	0.6141185564930906  	0.0945205671687007  	0.06311921899733128 
