23513     	1.0                 	104.29275200000001  	104.29275200000001  	1.0                 	0.005001050105288203	0.00029916636095427473
23540     	1.0                 	320.69169100000005  	397.31201200000004  	0.8071532732818559  	0.011692090423940602	0.0030795830650347227
23567     	1.0                 	430.64054400000003  	515.882917          	0.834764109857121   	0.015597573761661538	0.004274530459602416
23621     	0.8                 	526.885133          	612.127506          	0.8607440898105957  	0.014679569625434142	0.0040888579278871426
23648     	0.8333333333333334  	1193.733275         	2131.34192          	0.560085298280062   	0.019820403722308155	0.013467506345507113
23702     	0.75                	1630.696111         	3485.9910629999995  	0.46778551107260835 	0.022019253198651556	0.02501708974821833 
23756     	0.7                 	1815.484173         	3916.9091959999996  	0.463499172984147   	0.02444495213254503 	0.033285870338252345
23783     	0.7272727272727273  	2018.180405         	4423.651634999999   	0.4562249859442199  	0.029650603421834   	0.04394314613106771 
24146     	0.375               	2250.732885         	4745.135845999999   	0.47432422549025594 	0.017963685501754992	0.02663885515448884 
24243     	0.35714285714285715 	2733.4755           	6193.708293         	0.4413310040915742  	0.01926170119120278 	0.02815699506547375 
24341     	0.34375             	2904.233756         	6410.202934999999   	0.4530642454613647  	0.020053799839798443	0.028969729013192624
24414     	0.34285714285714286 	2999.7628830000003  	6505.732061999999   	0.4610953624299446  	0.02126865251522449 	0.03044375778450982 
24439     	0.3611111111111111  	3142.305596         	6710.932327999999   	0.4682368175416357  	0.023870465059061225	0.03356034215832648 
24487     	0.3684210526315789  	3296.5155480000003  	6953.3340039999985  	0.47409135619022985 	0.024998128752647907	0.035576035536279166
24585     	0.35714285714285715 	3525.9556530000004  	7254.524943999999   	0.48603536140794623 	0.02521026386196154 	0.03572534262856572 
24634     	0.36363636363636365 	3940.5438880000006  	8085.602813999999   	0.48735313601814045 	0.026763301779821894	0.03834094526274191 
24658     	0.37777777777777777 	4151.116956000001   	8402.755969         	0.49401850670358327 	0.02931336186817953 	0.04176861937400409 
24707     	0.3829787234042553  	4398.3715170000005  	8796.937741         	0.49998893325122157 	0.03155100881451139 	0.04426904286492304 
24756     	0.3877551020408163  	4736.482849000001   	9250.567029         	0.5120208127946533  	0.034294133900270245	0.046725895618871985
24804     	0.39215686274509803 	4932.591541000001   	9810.866562         	0.5027681815697292  	0.03668940263061093 	0.04908088695679357 
24853     	0.39622641509433965 	5014.952828         	9893.227848999999   	0.5069076447589256  	0.03843346581553356 	0.05109482706162353 
24951     	0.38596491228070173 	5295.295221         	10245.548556999998  	0.5168386242610827  	0.03902337124565099 	0.0511969406593064  
25102     	0.3709677419354839  	5539.564183         	10538.148435        	0.5256676936340763  	0.039189711536292866	0.050515009353654085
25153     	0.375               	5718.917756000001   	10771.753514        	0.5309179929309698  	0.041450967254719445	0.05232493525418117 
25230     	0.373134328358209   	5731.583184000001   	10784.592242        	0.5314603515261955  	0.0428097739421139  	0.05286950714263052 
25256     	0.38235294117647056 	5884.739296000001   	10956.838581        	0.5370836900166249  	0.04505198432095986 	0.05484235209446259 
25282     	0.391304347826087   	5999.9787750000005  	11120.499959        	0.5395421785999936  	0.04736473882237498 	0.05680272398697927 
25358     	0.3888888888888889  	6231.200762         	11411.294829        	0.5460555401797516  	0.04860099645369695 	0.0571399440134212  
25410     	0.3918918918918919  	6327.881447000001   	11507.975514        	0.54986921368592    	0.050324130348391324	0.058196982761358845
25487     	0.38961038961038963 	6472.674154         	11689.495778999999  	0.5537171385636719  	0.050893996209994595	0.05769452748056078 
25589     	0.38271604938271603 	6662.113737000001   	11893.750581999999  	0.5601356520021904  	0.05070315646293659 	0.056496386550138264
25692     	0.3764705882352941  	6786.205620000001   	12225.71525         	0.5550763682312985  	0.05032646865762453 	0.055452816938234936
25743     	0.3793103448275862  	6851.436988         	12298.908470999999  	0.557076833619441   	0.05105247035098502 	0.055244903842616884
25794     	0.38202247191011235 	6975.322526         	12422.794009        	0.561493857255184   	0.05184950871730707 	0.055065333800418864
25871     	0.3804347826086957  	7145.927456         	12635.75492         	0.5655322931825272  	0.05173218144296201 	0.0541914634925983  
25897     	0.3870967741935484  	7345.677985         	12922.293764        	0.5684500073403532  	0.05295056742005404 	0.05458037536433178 
25974     	0.3854166666666667  	7523.332106         	13149.305988        	0.5721467059071985  	0.053068466925351755	0.05381971349323105 
26000     	0.3917525773195876  	7772.570517         	13538.510584        	0.5741082424669175  	0.05454842463105304 	0.05428559701212556 
26040     	0.3979591836734694  	7986.558102         	13873.992762        	0.5756495796851419  	0.05620102976021857 	0.05481161962186216 
26060     	0.40404040404040403 	8188.947665         	14165.630861        	0.578085631720458   	0.05802838365091142 	0.05537655853687146 
26140     	0.39805825242718446 	8398.838957         	14447.311762        	0.581342681279366   	0.058101579826407006	0.053839997627012436
26160     	0.40384615384615385 	8840.710884         	15183.210874        	0.5822688598193014  	0.06009841589994202 	0.05412499461422571 
26180     	0.4095238095238095  	9029.624362         	15548.050487        	0.5807560484544239  	0.06202104259524421 	0.05449602558925976 
26220     	0.411214953271028   	9181.106403         	15745.653015        	0.5830883224883512  	0.06343128686319144 	0.05436725300001863 
26240     	0.4166666666666667  	9301.739461         	15880.209103        	0.5857441423263606  	0.06553244594939939 	0.054752823912285024
26360     	0.40350877192982454 	9624.365050999999   	16328.588861        	0.5894180527741318  	0.06453463579546201 	0.05266105566538456 
26400     	0.4051724137931034  	9850.825429999999   	16653.065911        	0.5915322429303029  	0.0658960121065938  	0.05257032796282699 
26420     	0.41025641025641024 	9929.188681         	16755.732762000003  	0.5925845692358027  	0.06785273715414035 	0.052944904644395066
26500     	0.4049586776859504  	10188.066934        	17326.049280000003  	0.5880201983357165  	0.06775913866436858 	0.05193381472494678 
26520     	0.4098360655737705  	10385.7183          	17618.199948        	0.5894880481918344  	0.06931853223951671 	0.052237636540336925
26580     	0.408               	10483.607862        	17720.265532        	0.5916168605412973  	0.06967303062148639 	0.051673147785663315
26620     	0.4094488188976378  	10714.411215        	18039.443553        	0.5939435539417273  	0.07072111378084506 	0.051586654776108826
26720     	0.4015151515151515  	11056.072984        	19258.044457        	0.5741015401998041  	0.07005978270620915 	0.05063414193825825 
26820     	0.39416058394160586 	11219.99865         	19461.547422        	0.5765214043214534  	0.06932195168892406 	0.04971718345291659 
26840     	0.39855072463768115 	11472.592593        	19789.395496        	0.5797343630490853  	0.07083188449516051 	0.0503170745616355  
26860     	0.4028776978417266  	11775.67611         	20204.980398        	0.5828105683866747  	0.0724514556686494  	0.050897174080917394
27050     	0.3877551020408163  	11884.748007        	20395.373940999998  	0.582717828139869   	0.07006236233678255 	0.048615173868967236
27075     	0.3918918918918919  	12088.090597        	20678.663101        	0.5845682836438025  	0.07111125497340963 	0.0487041239557797  
27150     	0.39072847682119205 	12199.785739        	20790.358243        	0.5868001694058159  	0.07113513715192941 	0.04814546697387817 
27350     	0.37735849056603776 	12457.858368000001  	21110.573658999998  	0.5901241041211064  	0.0685560507890372  	0.04603331988696814 
27400     	0.37888198757763975 	12563.502208000002  	21255.668571        	0.5910659627587963  	0.06854484803961063 	0.045744274899811456
27425     	0.38271604938271603 	12844.248572000002  	21617.170843        	0.5941688052189856  	0.06904084043455895 	0.0457674196017002  
27450     	0.38650306748466257 	13277.478322000003  	22859.755482        	0.5808232871281069  	0.06958956439282608 	0.046053000485966486
27525     	0.3855421686746988  	13360.163351000003  	22961.975485        	0.5818385861324337  	0.06928709563905422 	0.04573768677516228 
27575     	0.3869047619047619  	13785.760850000002  	23886.48838         	0.5771363555282044  	0.06954859704854835 	0.04587861536940533 
27750     	0.37714285714285717 	13940.225272000003  	24385.366226        	0.5716635601370117  	0.0677958685846299  	0.0447349775856146  
27775     	0.3806818181818182  	14159.213155000003  	24678.702107999998  	0.5737422127401938  	0.0685519086768237  	0.04519712670672098 
27800     	0.384180790960452   	14228.428450000003  	24789.410955999996  	0.5739720268164006  	0.06931215015785214 	0.045672091983804404
27850     	0.3854748603351955  	14386.467549000003  	24997.614632999997  	0.5755136144073545  	0.06974597602359087 	0.04590073790230517 
27875     	0.3888888888888889  	14686.649115000002  	25378.583058999997  	0.5787024862994343  	0.07071794849877001 	0.04640543852136685 
28075     	0.37967914438502676 	14717.838008000002  	25409.771951999996  	0.579219602434943   	0.06928144771160749 	0.04515974932010912 
28100     	0.3829787234042553  	14876.063331000003  	25609.558343999997  	0.5808793393145447  	0.07017042242231107 	0.0454224581360373  
28200     	0.3802083333333333  	15144.982001000002  	25995.420475        	0.5826019246568853  	0.06976462704042159 	0.044945517033366654
28375     	0.37185929648241206 	15200.014785000003  	26063.207986999998  	0.583198153987091   	0.06820868217012778 	0.04380722485903792 
28425     	0.373134328358209   	15439.462945000003  	26362.605126        	0.5856577098965422  	0.06851405187861334 	0.04381022513302262 
28475     	0.37438423645320196 	15508.986325000003  	26434.63989         	0.5866917949151607  	0.06882561637796124 	0.04380524933416632 
28500     	0.37745098039215685 	15560.036514000003  	26485.690079        	0.5874884312090195  	0.06938417137293232 	0.04398772400960329 
28600     	0.375               	15742.014681000002  	26714.790694        	0.5892621380161356  	0.06884869680723783 	0.043522742801933315
28675     	0.3744075829383886  	15842.540682000003  	26826.282438        	0.5905604221760786  	0.06859999636844988 	0.04327166261183262 
28750     	0.37383177570093457 	15937.974147000003  	26932.041151999998  	0.5917848579336674  	0.06836637407907084 	0.04294139721702656 
28775     	0.3767441860465116  	16066.202519000002  	27075.524802999997  	0.5933847131642616  	0.06882635320057243 	0.04302640201263433 
28800     	0.37962962962962965 	16206.880063000002  	27248.824944999997  	0.5947735396191414  	0.06923602197710109 	0.042984361690954716
28825     	0.3824884792626728  	16732.615591        	28448.686111999996  	0.5881683085512334  	0.06976272369156662 	0.043132663595369526
28925     	0.38009049773755654 	16793.126862        	28509.197382999995  	0.5890424285326855  	0.06905668075513104 	0.04262507656750187 
29075     	0.37610619469026546 	17134.65276         	29369.420169999994  	0.5834181492456753  	0.06798745315163075 	0.042079182849397045
29125     	0.37719298245614036 	17371.728834        	29647.185292999995  	0.5859486714275586  	0.06784188584754568 	0.042122359512904085
29150     	0.3799126637554585  	17700.684594000002  	30093.245424999994  	0.5881946046037009  	0.0680638484312166  	0.04237639150061341 
29200     	0.38095238095238093 	17768.795816        	30161.356646999993  	0.5891245551041013  	0.06796983755970411 	0.04244104804001852 
29375     	0.3739495798319328  	17949.624829        	30403.108083999992  	0.5903878241463809  	0.06637276366227045 	0.04143909946331566 
29425     	0.375               	18072.074207        	30618.009017999993  	0.5902432844792628  	0.06618019748485723 	0.04134372100373311 
29500     	0.37448559670781895 	18305.583345000003  	30974.099706999994  	0.5909964621461792  	0.06579250471057131 	0.041114750990359286
29550     	0.37551020408163266 	18640.617237000002  	31438.865651999993  	0.5929163425721173  	0.06578467975394181 	0.0410836729770642  
29650     	0.37349397590361444 	18694.558282        	31500.017817999993  	0.593477704997278   	0.0652117771025989  	0.04071770884500959 
29725     	0.373015873015873   	19225.524937000002  	32612.632766999992  	0.5895115881737057  	0.0649590732556484  	0.040674842368746245
29750     	0.37549407114624506 	19590.368507000003  	33124.11836999999   	0.5914230920253776  	0.06535703117195943 	0.0409924701588372  
29775     	0.3779527559055118  	19677.217093000003  	33213.00564399999   	0.5924551756596211  	0.06571781481348495 	0.04127551025336025 
29925     	0.3730769230769231  	19864.108592000004  	33482.25882499999   	0.593272655104386   	0.0648125118330017  	0.04076506639406993 
30000     	0.3726235741444867  	20235.991232000004  	33976.31431399999   	0.5955911240102266  	0.06478462149975352 	0.040764624184743976
30076     	0.37358490566037733 	20560.859265000003  	34795.57919399999   	0.590904354555059   	0.0650662468862908  	0.04104073170425646 
30205     	0.37037037037037035 	20718.635702000003  	35149.28157299999   	0.5894469182526642  	0.06453044979749467 	0.040875099347891165
30307     	0.3686131386861314  	20830.475071000004  	35267.874945999996  	0.5906359570258868  	0.0642545683647046  	0.04084646482086537 
30358     	0.3695652173913043  	20914.254199000003  	35443.57092599999   	0.5900718706550568  	0.06444050091988372 	0.04111431124984546 
30384     	0.37184115523465705 	21219.218986000003  	36218.76935499999   	0.5858625062055207  	0.06475377064841406 	0.04160316400461315 
30410     	0.37410071942446044 	21333.691645000003  	36347.72192499999   	0.5869333899114781  	0.06509248311562485 	0.04209290485569163 
30589     	0.3684210526315789  	21383.961232        	36404.13063099999   	0.5874048043820186  	0.06396933104787869 	0.041658907962509546
30666     	0.3680555555555556  	21596.44338         	36661.58564599999   	0.5890755404998776  	0.06382591089300937 	0.04183027373208639 
30769     	0.3664383561643836  	21685.243131        	36754.43016299999   	0.5900035188909046  	0.06343170549201574 	0.041738047511901126
30794     	0.36860068259385664 	21978.694771        	37151.36242599999   	0.5915986207713997  	0.06377798122973105 	0.0420931071229677  
30820     	0.3707482993197279  	22155.942763        	37467.008922999994  	0.5913453835755503  	0.06415839599072645 	0.0424808768488591  
30897     	0.37037037037037035 	22237.981531999998  	37549.04769199999   	0.5922382296991758  	0.06410407466547548 	0.0425766224996815  
30974     	0.37                	22310.614977999998  	37627.372191999995  	0.5929357719735604  	0.06407653968456037 	0.04267190901810503 
31078     	0.3696369636963696  	22594.582374999998  	38031.171555999994  	0.594106924677038   	0.06414007437308719 	0.04278916000872714 
31105     	0.3717105263157895  	22809.923711        	38433.517951999995  	0.5934903939703761  	0.06468222461086104 	0.0432250382211996  
31157     	0.37254901960784315 	22897.886           	38521.480241        	0.5944186427090835  	0.06494765707920941 	0.04349941328950424 
31210     	0.37337662337662336 	23201.620276999998  	39313.761485999996  	0.5901653619499705  	0.06522862327541151 	0.04382658745910652 
31236     	0.37540453074433655 	23403.376098999997  	39583.819107999996  	0.5912359298921238  	0.06577983284486526 	0.04431383157994231 
31394     	0.37142857142857144 	23673.131495999998  	39938.508606999996  	0.5927394968336606  	0.06525026935904844 	0.04398909335825485 
31447     	0.3722397476340694  	23828.858719999997  	40174.833407        	0.5931289989082592  	0.06559915754598443 	0.04423839337061846 
31500     	0.3730407523510972  	24374.495990999996  	41797.772656        	0.5831529873997024  	0.06593424087555806 	0.04455496617382657 
31578     	0.37267080745341613 	24707.310284999996  	42344.430203        	0.5834843016319426  	0.06606483647615896 	0.04477813728577757 
31657     	0.3723076923076923  	24902.569317999994  	42627.542948        	0.5841896481900881  	0.06620726591297052 	0.045014020965413126
31684     	0.37423312883435583 	25084.289585999995  	42957.989994        	0.5839260540240255  	0.06670645552614049 	0.04553244590806066 
31868     	0.36936936936936937 	25324.206605999996  	43278.218543        	0.5851490070192835  	0.0658591589364959  	0.04512623933913632 
31947     	0.36904761904761907 	25668.604780999995  	43731.547328        	0.5869585310686035  	0.06591144812332234 	0.04528669889090452 
31973     	0.37091988130563797 	25948.017232999995  	44146.300164        	0.5877733159201376  	0.0664336186120415  	0.045736127955017886
32217     	0.3631123919308357  	26454.161973999995  	45662.85903         	0.5793365228537245  	0.0650981437105092  	0.04498488830009928 
32282     	0.3628571428571429  	26644.290794999994  	45852.987851        	0.5810807985202847  	0.06502441821231258 	0.045044374698461245
32304     	0.3646723646723647  	27053.675531999994  	46609.815115        	0.5804287244060224  	0.065309739399182   	0.04541171469065659 
32326     	0.3664772727272727  	27162.031967999992  	46725.522842        	0.5813103913218272  	0.06562151471874493 	0.04577876405803831 
32391     	0.36619718309859156 	27419.05692999999   	47078.378405999996  	0.5824129432313989  	0.06561847278776668 	0.045900685951297926
32456     	0.3659217877094972  	27572.41633599999   	47505.317526        	0.5804069475150737  	0.06560472000287347 	0.04603743793890916 
32478     	0.36768802228412256 	27718.89645699999   	47685.896753        	0.5812808051104994  	0.0659203987552149  	0.0464144589181234  
32586     	0.36538461538461536 	28060.744733999993  	48193.939008        	0.5822463428304132  	0.06560196523718709 	0.046298773385373984
32652     	0.3651226158038147  	28318.080181999994  	48607.640477        	0.582584957922396   	0.06572683012912822 	0.046463463617394674
32673     	0.36684782608695654 	28560.836618999994  	48917.252694        	0.5838601934099041  	0.0662813154240189  	0.04689102254012319 
32695     	0.3685636856368564  	28633.788414999995  	49004.032974        	0.584314936490884   	0.06685450710895996 	0.04732017938451414 
32760     	0.3682795698924731  	28899.777569999995  	49435.489286        	0.5845957628295253  	0.06708198374009407 	0.0475027281366308  
32826     	0.368               	28939.414491999996  	49475.126208        	0.5849285633013821  	0.06718514806765001 	0.04750436516398554 
32847     	0.3696808510638298  	29155.412883999998  	49763.121379000004  	0.5858839252053742  	0.06768865095091768 	0.047771422464966774
32891     	0.37037037037037035 	29636.443881999996  	50808.104208000004  	0.5833015095519659  	0.06797912042900404 	0.04798661375254212 
32956     	0.3700787401574803  	29807.119594999996  	51210.31132000001   	0.5820530831914495  	0.06810455578250658 	0.04810950969098816 
33119     	0.3669250645994832  	29901.853995999998  	51305.04572100001   	0.5828248191924069  	0.0675645421909128  	0.04776882714537655 
33166     	0.3676092544987147  	30068.422934        	51499.22268600001   	0.5838616850070255  	0.06776038363026848 	0.04793241725578935 
33333     	0.36363636363636365 	30154.362941        	51616.88010600001   	0.58419576849812    	0.06700806820136765 	0.04733458909944404 
33357     	0.36523929471032746 	30545.440381        	52343.720833000014  	0.5835550070743667  	0.06732582205281325 	0.04751920325801849 
33404     	0.3659147869674185  	30588.537556        	52396.24513600001   	0.5837925499547574  	0.06747994868106753 	0.04758514585982432 
33428     	0.3675              	30849.967438        	52806.01918000001   	0.5842130862552172  	0.06781958142413776 	0.04770535649583662 
33452     	0.3690773067331671  	31002.590997        	53016.54027900001   	0.5847720510212208  	0.06819168707420724 	0.04783267886428375 
33547     	0.36790123456790125 	31057.601698        	53071.55098000001   	0.5852024507387026  	0.06804228867574551 	0.04760060948983851 
33595     	0.36855036855036855 	31140.203901999997  	53158.65685900001   	0.5857974174290639  	0.06824936741978939 	0.04760643920813735 
33619     	0.3700980392156863  	31266.794853999996  	53362.09140000001   	0.5859364585174409  	0.06864627393017425 	0.04773983246423635 
33642     	0.37163814180929094 	31455.601560999996  	53630.36912100001   	0.5865259194847299  	0.06908307432339353 	0.04788371746462785 
33690     	0.3722627737226277  	31573.887384999995  	53778.86774900001   	0.5871058411337992  	0.06937443532497087 	0.04791464529663962 
33857     	0.3684210526315789  	31721.806447999996  	54070.79770400001   	0.5866716933168771  	0.06880497526174877 	0.047380785759847485
33880     	0.36992840095465396 	32435.632583999995  	55719.49607100001   	0.5821235809934321  	0.0693194283450808  	0.0476725584019785  
33904     	0.37142857142857144 	32510.476644999995  	55794.34013200001   	0.5826841319045208  	0.06986031348385736 	0.047963186408512964
33928     	0.37292161520190026 	32582.515903999996  	55866.37939100001   	0.5832222574504083  	0.07040993614557567 	0.048256153971728125
33952     	0.3744075829383886  	32646.194059999998  	55939.46142100001   	0.5835986480868123  	0.07093167146677172 	0.048539228372090994
34056     	0.3732394366197183  	32769.146151        	56137.530150000006  	0.5837297448505578  	0.07089278617275113 	0.04842862973673425 
34150     	0.37122969837587005 	32923.469711        	56514.83313300001   	0.5825633357798132  	0.07065048075830622 	0.048244386133202075
34207     	0.3709677419354839  	33023.163655        	56628.57775900001   	0.5831536825017932  	0.07069092565101581 	0.0482662060816006  
34264     	0.3707093821510298  	33083.64488199999   	56696.53243200001   	0.5835214864626765  	0.07074117567177264 	0.048289008957775124
34301     	0.3712984054669704  	33162.82073099999   	56804.317756000004  	0.583808098416905   	0.0709644754824572  	0.048425134087354514
34320     	0.37272727272727274 	33259.913695999996  	56987.81142500001   	0.5836320585810247  	0.0713611804470453  	0.04867940275605992 
34339     	0.3741496598639456  	33568.212526999996  	57920.357047000005  	0.5795581076919254  	0.07176720868008936 	0.04900866043404577 
34396     	0.3738738738738739  	33776.74490799999   	58461.76216800001   	0.5777578994443695  	0.07178321038440544 	0.04913390717207403 
34415     	0.3752808988764045  	33970.152369999996  	58687.77416300001   	0.5788284332551267  	0.0721418550200299  	0.04948488667187201 
34433     	0.37668161434977576 	34075.450081999996  	58793.07187500001   	0.5795827466618487  	0.07251532938443617 	0.04983850963130193 
34528     	0.37472283813747226 	34343.991543        	59154.94632000001   	0.5805768355737388  	0.07223449463299464 	0.04971979978720261 
34584     	0.3744493392070485  	34692.583662        	60492.22701600001   	0.5735048182772956  	0.07228962438211273 	0.049911767164349724
34679     	0.37254901960784315 	35188.542816999994  	61929.80152500001   	0.5682004778070373  	0.07196478298318079 	0.04986236687391729 
34867     	0.36673773987206826 	35353.783256999996  	62309.17332400001   	0.5673929113641852  	0.07085627581908588 	0.049306671798073534
34905     	0.3673036093418259  	35482.800544        	62506.51534600001   	0.5676656320959133  	0.07100614508997108 	0.049611567200978694
34943     	0.3678646934460888  	35598.241975        	62707.05012900001   	0.5676912229449133  	0.07115251250586471 	0.04991416340864566 
34962     	0.3691983122362869  	35826.818517        	63054.96137600001   	0.5681839737140242  	0.07148177218352572 	0.050334294325000424
35061     	0.3682008368200837  	35997.306813        	63526.71681300001   	0.5666483114334908  	0.07132450614419286 	0.050349221425223085
35081     	0.3695198329853862  	36110.809437        	63706.88310500001   	0.5668274396266274  	0.071636884551449   	0.05068851689725329 
35163     	0.36853002070393376 	36462.649524        	64182.64661200001   	0.5681076030476858  	0.07156649474307021 	0.0507263539527657  
35204     	0.36907216494845363 	36655.236134        	64498.85293500001   	0.5683083414047694  	0.07181159654957685 	0.05099580873512192 
35306     	0.3673469387755102  	36793.893899999995  	64679.07703400001   	0.5688685675068996  	0.07157799710031942 	0.0509363990457447  
35326     	0.36863543788187375 	36976.490871999995  	64926.35837200001   	0.5695143205189588  	0.07196233500007752 	0.05130021644109595 
35367     	0.3691683569979716  	37262.78913399999   	65513.42892200001   	0.5687809315913673  	0.07219124766445993 	0.051578231826602226
35428     	0.3689516129032258  	37448.30612699999   	65814.57335100001   	0.5689971722111146  	0.07223337968213574 	0.051636246418544196
35489     	0.3687374749498998  	37658.35828299999   	66071.86294500002   	0.5699605944870635  	0.07231644330516486 	0.051698781141969415
35551     	0.36852589641434264 	37973.79705799999   	66504.24926800001   	0.5709980561538632  	0.07245211873708256 	0.05177403763999078 
35612     	0.3683168316831683  	38195.34349599999   	66830.74887300002   	0.5715234998875063  	0.07263516664500987 	0.05186213938449622 
35734     	0.3659491193737769  	38338.02735099999   	67016.47042200001   	0.5720687333962379  	0.07239236201829986 	0.051598577978596266
35857     	0.36363636363636365 	38531.21072399999   	67481.05382100001   	0.570993020147666   	0.07212655877824996 	0.0513655414692421  
35897     	0.36416184971098264 	38676.89298699999   	67683.85983000002   	0.5714345057173726  	0.07240443270907064 	0.051516050416917834
35918     	0.36538461538461536 	38950.70448999999   	68053.92904700001   	0.5723505613187962  	0.0728780891372938  	0.05177576068880302 
35938     	0.3666026871401152  	39047.85991199999   	68151.08446900001   	0.5729602135643455  	0.07327833973995346 	0.05202119293271796 
35979     	0.367112810707457   	39409.429703999995  	68581.83318700001   	0.5746336583996449  	0.07361279742146445 	0.05217543539168625 
36000     	0.3683206106870229  	39704.897807999994  	69078.78871300002   	0.5747769836115827  	0.07412729828727425 	0.052381072192377164
36060     	0.36952380952380953 	40016.284316        	69470.65318600001   	0.57601710191008    	0.07468462869069468 	0.052587715219207985
36121     	0.3700189753320683  	40046.518311        	69504.02343300001   	0.576175541112433   	0.07508025824026536 	0.052688450849072775
36272     	0.3684210526315789  	40371.120386        	70033.221562        	0.5764567084816979  	0.07508142647357167 	0.052470364518646125
36333     	0.36891385767790263 	40404.014           	70074.616913        	0.5765855851936079  	0.07547110068881349 	0.05251578104993614 
36363     	0.37009345794392523 	40625.267228000004  	70650.795413        	0.5750150014662795  	0.07601389295880588 	0.0526980806096989  
36393     	0.3712686567164179  	40902.684909        	71006.293963        	0.5760430889452363  	0.07657215316182145 	0.052860881302169815
36424     	0.37243947858473    	41083.042213        	71257.48457300001   	0.5765435372744925  	0.07708136167024134 	0.05299695127639682 
36454     	0.3736059479553903  	41242.521951        	71437.98893200001   	0.5773191906375991  	0.07760024096470612 	0.05313141849594205 
36484     	0.3747680890538033  	41267.398552000006  	71472.41469800001   	0.577389174919744   	0.07812184195604067 	0.0532662426279826  
36515     	0.37592592592592594 	41645.584715000005  	72143.93316700001   	0.5772569208085466  	0.07864547756211061 	0.053427140053206215
36575     	0.3763837638376384  	41929.018084        	72578.73951000001   	0.5777038615863941  	0.07903470347179418 	0.053493968053143125
36606     	0.3775322283609576  	42286.591402000005  	73477.56627400001   	0.5755034297721846  	0.07959801581932933 	0.05372645587640575 
36636     	0.3786764705882353  	42861.981741        	74928.20617700001   	0.5720406763742454  	0.08020164600499262 	0.05405389535030082 
36666     	0.3798165137614679  	43206.306765        	75545.32300400002   	0.5719256341350515  	0.08088174316620594 	0.0544067440335473  
36787     	0.3788706739526412  	43496.79184         	76308.84167100002   	0.5700098558373252  	0.08104451198734972 	0.054443679736046094
36818     	0.38                	43746.985368        	76668.45120800001   	0.5705995709932274  	0.08161624528027986 	0.05478262325504417 
36878     	0.3804347826086957  	43961.742118        	77349.33775500002   	0.5683531804402324  	0.08185670754656664 	0.055025590904073836
36909     	0.38155515370705245 	44146.532865        	77614.55164700001   	0.5687919588298797  	0.08223476387401098 	0.05533197836218368 
36939     	0.38267148014440433 	44230.083591        	77722.07223400002   	0.5690800865143592  	0.08262251245540518 	0.055640528868770585
36969     	0.3837837837837838  	44369.238991000006  	77883.57164400003   	0.5696867523462904  	0.08303084868618787 	0.055950676500042255
37111     	0.38146167557932265 	44483.060272        	77997.39292500002   	0.5703147067335135  	0.08262882410507665 	0.0557580687139054  
37166     	0.38120567375886527 	44601.592949000005  	78172.58576500003   	0.5705528672555352  	0.08261591429842514 	0.05584512098730359 
37277     	0.37894736842105264 	44821.546905        	78485.08542900003   	0.5710836225762527  	0.0820971932307675  	0.0556342724268652  
37296     	0.38003502626970226 	45150.870968        	78890.02209300002   	0.572326762879767   	0.0823549619950661  	0.055921725383577495
37370     	0.3791304347826087  	45256.348961        	79000.26602200003   	0.5728632476806723  	0.08213889610350485 	0.05589837177620813 
37407     	0.37954939341421146 	45313.830189        	79074.32462000003   	0.5730536480300068  	0.08221886642657478 	0.056070715238646866
37425     	0.3806228373702422  	45435.107003        	79226.29358800003   	0.5734852022647416  	0.08246160648719097 	0.0563425770083493  
37518     	0.379073756432247   	45662.625724        	79603.12492600003   	0.5736285575025917  	0.08215096473084499 	0.056235036946362525
37592     	0.3781942078364566  	45784.323163        	79809.82451900003   	0.5736677588120783  	0.08197481044701839 	0.05623349239180266 
37629     	0.37860780984719866 	46040.390568        	80171.09034100003   	0.5742767171080202  	0.08211980791189195 	0.05643386176961112 
37648     	0.37966101694915255 	46162.824641        	80301.98167500003   	0.5748653230978933  	0.08241903719173485 	0.056729788012197954
37740     	0.37815126050420167 	46257.155778        	80405.73475400003   	0.5752967237911945  	0.08217885187908977 	0.05664313826907543 
37777     	0.3785594639865997  	46287.387838        	80446.10087400004   	0.5753838574538043  	0.08235112588683129 	0.05684002019509835 
37814     	0.3789649415692821  	46392.585994        	80578.48898200004   	0.5757440550214756  	0.08254391239124069 	0.057038288685037346
37925     	0.3768595041322314  	46615.05032         	80874.59587800004   	0.5763868098991082  	0.08222252349228383 	0.05686150897289569 
37962     	0.3772652388797364  	46671.343389        	80930.88894700004   	0.5766814623717292  	0.08243112141978576 	0.05700202725642719 
38093     	0.3758169934640523  	46715.637851        	80982.66421500004   	0.5768597304600295  	0.0821853122997032  	0.05683964388941093 
38162     	0.375609756097561   	46809.5266          	81079.29113200004   	0.5773302398980324  	0.08220149958265884 	0.0568515110374371  
38209     	0.3760129659643436  	46921.344808999995  	81265.58521900004   	0.5773827221271237  	0.08231358597368814 	0.0569430868103526  
38232     	0.37702265372168287 	47163.07195699999   	81632.94944800004   	0.5777455338305856  	0.08258677743976342 	0.057140359380377495
38279     	0.3774193548387097  	47482.36885499999   	82107.76222900004   	0.5782933009740395  	0.082722666235175   	0.057221122631539785
38325     	0.3778135048231511  	47760.726554999994  	82543.39316300004   	0.5786135597877102  	0.08289883035741126 	0.05731599942053376 
38348     	0.37881219903691815 	48266.14031899999   	84011.84177100005   	0.574515917060408   	0.0832027129016166  	0.05749909247521365 
38418     	0.37859424920127793 	48808.692232999994  	84912.19634400005   	0.5748136820682869  	0.08315725333106729 	0.05753269052596586 
38488     	0.3783783783783784  	48923.236624        	85356.69076300005   	0.573162293273991   	0.08311579863269268 	0.05759458755976424 
38581     	0.37756714060031593 	49016.698541        	85465.59286600005   	0.5735255194198722  	0.0828850778442909  	0.057548058600986995
38651     	0.37735849056603776 	49339.478933        	85906.30473800005   	0.5743406037947646  	0.08278688296129569 	0.05752459034763199 
38674     	0.3783359497645212  	49512.003327        	86144.60906000005   	0.5747545187942602  	0.08295515567830782 	0.05768005820295385 
38790     	0.37694704049844235 	49812.577465999995  	86553.02251300005   	0.5755151700048172  	0.08264540106684895 	0.057486085139104116
38813     	0.37791601866251945 	49981.823801        	86775.41736800005   	0.5759905894665471  	0.082876720652248   	0.05765577687421657 
38906     	0.37712519319938176 	50099.134048        	86973.96702500005   	0.5760244790673898  	0.08270157989668671 	0.05752074882562043 
38930     	0.37808641975308643 	50326.586075        	87250.95847800004   	0.5768026730352726  	0.08291763468555728 	0.05764494833291861 
39000     	0.3778801843317972  	50443.736648        	87403.79312100004   	0.5771344108392037  	0.0828928962710192  	0.05759499276239607 
39061     	0.3782542113323124  	50613.852983        	87893.94345600004   	0.5758514294939724  	0.08296127929501984 	0.05762535040154804 
39081     	0.37920489296636084 	50871.072512        	88310.13543300003   	0.5760502151035126  	0.08319272778312946 	0.05775711888902796 
39122     	0.3795731707317073  	50959.06525         	88398.12817100003   	0.5764722206721756  	0.08330420351387077 	0.05780355200829762 
39183     	0.37936267071320184 	51092.644913        	88544.42673200004   	0.5770283551289295  	0.08331361451374383 	0.0577637594197621  
39204     	0.3803030303030303  	51202.039699999994  	88659.75579800004   	0.5775116256428375  	0.08359710225951617 	0.05790038965004966 
39387     	0.37668161434977576 	51337.40181999999   	88918.19732900005   	0.577355404879049   	0.08282579616233933 	0.05730196407273573 
39408     	0.3776119402985075  	51580.38029599999   	89282.18056800004   	0.5777231242321058  	0.08308329720750784 	0.057407485808241815
39428     	0.37853949329359166 	51785.53856599999   	89558.09398500004   	0.5782340407409013  	0.08336891912374646 	0.05751925520854486 
39448     	0.3794642857142857  	52057.07555099999   	89922.08388300004   	0.5789131357179489  	0.08369662460814778 	0.05763797423954197 
39469     	0.3803863298662704  	52531.85273799999   	90973.65186500004   	0.5774402990434462  	0.08402550091031817 	0.05779237626742224 
39591     	0.3784977908689249  	52693.631335999984  	91141.47945300004   	0.578152029704248   	0.0837444352554929  	0.05752094371894049 
39673     	0.37774524158125916 	52795.233988999986  	91438.80372200004   	0.5773832534982906  	0.08367482757606168 	0.0574250336027417  
39693     	0.3786549707602339  	53109.090957999986  	92313.17598200004   	0.5753143079851961  	0.08399114884597333 	0.057622498016281366
39714     	0.3795620437956204  	53389.424927999986  	92741.47043500004   	0.5756801641981639  	0.08433797795045818 	0.05782010507440181 
39755     	0.3799126637554585  	53547.17031299999   	92958.46360600003   	0.5760332974085833  	0.08458653606902217 	0.05793891975831375 
39795     	0.3802612481857765  	53720.91781699999   	93190.54462500004   	0.5764631812505621  	0.08485642415278141 	0.05806251304544312 
39857     	0.3800578034682081  	53829.43615599999   	93335.48099400004   	0.5767306878662826  	0.08500217099999899 	0.058101995349634596
40066     	0.37714285714285717 	53939.48969099999   	93453.64026700004   	0.5771791182975125  	0.08445749058709023 	0.05767885312986916 
40233     	0.375886524822695   	54062.371691999986  	93607.98040300004   	0.5775401996630123  	0.08412490532633561 	0.057438481967561655
40266     	0.37677053824362605 	54241.430299999985  	93856.97864500004   	0.5779157936157318  	0.08429005520850356 	0.057530440042449046
40300     	0.37765205091937765 	54403.997783999985  	94101.99631700004   	0.5781386146233287  	0.08446697407818717 	0.05763147077583948 
40366     	0.37799717912552894 	54419.514115999984  	94127.10017200003   	0.5781492685587709  	0.08442295817185783 	0.057580200371984414
40433     	0.37834036568213786 	54900.36512599998   	95142.87929700004   	0.5770307303253019  	0.08438301626125358 	0.0575465006522396  
40600     	0.3770949720670391  	55247.71789599998   	95942.10980900003   	0.5758443086772453  	0.08397230369448176 	0.057306670678324005
40700     	0.3769123783031989  	55294.15910199998   	96031.11318400003   	0.5757942115703046  	0.08377596785854319 	0.057231587314565756
40800     	0.3767313019390582  	55437.943750999984  	96184.80304000003   	0.5763690520626757  	0.08358091566028733 	0.05715364948295968 
40833     	0.3775933609958506  	55619.63899899999   	96443.03988600003   	0.5767097248774498  	0.08360605732836701 	0.057207323072627214
40866     	0.3784530386740331  	55747.069830999986  	96570.47071800003   	0.5772682831151318  	0.0836372830193171  	0.05726223371459819 
40900     	0.3793103448275862  	55854.031402999986  	96862.30340200002   	0.576633318032851   	0.08365823526218999 	0.05729122089190122 
41071     	0.3786008230452675  	55925.22668399999   	96933.49868300001   	0.5769442704930244  	0.08334422851427906 	0.057084837682123316
41107     	0.37945205479452054 	56027.96484399999   	97043.37227600001   	0.5773497306405578  	0.08336992473326801 	0.057114704098301085
41357     	0.37720488466757124 	56242.14199099999   	97376.26330900002   	0.5775754796888145  	0.08269037060840824 	0.05667003659852555 
41428     	0.37753721244925575 	56312.493124999986  	97479.00054300002   	0.5776884540394869  	0.08258663245731362 	0.056617305479996154
41535     	0.37735849056603776 	56573.72043299999   	97853.40024900001   	0.5781477218884699  	0.08238894671606016 	0.05649817465283009 
41571     	0.3781965006729475  	56727.77035899999   	98051.04367600002   	0.5785534577933846  	0.08240383167043967 	0.05652655958969244 
41607     	0.3790322580645161  	56995.18265399999   	98595.03580300002   	0.5780735529918613  	0.08243292717176674 	0.05657818665839045 
41678     	0.37935656836461124 	57064.23004499999   	98664.08319400002   	0.5783688268079927  	0.08234920655946337 	0.05655454806569422 
41750     	0.37967914438502676 	57201.635789999986  	98875.33592900002   	0.5785227959283505  	0.0822562833340792  	0.05649608782554208 
41964     	0.3779840848806366  	57917.041155999985  	101155.20462500003  	0.572556215675788   	0.08175359793112431 	0.0562603462957869  
42045     	0.3783068783068783  	58007.615776999985  	101245.77924600003  	0.5729386075053763  	0.08168219000513788 	0.056313632213350215
42090     	0.3786279683377309  	58063.254363999986  	101380.52070700003  	0.5727259433970424  	0.08161301163545084 	0.05637524678229853 
42136     	0.37894736842105264 	58074.57792499998   	101391.84426800003  	0.572773661868667   	0.08154478996466526 	0.056436640958262924
42159     	0.3797634691195795  	58331.87289799998   	101765.59554500003  	0.573198364197712   	0.0815968979253606  	0.056582127323128124
42340     	0.37711313394018203 	58609.59025399998   	102453.75920500004  	0.572058953315006   	0.08089573791152864 	0.05623333214881596 
42363     	0.37792207792207794 	58634.93636499998   	102479.96075000004  	0.5721600197334186  	0.08093997236073568 	0.05639994388520921 
42409     	0.37823834196891193 	58680.22314599998   	102564.17079500004  	0.5721317950621078  	0.08088358562308567 	0.05649563388395436 
42477     	0.37806451612903225 	58774.156313999985  	102845.40869500003  	0.5714806043340404  	0.08071459430428345 	0.056524639084482804
42500     	0.3788659793814433  	58995.73205799999   	103163.49244400003  	0.571866371139233   	0.08077739718780762 	0.05670831592114744 
42522     	0.37966537966537967 	59187.919318999986  	103588.65090500003  	0.5713745550492838  	0.08085521754294792 	0.0569072433708133  
42568     	0.37997432605905007 	59389.04146499999   	103789.77305100003  	0.5722051385141531  	0.08084678522586507 	0.057037207323348556
42681     	0.3788265306122449  	59589.294379999985  	104053.04536100003  	0.5726818871399852  	0.08051421307847853 	0.05683615409199503 
42704     	0.3796178343949045  	59856.53250799998   	104383.18474200003  	0.5734307940109808  	0.08063043683743273 	0.05693115797201211 
42727     	0.38040712468193383 	60213.14928999998   	105227.19173900003  	0.5722204336627124  	0.08077048516266704 	0.05706413923012873 
42772     	0.38071065989847713 	60430.94094499998   	105521.00171900004  	0.5726911227200644  	0.08083572589483214 	0.05713055619766589 
42886     	0.37957124842370743 	60654.65866499998   	105832.12524800004  	0.5731214271929799  	0.08055819022454735 	0.05694488579462946 
42931     	0.379874213836478   	60729.39359599998   	105906.86017900004  	0.5734226611322184  	0.08059167420221418 	0.056978850699706624
43000     	0.37969924812030076 	61015.70257499998   	106315.25135500004  	0.5739129785928911  	0.08055679502517725 	0.05695003415043605 
43052     	0.3804755944931164  	61190.81574399998   	106578.98145600004  	0.5741358653278361  	0.0807434423137912  	0.057067186863611605
43210     	0.37888198757763975 	61622.795401999974  	107413.72922000004  	0.573695707704058   	0.0804124096149977  	0.0568249904393458  
43342     	0.37777777777777777 	61702.07869099997   	107579.42485100003  	0.57354906643588    	0.08013414042697893 	0.056616684350982806
43421     	0.37761377613776137 	61915.891987999974  	108040.41401000004  	0.573080847156594   	0.08006783496482814 	0.056573211382249626
43473     	0.37791411042944784 	61987.651945999976  	108210.00964600003  	0.5728458222006206  	0.080085891022778   	0.056600944025604324
43500     	0.3786764705882353  	62345.23295199998   	108661.82581600004  	0.5737546970503774  	0.0802287830594221  	0.05669441711586196 
43578     	0.3785103785103785  	62423.95289199998   	108740.54575600004  	0.5740632664477462  	0.08018642121559694 	0.05664933052031849 
43631     	0.37880633373934225 	62704.51769699998   	109183.09566600004  	0.5743060985266272  	0.08027169248546306 	0.05667806752396377 
43657     	0.3795620437956204  	62903.066041999984  	109444.75548000004  	0.5747471933773465  	0.08048122986869156 	0.05677733411029182 
43710     	0.37985436893203883 	63122.75976199999   	110003.41680600004  	0.5738254464706501  	0.08060421798201721 	0.05683580916104463 
43736     	0.3806060606060606  	63212.45509099999   	110104.00632800003  	0.5741158491789116  	0.08081002001844978 	0.05693433917599231 
43842     	0.37997587454764775 	63282.20545699999   	110173.75669400003  	0.5743854739632953  	0.0806809035226637  	0.0568050505150621  
43947     	0.3793517406962785  	63486.62112399999   	110453.27406800003  	0.5747826097478537  	0.08051114683067312 	0.056645906046832784
44054     	0.3791866028708134  	63760.10462899999   	110831.61691600003  	0.575288048692136   	0.0804353447581374  	0.056548446095004215
44081     	0.37992831541218636 	63915.342649999984  	111011.56283400003  	0.5757539216484604  	0.08056204564851874 	0.056587544476591985
44243     	0.37841043890865955 	64259.08765899998   	111506.59376300003  	0.5762806080829487  	0.08018687917651333 	0.056290505207400685
44297     	0.378698224852071   	64380.91625099998   	111896.97660100003  	0.5753588542482979  	0.08019853957997126 	0.056281794259362604
44324     	0.37943262411347517 	64468.87872299998   	111984.93907300003  	0.5756924034309151  	0.08030409195387919 	0.05634050299714504 
44351     	0.38016528925619836 	64567.10724199998   	112083.34810300003  	0.5760633344273891  	0.08042020974715244 	0.05639910586526364 
44378     	0.38089622641509435 	64763.35922999998   	112440.03256700003  	0.5759813275704025  	0.08055098374827031 	0.05647072687172291 
44486     	0.38028169014084506 	64908.08751199998   	112613.57899300003  	0.5763788709355788  	0.0804126001609312  	0.056345212399505164
44540     	0.3805620608899297  	65006.82767999997   	112835.09122400003  	0.576122436511781   	0.080453141777652   	0.05635366701545157 
44594     	0.3808411214953271  	65604.80377199997   	114130.52683600003  	0.5748225789430628  	0.08050100225042015 	0.05640721266590707 
44783     	0.37891077636152953 	65890.06208199997   	114549.64904200003  	0.5752096373323776  	0.08005291898121225 	0.05612159765508669 
45044     	0.3761467889908257  	66005.51659399997   	114687.10770800004  	0.5755269089360402  	0.07941008781792318 	0.05567979974925999 
45088     	0.37643020594965676 	66106.36244999997   	114787.95356400004  	0.5758998257002845  	0.0793922794804491  	0.055681563535404835
45111     	0.37714285714285717 	66113.98221399997   	114809.13795800004  	0.5758599305761365  	0.07943993557389162 	0.05574211334261837 
45133     	0.3778538812785388  	66391.23930299998   	115303.16518300003  	0.5757971968733823  	0.0795012783325974  	0.05581626602739453 
45266     	0.3764172335600907  	66688.65123699998   	115724.21768300004  	0.5762722148589352  	0.07908965748617523 	0.05557078386706567 
45311     	0.3766968325791855  	66886.49726399999   	116235.01426800004  	0.5754418983403876  	0.0790392400952547  	0.055575414832849175
45333     	0.37740112994350283 	67059.56383799999   	116484.32047200004  	0.575696055625954   	0.07908038861495299 	0.0556485618207606  
45355     	0.3781038374717833  	67085.81901499999   	116521.51507400004  	0.5757376135419745  	0.07912387772520121 	0.055722507120819706
45377     	0.3788049605411499  	67344.01689099999   	116856.76861000004  	0.5762953887228832  	0.07919613872295778 	0.055800547207650035
45400     	0.3795045045045045  	67459.30504199999   	116972.05676100004  	0.5767129937693954  	0.07928278805372978 	0.05587863076695119 
45444     	0.3797752808988764  	67496.53455899999   	117029.96082600004  	0.5767457673454556  	0.07928431416116233 	0.05589491120731134 
45511     	0.3796192609182531  	67626.12027599999   	117170.14539100004  	0.5771616997685693  	0.07920902391582058 	0.055849065986901855
45533     	0.38031319910514544 	67750.07307799999   	117350.95946900004  	0.5773286676526675  	0.07932496960282572 	0.055934220657312635
45577     	0.38058035714285715 	67787.28253899999   	117406.62375800003  	0.5773718753613422  	0.07935544239731243 	0.055957751873711804
45777     	0.37790055248618787 	67841.53394899999   	117461.34188100003  	0.5775647788676735  	0.07877867763289818 	0.0555482039412983  
45800     	0.37858719646799116 	68231.23084599999   	117984.19801400002  	0.5783082141042621  	0.07893212599114277 	0.055621116389209295
45888     	0.378021978021978   	68518.99561199998   	118391.01820200002  	0.5787516371815651  	0.078856264996638   	0.05551765947482449 
46046     	0.37663755458515286 	68848.91329199998   	119330.47961500002  	0.5769599981004817  	0.07857426136509403 	0.05531859951610969 
46069     	0.37731733914940024 	69083.26836399999   	119828.00822600002  	0.576520209145982   	0.07873530152380541 	0.05544579860388431 
46232     	0.37554112554112556 	69256.039035        	120000.77889700003  	0.5771299125853538  	0.07836592687738801 	0.05520690990606167 
46279     	0.3758099352051836  	69322.344528        	120078.14584400003  	0.5773102510931538  	0.0783898204464341  	0.05525984584090013 
46325     	0.3760775862068966  	69501.680589        	120279.83461900003  	0.5778331904857903  	0.0784133794618524  	0.055301109796477954
46395     	0.37593984962406013 	69556.748093        	120337.67571400003  	0.5780130593373909  	0.0783562617186389  	0.055283024979515885
46418     	0.37660944206008584 	69623.430611        	120409.52242400002  	0.578221964587102   	0.07843403747067611 	0.05534068908297872 
46441     	0.37727759914255093 	69889.69331         	120812.71698400003  	0.5784961637710369  	0.07852679334586543 	0.05541348366605417 
46465     	0.37794432548179874 	70035.618431        	121005.21832700002  	0.5787818029610784  	0.07863458926370631 	0.055489107479654534
46488     	0.3786096256684492  	70126.118234        	121117.03151000003  	0.5789946910002499  	0.07875243717408703 	0.05556585403539472 
46511     	0.37927350427350426 	70290.47929799999   	121422.33047800003  	0.5788925234863254  	0.07887971847096222 	0.055651690205167394
46604     	0.37872340425531914 	70401.79530499999   	121662.79277100004  	0.5786633176957714  	0.07874200670807019 	0.05556062257030356 
46720     	0.37777777777777777 	70505.50635099999   	121771.43682300004  	0.578998722446568   	0.07851873490644375 	0.05541040504541958 
46744     	0.3784355179704017  	71011.93220699999   	122904.74735800004  	0.5777802219482593  	0.0786352050912555  	0.05551804194144677 
46837     	0.3778947368421053  	71148.62084899998   	123169.73562200004  	0.5776469397267402  	0.07847232244552238 	0.05545099661278704 
46883     	0.37815126050420167 	71289.08811199998   	123568.52314500004  	0.5769194799580686  	0.07846779983167197 	0.055508888403531235
47051     	0.3768267223382046  	71391.49270199999   	123672.58307500005  	0.5772620812707154  	0.07810306679000267 	0.055289418104140516
47102     	0.3770833333333333  	71563.45463         	123902.74440400004  	0.5775776394157873  	0.078071115598745   	0.05530430090549916 
47153     	0.37733887733887733 	71878.993739        	124520.57115800004  	0.5772459367199265  	0.07804825650522737 	0.0553408364015663  
47179     	0.37798546209761164 	71953.217659        	124606.25681500003  	0.5774446604701982  	0.07809980353267564 	0.055413950469564946
47256     	0.3778467908902691  	72177.84680500001   	124852.96540800003  	0.5781027832950066  	0.07801216772777052 	0.05537428581618811 
47538     	0.37461617195496416 	72404.69280500001   	125416.50082100004  	0.5773139286379803  	0.07727468458241916 	0.054884477003288475
47769     	0.372210953346856   	72553.56033500002   	125604.65650300003  	0.5776343198969466  	0.0766735295275434  	0.05450917087189898 
47794     	0.3728470111448835  	72669.70186100002   	125813.33539700003  	0.5775993588572551  	0.07670379314195129 	0.05458552885438348 
47820     	0.3734817813765182  	72705.72534000002   	125852.41533900003  	0.5777062374540655  	0.07672298355367166 	0.05465910277411099 
47923     	0.37298387096774194 	72772.77073300001   	125919.46073200002  	0.5779310863464189  	0.07651391075032932 	0.05456701830596829 
48000     	0.37286432160804023 	72996.34480400001   	126179.71220900002  	0.5785109470141381  	0.07637470070423194 	0.0545238146550937  
48063     	0.3731193580742227  	73158.25121300001   	126358.20063300001  	0.5789750949800548  	0.07632897479634265 	0.05453812524546022 
