23513     	1.0                 	104.29275200000001  	104.29275200000001  	1.0                 	0.005001050105288203	0.00029916636095427473
23567     	0.6666666666666666  	214.241605          	214.241605          	1.0                 	0.005015621262704429	0.0003242021935406341
23621     	0.6                 	310.486194          	310.486194          	1.0                 	0.005629300344359307	0.0005204639624360374
23729     	0.4444444444444444  	500.06138           	505.758829          	0.9887348501433675  	0.006318815023375824	0.0005573038494442646
23756     	0.5                 	684.849442          	690.546891          	0.9917493669521134  	0.009118559401891126	0.0009293743752661357
23783     	0.5454545454545454  	887.545674          	893.243123          	0.9936216144817719  	0.01220858713509103 	0.0014326225650560154
23837     	0.5384615384615384  	973.454487          	979.151936          	0.9941812411429476  	0.01430709270537999 	0.001770135954781205
23864     	0.5714285714285714  	1171.5453479999999  	1177.2427969999999  	0.9951603449904141  	0.017347411886428327	0.002409809954132524
23891     	0.6                 	1336.2627129999998  	1341.9601619999999  	0.995754382908425   	0.020914754831298833	0.003021719140051285
23918     	0.625               	1420.9808709999998  	1426.6783199999998  	0.9960064936011644  	0.024317516171269385	0.003659973319781499
24073     	0.5238095238095238  	1508.3617549999997  	1514.0592039999997  	0.996236970796817   	0.022337803693936866	0.00348321593111764 
24097     	0.5454545454545454  	1580.5498359999997  	1586.2472849999997  	0.9964082214331418  	0.025431623272674068	0.003990939953607958
24121     	0.5652173913043478  	1653.1804519999996  	1658.8779009999996  	0.996565480198051   	0.028677733437499863	0.004456783548793321
24195     	0.5384615384615384  	1741.9169969999996  	1747.6144459999996  	0.9967398707346231  	0.029453644413252246	0.004472294994348752
24268     	0.5172413793103449  	1971.9785039999997  	2002.4465209999996  	0.9847846038930496  	0.030552570718476984	0.004597828514958357
24414     	0.45714285714285713 	2067.5076309999995  	2097.9756479999996  	0.9854774210420195  	0.02801050205905551 	0.004208904263549684
24439     	0.4722222222222222  	2210.0503439999993  	2240.5183609999995  	0.9864013535749818  	0.03007041663141087 	0.004507521266642659
24487     	0.47368421052631576 	2364.2602959999995  	2394.7283129999996  	0.9872770464880706  	0.031135068271822802	0.004707540015201871
24512     	0.48717948717948717 	2544.6513619999996  	2591.6795259999994  	0.981854174666193   	0.033122873915554824	0.005091956214642552
24536     	0.5                 	2686.697899         	2733.7260629999996  	0.9827970458940605  	0.035115976482903474	0.005517308309158869
24560     	0.5121951219512195  	2777.4007659999997  	2824.4289299999996  	0.9833494964236895  	0.03684492220264573 	0.0059429659834381605
24682     	0.4782608695652174  	3076.253065         	3141.4089989999998  	0.9792590095652172  	0.03568657936580105 	0.005894571642291106
24804     	0.45098039215686275 	3272.3617569999997  	3337.517691         	0.9804777262527474  	0.03467764247173657 	0.005885161280218296
24829     	0.46153846153846156 	3339.3573239999996  	3404.513258         	0.9808618944729043  	0.03665406726210014 	0.006336499775750736
24853     	0.4716981132075472  	3421.718611         	3486.874545         	0.9813139437168938  	0.03853502256673665 	0.006773951605685422
24926     	0.4642857142857143  	3490.8175159999996  	3555.97345          	0.9816770471106863  	0.039013210109279925	0.006945906683571019
24975     	0.46551724137931033 	3560.167224         	3625.599865         	0.9819526027591574  	0.040273891583442974	0.007227733251899989
25076     	0.45901639344262296 	3681.0687759999996  	3746.501417         	0.9825350016676637  	0.040859225566488695	0.0073859458677741855
25205     	0.4393939393939394  	3770.7119479999997  	3836.144589         	0.9829431244099542  	0.039962161926992305	0.007142375887061522
25230     	0.44776119402985076 	3783.3773759999995  	3848.896667         	0.9829771239218357  	0.04154367688111594 	0.007347100074921527
25256     	0.45588235294117646 	3936.5334879999996  	4005.279622         	0.982836121198032   	0.0432156681753729  	0.0075526357842493974
25307     	0.45714285714285713 	4042.9215629999994  	4113.301715         	0.9828896208261737  	0.044154690808566904	0.007649431553493722
25333     	0.4647887323943662  	4237.117714999999   	4319.724426         	0.9808768562867579  	0.045853796974827006	0.007872268502229498
25410     	0.4594594594594595  	4333.7984           	4416.405111         	0.9812954860517097  	0.046152798219690115	0.007871984869785563
25512     	0.44871794871794873 	4398.722750999999   	4481.329462         	0.9815664722488104  	0.04577698956041806 	0.007781925652334558
25538     	0.45569620253164556 	4445.376689         	4527.9834           	0.9817564015362776  	0.047110279036283544	0.007994072365094619
25589     	0.4567901234567901  	4634.816272         	4723.8649940000005  	0.9811491814196415  	0.04742322952366475 	0.008012315596486241
25692     	0.4470588235294118  	4758.908155         	4847.9568770000005  	0.9816317008877552  	0.04643359426438676 	0.00782705151582538 
25743     	0.4482758620689655  	4824.139523         	4913.188245         	0.9818755729356345  	0.04641614342721216 	0.007803428738788853
25769     	0.45454545454545453 	4973.418111999999   	5072.283555         	0.9805086916123718  	0.047033906288350365	0.00787973449969712 
25794     	0.4606741573033708  	5097.30365          	5196.169093         	0.9809733976646012  	0.04772950111436465 	0.00797371019997939 
25871     	0.45652173913043476 	5267.90858          	5366.774023000001   	0.9815782362781998  	0.047512779211652   	0.007907308756078422
25923     	0.4574468085106383  	5356.028224000001   	5454.893667000001   	0.9818758258115831  	0.04778322548595272 	0.00789677860920504 
26180     	0.41904761904761906 	5544.941702000001   	5643.807145000002   	0.9824824909037532  	0.04388157053899687 	0.0072198853563531324
26240     	0.4166666666666667  	5665.574760000001   	5764.440203000002   	0.9828490816942558  	0.04380548083226658 	0.0071687214515229756
26260     	0.42201834862385323 	5774.514648000001   	5873.380091000002   	0.9831671981945292  	0.04466515067708532 	0.007254472360512426
26280     	0.42727272727272725 	5838.866430000001   	5937.7318730000015  	0.9833496282562774  	0.04556762471947027 	0.007341381729881592
26420     	0.41025641025641024 	5917.229681000001   	6016.095124000001   	0.9835665093449741  	0.04384749560016051 	0.007023037362361516
26440     	0.4152542372881356  	6043.702902000001   	6147.547404000002   	0.9831079786497567  	0.04456446193187528 	0.007089157145383441
26500     	0.4132231404958678  	6302.581155000001   	6406.425657000002   	0.9837905709736076  	0.04460424266484471 	0.007067127340497826
26540     	0.4146341463414634  	6452.298026         	6566.285089000002   	0.98264055528278    	0.04506880334122703 	0.00710905314546911 
26560     	0.41935483870967744 	6520.60282          	6634.5898830000015  	0.9828192751910598  	0.04594103714185008 	0.007209721667981569
26580     	0.424               	6618.492382         	6733.618537000001   	0.9829027803747118  	0.046873487729931475	0.007313125597232743
26680     	0.4153846153846154  	6787.017686         	6933.882553000001   	0.9788192450798783  	0.04626175949396786 	0.007204616983284812
26700     	0.4198473282442748  	6955.698711         	7125.955320000001   	0.9761075390801074  	0.04716280669744684 	0.007346585450123257
26920     	0.39436619718309857 	7171.959878         	7342.216487000001   	0.9768112790869822  	0.044588591552372624	0.006970209676064595
27050     	0.3877551020408163  	7281.0317749999995  	7451.288384         	0.9771507153896245  	0.04411009130989914 	0.006922511406570603
27075     	0.3918918918918919  	7484.374365         	7654.630974000001   	0.9777576986299796  	0.04481274236155718 	0.007061558597052889
27150     	0.39072847682119205 	7596.069506999999   	7766.326116         	0.978077586949479   	0.04477755078233186 	0.007105121439673666
27175     	0.39473684210526316 	7636.950660999999   	7807.20727          	0.9781923800519259  	0.045338379967735355	0.007244798286337972
27225     	0.3961038961038961  	7759.988297999999   	7930.244907         	0.9785307249654148  	0.045683881350768674	0.007337713436090931
27325     	0.3924050632911392  	7949.793455999999   	8123.419527         	0.9786264798435049  	0.04541676433692174 	0.007328911776584767
27400     	0.391304347826087   	8055.437295999999   	8229.063367         	0.9789008708213048  	0.04548138746730745 	0.007373889818099195
27475     	0.3902439024390244  	8112.658281999999   	8286.284353000001   	0.979046570983635   	0.04550774041721675 	0.007398857487886118
27525     	0.39156626506024095 	8195.343310999999   	8368.969382000001   	0.9792535898896418  	0.045773480710777324	0.007431228218349007
27750     	0.37714285714285717 	8349.807732999998   	8523.433804         	0.979629563038488   	0.04415682831570386 	0.007160926696368166
27800     	0.3785310734463277  	8419.023027999998   	8592.649099         	0.979793650479663   	0.044396053999303596	0.0071958890356134935
28075     	0.36363636363636365 	8450.211920999998   	8623.837992         	0.9798667285771059  	0.04258800229720564 	0.006901378715021038
28100     	0.3670212765957447  	8608.437243999999   	8782.534112000001   	0.9801769209456157  	0.042979047730155436	0.006958823193820143
28325     	0.3553299492385787  	8692.443394999998   	8866.540263         	0.980364734965846   	0.041409939222348084	0.006722847159008978
28375     	0.35678391959798994 	8747.476178999998   	8922.004701000002   	0.9804384185114313  	0.041405150925500116	0.006738193671186016
28400     	0.36                	8833.656531999997   	9008.185054000001   	0.9806255620911666  	0.041656620335967946	0.006789509642822847
28475     	0.35960591133004927 	8903.179911999998   	9077.708434000002   	0.980773944958805   	0.04149172073069128 	0.006763806826563197
28500     	0.3627450980392157  	8954.230100999997   	9128.758623000002   	0.98088146163047    	0.04175945784318408 	0.006805265184535717
28600     	0.3605769230769231  	9136.208267999997   	9310.73679          	0.9812551330859817  	0.04137975565752033 	0.006748761117977479
28625     	0.36363636363636365 	9257.282745999997   	9431.811268000001   	0.981495757597256   	0.04164277328896119 	0.006802167530237448
28675     	0.36492890995260663 	9357.808746999997   	9533.013394000001   	0.9816212733834743  	0.04174117296151441 	0.006824527245422074
28725     	0.36619718309859156 	9447.253379999996   	9631.171401000001   	0.9809038783194214  	0.041879019804517206	0.006839931455464745
28750     	0.3691588785046729  	9542.686844999997   	9727.057688         	0.9810455690802105  	0.042238984146038924	0.006887997217974915
28775     	0.37209302325581395 	9670.915216999996   	9855.28606          	0.9812921875755269  	0.042628253582256095	0.0069378401823666355
28800     	0.375               	9811.592760999996   	9999.985729         	0.9811606763144008  	0.043072309649923694	0.00699165832969001 
28925     	0.37104072398190047 	9872.104031999996   	10060.497           	0.9812739899430412  	0.04261641298687917 	0.006900256631672743
28950     	0.3738738738738739  	10038.335064999996  	10230.067681999999  	0.9812579326980054  	0.04295049841757262 	0.006938403162684474
29050     	0.37333333333333335 	10125.721026999996  	10317.453644        	0.9814166727939211  	0.04285547274680841 	0.006926889056932777
29125     	0.37280701754385964 	10362.797100999996  	10554.529718        	0.9818340918901373  	0.04275970842332709 	0.006929047494464308
29200     	0.3722943722943723  	10430.908322999996  	10622.64094         	0.981950569723389   	0.04265830047521919 	0.006929694075964286
29300     	0.3702127659574468  	10580.581906999996  	10772.314524        	0.9822013536113492  	0.04242687774818244 	0.006901728876713826
29425     	0.36666666666666664 	10703.031284999995  	10894.763901999999  	0.982401397705846   	0.041969375692752095	0.006834238291178079
29525     	0.36475409836065575 	10865.317528999996  	11099.129765999998  	0.978934182955835   	0.04172085159810044 	0.00680990237943306 
29625     	0.3629032258064516  	10961.963482999996  	11201.915262999999  	0.9785793969721798  	0.04145445438303482 	0.006784770342516195
29650     	0.3654618473895582  	11015.904527999995  	11255.856307999999  	0.9786820501760084  	0.0417032917243396  	0.006842537603202943
29700     	0.3665338645418327  	11165.218668999996  	11405.170449        	0.9789611403816378  	0.041770024843713956	0.006877743893720648
29775     	0.3661417322834646  	11252.067254999996  	11494.057723        	0.9789464718351142  	0.04170378827463052 	0.006885733717598903
29900     	0.36293436293436293 	11278.894989999997  	11520.885458        	0.9789954974483348  	0.041327602283326006	0.0068411650456036656
30102     	0.35714285714285715 	11380.959625999996  	11622.950094        	0.9791799443305771  	0.04057375298578991 	0.006733736202211726
30205     	0.35555555555555557 	11538.736062999997  	11780.726531        	0.9794587823286428  	0.04026644149112181 	0.006703961516699505
30282     	0.3553113553113553  	11636.820081999997  	11878.81055         	0.9796283923393321  	0.040096840478223594	0.006687706789462916
30307     	0.35766423357664234 	11748.659450999996  	11990.649919        	0.9798184027025463  	0.04024473776791538 	0.006721058339712269
30358     	0.358695652173913   	11832.438578999996  	12074.429047        	0.9799584338888365  	0.04021512238318405 	0.006727588588298709
30410     	0.3597122302158273  	11946.911237999995  	12192.866843        	0.9798279101898657  	0.04014671784275865 	0.006717507088155065
30538     	0.3568904593639576  	12042.039095999995  	12287.994701        	0.9799840729928059  	0.03968958113587243 	0.006642233094079483
30589     	0.35789473684210527 	12092.308682999996  	12338.264288        	0.9800656235545856  	0.039627580726901736	0.00663532566680216 
30615     	0.36013986013986016 	12214.733463999995  	12463.986057        	0.9800021765220108  	0.03972969498588686 	0.006654265400536379
30666     	0.3611111111111111  	12427.215611999995  	12676.468205        	0.980337378758092   	0.03975514398809572 	0.006656300524176043
30769     	0.3595890410958904  	12516.015362999995  	12765.267956        	0.9804741589554452  	0.03950366669189162 	0.006612494352224294
30820     	0.36054421768707484 	12693.263354999995  	12942.515948        	0.9807415657047329  	0.0395428892763669  	0.006621580918473519
30846     	0.36271186440677966 	12809.949231999995  	13059.201825        	0.9809136426299159  	0.039767237124454034	0.0066541935133808214
30871     	0.36486486486486486 	12930.712425999995  	13179.965019        	0.9810885239345714  	0.040022205087483366	0.006688543390327997
30897     	0.367003367003367   	13012.751194999995  	13262.003788        	0.9812055103448591  	0.040277847176664744	0.00672419554782632 
30974     	0.36666666666666664 	13085.384640999995  	13338.76133         	0.9810044813958746  	0.040284366113815154	0.006715910864058348
31157     	0.3627450980392157  	13173.346929999994  	13426.723618999999  	0.9811289264462513  	0.03987904307491181 	0.0066378701592644295
31263     	0.36129032258064514 	13221.801951999994  	13475.178640999999  	0.9811967844174568  	0.03972645746065668 	0.006597148627329934
31447     	0.35646687697160884 	13377.529175999995  	13630.905864999999  	0.9814116030504915  	0.039159191608754335	0.006488758733898347
31473     	0.3584905660377358  	13530.943869999994  	13784.689435999999  	0.9815922174251293  	0.03938627151962763 	0.006508480536598061
31631     	0.3549382716049383  	13615.859305999993  	13869.604871999998  	0.9817049174549833  	0.03893120679249252 	0.006424693704676664
31684     	0.3558282208588957  	13797.579573999992  	14051.325139999997  	0.9819415205703507  	0.03893128560603415 	0.006423522921466511
31736     	0.3567073170731707  	14010.820760999992  	14264.566326999997  	0.9822114770135202  	0.03895704440405604 	0.006430011821959316
31763     	0.3586626139817629  	14200.488017999991  	14454.233583999996  	0.9824448965401468  	0.039122117824468866	0.006461249442624329
32173     	0.34492753623188405 	14272.23084999999   	14525.976415999996  	0.9825316000292751  	0.03751832481215196 	0.006203782243054424
32260     	0.3438395415472779  	14394.50332899999   	14648.248894999995  	0.9826774129918957  	0.03725913829876569 	0.0061657705735336105
32282     	0.3457142857142857  	14584.63214999999   	14838.377715999995  	0.9828993727712972  	0.03733731916578399 	0.00618743623050215 
32326     	0.3465909090909091  	14692.98858599999   	14947.456842999996  	0.982975815908164   	0.03733496627131924 	0.006192363882957717
32369     	0.3474576271186441  	14853.22440399999   	15116.707198999997  	0.9825700933720912  	0.0373723734224219  	0.006200365044835956
32434     	0.3473389355742297  	15011.94492399999   	15275.427718999998  	0.9827512001727925  	0.03729863561862095 	0.006188427430547906
32456     	0.34916201117318435 	15165.30432999999   	15428.787124999997  	0.9829226501820695  	0.03743206134803367 	0.0062105125643527855
32500     	0.35                	15419.33789699999   	15682.820691999998  	0.9831992726197263  	0.03748936666002649 	0.006224430760396421
32543     	0.35082872928176795 	15469.452867999991  	15732.935662999998  	0.9832527888854428  	0.03755830058207968 	0.006239244517642378
32608     	0.3506849315068493  	15635.04079099999   	15916.742346999998  	0.9823015570737624  	0.037535699692092105	0.006239902802062346
32695     	0.34959349593495936 	15707.99258699999   	15989.694142999997  	0.9823823049096075  	0.03739025419574254 	0.00622213782666828 
32826     	0.3466666666666667  	15747.62950899999   	16030.866944999996  	0.982331745564868   	0.03703526778506632 	0.0061703965157106026
32869     	0.34748010610079577 	15778.20964799999   	16061.447083999996  	0.9823653849794045  	0.03708768667986264 	0.006185385710054491
32913     	0.3482849604221636  	15911.129580999988  	16194.367016999995  	0.9825101261628393  	0.03717818545952314 	0.006202184871984502
32956     	0.34908136482939633 	16081.805293999989  	16365.042729999996  	0.9826925330612928  	0.037279535265536505	0.006223789513801905
33119     	0.3462532299741602  	16176.539694999989  	16459.777130999995  	0.9827921463488978  	0.03695628200826057 	0.006173329896314918
33214     	0.3452685421994885  	16340.264849999989  	16643.193049999994  	0.981798672941548   	0.0368474394201774  	0.006157597460772255
33333     	0.3434343434343434  	16426.20485699999   	16729.133056999995  	0.9818921758247806  	0.036653077530999875	0.006126697471462511
33380     	0.3442211055276382  	16517.77758399999   	16820.705783999994  	0.9819907556858789  	0.036757615294429294	0.006145104471205236
33404     	0.3458646616541353  	16560.874758999988  	16863.802958999993  	0.9820367801535337  	0.03695866102732856 	0.006179049245024593
33547     	0.3432098765432099  	16615.885459999987  	16918.813659999993  	0.9820951866905303  	0.03669127685874877 	0.006134659878955879
33595     	0.343980343980344   	16698.487663999986  	17001.41586399999   	0.9821821780948581  	0.03680882180292987 	0.00615159703368128 
33714     	0.3422330097087379  	16743.640244999984  	17046.56844499999   	0.9822293735553058  	0.036650519304305504	0.0061225167995054485
33785     	0.3421686746987952  	16787.947562999983  	17090.87576299999   	0.9822754430960282  	0.03668065945370567 	0.006123998251849102
33809     	0.34375             	16900.672183999985  	17203.60038399999   	0.9823915812249545  	0.03691063623606381 	0.006155918907816623
33857     	0.3444976076555024  	17048.591246999986  	17351.51944699999   	0.9825416903156351  	0.03706651552995736 	0.006178110948847544
33904     	0.34523809523809523 	17123.435307999986  	17426.36350799999   	0.982616671581484   	0.03720458146501648 	0.006192861104950876
33928     	0.34679334916864607 	17195.474566999987  	17498.402766999992  	0.9826882370903421  	0.03743816318311454 	0.006224892181179456
33952     	0.34834123222748814 	17259.15272299999   	17562.080922999994  	0.9827510076210115  	0.037649825035814065	0.0062559510749043016
33976     	0.34988179669030733 	17487.617108999988  	17790.545308999994  	0.9829725174389816  	0.0378785437926177  	0.006295763773211628
34000     	0.35141509433962265 	17779.732174999986  	18099.584296999994  	0.9823282061758168  	0.03815220842727785 	0.006342917671978539
34056     	0.352112676056338   	17902.684265999986  	18222.536387999993  	0.982447442266564   	0.038347953677906006	0.00638149666300423 
34075     	0.35362997658079626 	17994.434766999984  	18314.28688899999   	0.982535376674037   	0.03865283468113551 	0.00643623137015404 
34094     	0.35514018691588783 	18261.648141999984  	18581.50026399999   	0.9827865286733767  	0.03899506340940232 	0.006504063664573545
34113     	0.35664335664335667 	18396.853161999985  	18716.705283999992  	0.9829108746893913  	0.039337352178354296	0.006577025555764794
34150     	0.35730858468677495 	18551.176721999986  	18871.028843999993  	0.9830506261929802  	0.039580309199164304	0.0066427709204485265
34169     	0.3587962962962963  	18693.855431999986  	19013.707553999993  	0.9831778141589897  	0.03993837736445104 	0.006728206131738273
34207     	0.35944700460829493 	18793.549375999984  	19113.401497999992  	0.9832655573089135  	0.040221559049766445	0.006799206633838095
34226     	0.36091954022988504 	18872.366203999984  	19192.21832599999   	0.9833342807711447  	0.04061748747655183 	0.006885550181943142
34264     	0.36155606407322655 	18932.847430999984  	19252.69955299999   	0.9833866351511122  	0.040842353075119964	0.006938197338252358
34283     	0.363013698630137   	19173.025193999983  	19492.87731599999   	0.9835913335514881  	0.041181418893679184	0.007012753431191772
34301     	0.36446469248291574 	19252.201042999983  	19572.05316499999   	0.9836577123869668  	0.0415356331597017  	0.00708913836330736 
34320     	0.3659090909090909  	19349.294007999983  	19669.14612999999   	0.983738382953383   	0.0419018519982522  	0.00716824619295817 
34377     	0.3656884875846501  	19450.877904999983  	19777.15979799999   	0.9835020854191104  	0.042096186493432525	0.007213802389556272
34396     	0.36711711711711714 	19659.410285999984  	19985.69217899999   	0.9836742260374225  	0.04249289072377529 	0.007298584908777129
34433     	0.36771300448430494 	19764.707997999983  	20090.98989099999   	0.9837597900964468  	0.042810087482372125	0.007370655907111924
34471     	0.36830357142857145 	19997.976304999982  	20324.25819799999   	0.9839461844156204  	0.04314815510714808 	0.007454407699139376
34490     	0.36971046770601335 	20125.580834999982  	20451.86272799999   	0.9840463483771918  	0.04357987115449175 	0.0075552936811101295
34698     	0.3630434782608696  	20282.007331999983  	20608.28922499999   	0.984167444010627   	0.04293339428932031 	0.007472352340888432
34811     	0.3605150214592275  	20452.66205199998   	20786.64561099999   	0.983932782361803   	0.042757609039989604	0.007473935775297124
34830     	0.3618843683083512  	20554.211810999983  	20888.19536999999   	0.9840108945227657  	0.04307088751279656 	0.007555612231919893
34867     	0.3624733475479744  	20719.452250999984  	21053.43580999999   	0.9841363869529851  	0.043287257658387375	0.007625212594275989
34886     	0.3638297872340426  	20981.625852999983  	21315.60941199999   	0.9843315031466102  	0.043616969112649256	0.0077168828946328994
34905     	0.3651804670912951  	21110.643139999982  	21452.64891799999   	0.9840576434496605  	0.04395538070546657 	0.007805973249057296
34943     	0.3657505285412262  	21226.08457099998   	21568.09034899999   	0.9841429736028593  	0.0441910990553505  	0.007878786440220586
35061     	0.36401673640167365 	21396.57286699998   	21738.57864499999   	0.9842673348803017  	0.0440849046725114  	0.007895803036639908
35102     	0.3645833333333333  	21484.41476399998   	21826.42054199999   	0.9843306520488828  	0.04426583446477152 	0.007958595896629516
35183     	0.36363636363636365 	21622.99886199998   	21965.090165999987  	0.9844256817789195  	0.044271371644842225	0.00798429481724655 
35204     	0.3649484536082474  	21815.585471999977  	22157.676775999986  	0.9845610481884751  	0.04456400996009661 	0.008065496196422776
35244     	0.3655030800821355  	21933.205367999977  	22279.939050999987  	0.9844374043301323  	0.04477384568051893 	0.008129390773033134
35265     	0.3668032786885246  	21964.788266999978  	22311.521949999988  	0.9844594338397427  	0.04504733692094353 	0.008197866205296849
35367     	0.36511156186612576 	22251.08652899998   	22597.820211999988  	0.9846563217271777  	0.04488769814430561 	0.008191880865894934
35408     	0.3656565656565657  	22433.404667999977  	22780.138350999987  	0.9847791230387857  	0.0450180917229491  	0.008237497469796492
35428     	0.36693548387096775 	22618.92166099998   	22965.655343999988  	0.9849020775672923  	0.04521670128037624 	0.008290025610424167
35510     	0.366               	22886.23515299998   	23232.96883599999   	0.9850757909827375  	0.0451481135543385  	0.00829472473883236 
35632     	0.36363636363636365 	23017.193205999978  	23363.926888999988  	0.9851594432456791  	0.04490311385780559 	0.008261900845580034
35653     	0.36489151873767256 	23125.18079899998   	23477.934977999987  	0.9849750764140647  	0.045116227183231876	0.008305800221971669
35673     	0.3661417322834646  	23373.55444599998   	23726.308624999987  	0.9851323615242736  	0.045364081241090905	0.008356214254726822
35734     	0.3659491193737769  	23516.23830099998   	23869.618137999987  	0.9851954130578472  	0.04544033073576084 	0.008373404648250307
35775     	0.3664717348927875  	23689.85155299998   	24043.231389999986  	0.9853023151810207  	0.04560790862243285 	0.008413511545183513
35857     	0.3655705996131528  	23883.03492599998   	24236.414762999986  	0.9854194673405454  	0.04560523259962956 	0.008426250888978817
35897     	0.36608863198458574 	24028.717188999977  	24388.464378999986  	0.9852492889913244  	0.045789498678162954	0.008467642679416309
35938     	0.3666026871401152  	24125.872610999977  	24485.619800999986  	0.9853078176936605  	0.045976097027783276	0.008507245332589241
36090     	0.3650190114068441  	24316.999160999978  	24683.633478999986  	0.9851466633422535  	0.04591465948875246 	0.00849550394180167 
36121     	0.36622390891840606 	24347.233155999977  	24713.867473999984  	0.9851648343430779  	0.046207524116372335	0.008548553242605169
36181     	0.3667296786389414  	24593.252097999975  	24959.886415999983  	0.9853110582360268  	0.046425800569719476	0.008588250369064422
36212     	0.36792452830188677 	24734.775964999975  	25101.410282999983  	0.9853938757278387  	0.04676176854499195 	0.008645409213617575
36242     	0.3691148775894539  	24866.531651999976  	25233.165969999984  	0.9854701420172204  	0.047115930648647567	0.008706849271985869
36333     	0.36891385767790263 	24899.425265999977  	25266.059583999984  	0.985489058284649   	0.047237327585744435	0.008720980056385033
36363     	0.37009345794392523 	25120.678493999978  	25487.312811999986  	0.9856150265544122  	0.04754715934503527 	0.008773927130999944
36424     	0.37057728119180633 	25301.03579799998   	25667.670115999987  	0.9857161044869645  	0.047714402096967534	0.00879356488060527 
36454     	0.37174721189591076 	25460.515535999977  	25827.465812999988  	0.9857922461438199  	0.0479783038548159  	0.008827077045052985
36484     	0.37291280148423006 	25485.392136999977  	25852.342413999988  	0.9858059176563709  	0.04824516966298941 	0.008860617858166756
36757     	0.3686131386861314  	25583.925025999975  	25950.875302999986  	0.9858598111733985  	0.04766726314118387 	0.008747034695212322
36818     	0.3690909090909091  	25834.118553999975  	26201.068830999986  	0.9859948355783925  	0.047724192388844566	0.008752730909334528
36878     	0.3695652173913043  	26048.875303999976  	26415.825580999986  	0.9861086954910867  	0.04776692379338039 	0.008764005499913545
36939     	0.3700361010830325  	26132.426029999977  	26499.376306999988  	0.9861524938266913  	0.04778568187383717 	0.008768004995307471
36969     	0.37117117117117115 	26271.581429999977  	26638.531706999987  	0.9862248309690588  	0.04789233963023084 	0.008781682382381143
37037     	0.37163375224416517 	26507.894854999977  	26874.845131999988  	0.9863459575228182  	0.04791953507010669 	0.008784616785287374
37055     	0.3727598566308244  	26603.36163299998   	26970.31190999999   	0.9863942887192212  	0.04804752687886832 	0.008804791470599305
37111     	0.37254901960784315 	26717.18291399998   	27084.13319099999   	0.9864514668270075  	0.047987881487945735	0.0087966149542039  
37203     	0.3710247349823322  	26848.55637699998   	27215.50665399999   	0.9865168676936581  	0.04778809489893365 	0.008758307028025181
37277     	0.3701754385964912  	27068.51033299998   	27435.46060999999   	0.9866249638664255  	0.047690866805102934	0.008743034394791946
37351     	0.3693379790940767  	27101.16170399998   	27468.11198099999   	0.9866408627846779  	0.047585086854766805	0.008727656673217388
37370     	0.37043478260869567 	27206.63969699998   	27575.28177699999   	0.9866314301706434  	0.047725484037203496	0.008753256513015525
37407     	0.3708838821490468  	27264.12092499998   	27632.76300499999   	0.9866592392540223  	0.04778703396939485 	0.008763887251015368
37462     	0.3706896551724138  	27438.400062999983  	27807.04214299999   	0.9867428517530115  	0.047771797863619736	0.008765151328820386
37592     	0.3679727427597956  	27560.097501999982  	27928.73958199999   	0.9868006188063855  	0.0473593460503483  	0.008704568042060509
37648     	0.3677966101694915  	27682.531574999983  	28051.771416999993  	0.9868372005278696  	0.047293121208230655	0.008704852001524706
37685     	0.36824324324324326 	27797.70886199998   	28166.94870399999   	0.9868910244456982  	0.04730389632972505 	0.008711808475692558
37703     	0.36930860033726814 	27998.03456399998   	28369.84184399999   	0.9868942773088231  	0.04742539690822273 	0.00873445408805805 
37740     	0.3697478991596639  	28092.36570099998   	28465.82663899999   	0.986880376152915   	0.047479919170757605	0.008743162517922315
37777     	0.37018425460636517 	28122.59776099998   	28496.05869899999   	0.9868942950341018  	0.047531065397102654	0.008751003114798117
37814     	0.37061769616026713 	28227.795916999978  	28605.64002499999   	0.9867912723620309  	0.047596051846825436	0.008759593930276118
37870     	0.3704318936877076  	28406.227136999976  	28784.07124499999   	0.9868731526967143  	0.04758990933552332 	0.008757993408186447
37944     	0.3696369636963696  	28557.837330999977  	28940.68906999999   	0.9867711602141195  	0.04752319630865211 	0.008742697838845705
37962     	0.37067545304777594 	28614.130399999976  	28996.98213899999   	0.9867968419208325  	0.047699707958019866	0.00877134140453378 
38000     	0.37110016420361247 	28811.742103999975  	29203.27701399999   	0.986592774851524   	0.04782867913951781 	0.008788292470175608
38093     	0.3709150326797386  	28856.036565999977  	29247.57147599999   	0.9866130796424825  	0.04786450163908439 	0.008789477392412983
38139     	0.3713355048859935  	29021.337863999976  	29419.64735999999   	0.9864611056983106  	0.04796906980079189 	0.008805773614562357
38162     	0.3723577235772358  	29115.226612999977  	29519.24871299999   	0.9863132661698777  	0.04816166427946523 	0.008833102734771713
38186     	0.37337662337662336 	29325.72061999998   	29729.74271999999   	0.986410171665286   	0.048362711196052025	0.008866783222743283
38302     	0.3719806763285024  	29479.36964099998   	29891.52748199999   	0.9862115497025636  	0.04825317634362854 	0.008842645463862852
38372     	0.3717948717948718  	29537.67937899998   	29949.83721999999   	0.9862383946205631  	0.04828196638435616 	0.008842932388453196
38465     	0.37101910828025475 	29653.06699199998   	30065.22483299999   	0.9862912104170389  	0.0482394371319801  	0.008831278342265134
38488     	0.37201907790143085 	29767.611382999978  	30179.76922399999   	0.9863432408001235  	0.04843071091979839 	0.008866223676913745
38511     	0.373015873015873   	29871.997221999976  	30284.155062999987  	0.9863903140060338  	0.048643684719811876	0.008901803453704475
38581     	0.37282780410742494 	29965.459138999977  	30377.616979999988  	0.9864321865249875  	0.04868756129759438 	0.008908092298193818
38720     	0.37089201877934275 	30027.63383399998   	30439.79167499999   	0.986459899417166   	0.04848747509172715 	0.008873419518301704
38813     	0.3701399688958009  	30196.88016899998   	30610.078712999988  	0.9865012256951654  	0.04842821289194018 	0.008861111130359329
38837     	0.37111801242236025 	30379.77380699998   	30792.97235099999   	0.9865814011297747  	0.048628773906679995	0.0088917041469385  
38860     	0.37209302325581395 	30487.05502999998   	30910.60622899999   	0.9862975447371641  	0.048838507542132314	0.00892386927260154 
38883     	0.37306501547987614 	30564.85278299998   	30988.40398199999   	0.9863319453545902  	0.04905235574641887 	0.008956671767769769
38953     	0.3728813559322034  	30903.40246299998   	31390.00499799999   	0.9844981695596732  	0.049130296255468595	0.0089665055938802  
39000     	0.37327188940092165 	31020.55303599998   	31507.15557099999   	0.9845558087938636  	0.04929511294524929 	0.008991310101676073
39061     	0.37366003062787134 	31190.669370999978  	31677.271905999987  	0.9846387486762128  	0.0494546701955033  	0.009013029407419645
39122     	0.37347560975609756 	31278.66210899998   	31765.264643999988  	0.9846813007713467  	0.049535175223509705	0.009020826643961883
39142     	0.3744292237442922  	31360.78824099998   	31847.39077599999   	0.984720803709712   	0.04978040985957534 	0.009056239096410424
39183     	0.37481031866464337 	31494.36790399998   	31983.56418099999   	0.9847047604128304  	0.049968127380163714	0.0090783874646659  
39204     	0.37575757575757573 	31603.76269099998   	32097.49251699999   	0.9846178069598891  	0.050246580789427356	0.009114853146005802
39285     	0.375               	31690.90554699998   	32184.63537299999   	0.9846594556601935  	0.050300399544677986	0.009109567961238359
39346     	0.3748125937031484  	31794.86371499998   	32305.37016999999   	0.984197473908716   	0.050433116774667955	0.009120389967223549
39387     	0.375186846038864   	31930.225834999983  	32440.732289999993  	0.9842634114903326  	0.050644478846118286	0.009147581835769308
39551     	0.3722304283604136  	32018.268586999984  	32528.775041999994  	0.9843060043195336  	0.05038857142609426 	0.009086885874167302
39571     	0.37315634218289084 	32142.549898999983  	32653.056353999993  	0.9843657374836376  	0.05066163262846836 	0.009120964503636943
39591     	0.374079528718704   	32304.328496999984  	32816.662227999994  	0.9843879999909657  	0.050933914753477826	0.009154486319358697
39612     	0.375               	32450.854782999984  	32981.494531        	0.9839109853708645  	0.05123071459132133 	0.009191108711806081
39632     	0.37591776798825255 	32532.763989999985  	33068.293585        	0.9838053453340896  	0.051526925569787906	0.009224946182444925
39673     	0.3762811127379209  	32634.366642999987  	33169.896238        	0.9838549511533744  	0.05174819312402948 	0.009245694895311986
39734     	0.3760932944606414  	32899.98484099998   	33435.514436        	0.9839832105462265  	0.05185946901454383 	0.009251716938456922
39836     	0.3748191027496382  	33065.732437999985  	33609.785991        	0.9838126445331815  	0.051828823464200556	0.00923179069020403 
39857     	0.37572254335260113 	33174.25077699999   	33719.289849999994  	0.983835986006093   	0.052111892722647914	0.009266192406340197
39918     	0.37553956834532376 	33271.59136899999   	33816.630441999994  	0.9838825138437485  	0.05225212065717382 	0.009276640389574023
39959     	0.37589670014347204 	33453.93677499999   	34010.899203999994  	0.9836240016572539  	0.05249285475841245 	0.009302488455632163
40066     	0.3757142857142857  	33563.99030999999   	34122.625013        	0.9836286128987092  	0.05264519766614764 	0.009312329548712354
40200     	0.375               	33765.971263999985  	34326.826633        	0.9836613102924919  	0.05265005475091191 	0.009296387854443398
40233     	0.375886524822695   	33888.85326499998   	34450.719420999994  	0.9836907279312862  	0.05286354693155022 	0.009312248684470174
40300     	0.37623762376237624 	34051.42074899998   	34613.28690499999   	0.9837673273404484  	0.05299900205289465 	0.009314517318439623
40366     	0.3765867418899859  	34066.93708099998   	34628.80323699999   	0.983774600809777   	0.0531344627427498  	0.00931717597600352 
40466     	0.37640449438202245 	34205.74407999998   	34767.61023599999   	0.9838393794630662  	0.05319006378192368 	0.009303175974068231
40566     	0.37622377622377623 	34260.25660499998   	34822.12276099999   	0.9838646782145835  	0.05323199599735966 	0.009288290494418755
40700     	0.37552155771905427 	34306.69781099998   	34868.563966999995  	0.9838861687412258  	0.05312935171653141 	0.009256379621279034
40766     	0.37586685159500693 	34396.536730999986  	34958.402887        	0.9839275793629304  	0.05318365714372122 	0.00925120166897877 
40800     	0.3767313019390582  	34540.32137999999   	35105.188789        	0.9839092900939758  	0.05332488047562476 	0.009259491474046531
40833     	0.3775933609958506  	34722.01662799998   	35286.884036999996  	0.983992142564707   	0.05344524728514493 	0.0092697877398425  
40866     	0.3784530386740331  	34849.44745999998   	35414.314868999994  	0.9840497434133768  	0.05357431076621736 	0.00928204827611453 
40900     	0.3793103448275862  	34956.40903199998   	35521.276440999995  	0.9840977727830743  	0.05371011971066833 	0.009296173989333262
40933     	0.38016528925619836 	34989.72587699998   	35554.593285999996  	0.9841126741499688  	0.053819330956505824	0.009309625109815494
40966     	0.3810178817056396  	35107.28775399998   	35672.155162999996  	0.9841650327427958  	0.053938964258091075	0.009323756405343636
41071     	0.3813443072702332  	35178.48303499998   	35743.350443999996  	0.9841965735728943  	0.053992416133177984	0.009325545611224513
41107     	0.3821917808219178  	35281.221194999984  	35846.868840999996  	0.9842204447895028  	0.05410510988389834 	0.009339031657704808
41178     	0.3825136612021858  	35495.762853999986  	36061.4105          	0.9843143227578408  	0.05413287346414119 	0.00934239401770482 
41357     	0.3812754409769335  	35709.94000099999   	36275.587647        	0.9844069336242223  	0.05391876815138199 	0.00930774222323763 
41428     	0.38159675236806495 	35780.291134999985  	36345.938781        	0.9844371155355682  	0.05389945869268074 	0.009310653067087176
41464     	0.3824324324324324  	35873.04170499998   	36438.68935099999   	0.9844767291010018  	0.053966555941133254	0.00932693499503904 
41607     	0.3817204301075269  	36140.45399999998   	36706.101645999996  	0.984589819658453   	0.053824344243984586	0.009309561992743359
41642     	0.3825503355704698  	36280.342090999984  	36845.989736999996  	0.9846483253662746  	0.053911797202960375	0.009332610291443453
41678     	0.38337801608579086 	36349.389481999984  	36915.037127999996  	0.9846770397646175  	0.05399927253103734 	0.009356165559728997
41750     	0.3836898395721925  	36486.79522699998   	37052.44287299999   	0.9847338636230056  	0.054021828171121715	0.00936961354051926 
41785     	0.38451268357810414 	36588.29752299998   	37156.471503999994  	0.9847086131163222  	0.05413526649044686 	0.009396019351528968
41892     	0.38430851063829785 	36719.41994099998   	37287.59392199999   	0.984762385521883   	0.054100514728018315	0.009400584224096677
42000     	0.3841059602649007  	36811.85267999998   	37380.026660999996  	0.9848000648540786  	0.05406331792279116 	0.00940155126132317 
42045     	0.38492063492063494 	36902.42730099998   	37470.601281999996  	0.9848368064146077  	0.05417351705016825 	0.009429009263968079
42068     	0.3857331571994716  	36912.57269799998   	37480.746678999996  	0.9848409108317376  	0.054267310625744886	0.009455218263388793
42090     	0.3865435356200528  	36968.21128499998   	37536.385266        	0.984863380504711   	0.054363213884865924	0.009482903015059564
42136     	0.3868421052631579  	36979.53484599998   	37547.708826999995  	0.984867945375366   	0.05438822003591668 	0.00949820825178203 
42159     	0.3876478318002628  	37236.82981899998   	37805.00379999999   	0.9849709317844318  	0.05448622588536351 	0.0095318710575888  
42181     	0.3884514435695538  	37330.215541999976  	37898.38952299999   	0.9850079650309362  	0.05459397215402523 	0.00956889613179685 
42204     	0.3892529488859764  	37499.02181799998   	38067.195798999994  	0.9850744461451784  	0.05472150858639404 	0.009609030181187622
42340     	0.38751625487646296 	37776.73917399998   	38344.913154999995  	0.9851825461514723  	0.05448900279287218 	0.009586081240707721
42363     	0.38831168831168833 	37802.08528499998   	38370.259265999994  	0.9851923340663097  	0.0546153851369214  	0.009625636178338552
42386     	0.38910505836575876 	37895.48104099998   	38482.303647999994  	0.984750845158135   	0.05475092522596127 	0.009667986234965707
42409     	0.3898963730569948  	37940.76782199998   	38527.590428999996  	0.9847687695891225  	0.054890490271822696	0.009710823170340117
42431     	0.3906856403622251  	38152.65123799998   	38755.344035999995  	0.9844487821488522  	0.05501336391028278 	0.00975526854568887 
42454     	0.39147286821705424 	38199.92350399998   	38802.616301999995  	0.9844677278122363  	0.05513825261527552 	0.009800155145104737
42477     	0.39225806451612905 	38293.85667199998   	38896.54947         	0.9845052374513359  	0.05526443019742978 	0.009847375747344317
42522     	0.39253539253539255 	38486.04393299998   	39088.736731        	0.984581420419196   	0.05533163718309563 	0.009885157140842744
42568     	0.392811296534018   	38687.16607899998   	39289.858877        	0.9846603470914265  	0.055415444918612965	0.009927667823717248
42613     	0.39308578745198464 	38778.06679799998   	39384.167065        	0.9846105602284362  	0.055508891476971516	0.009971098489787092
42795     	0.39036755386565275 	38864.61781699998   	39471.365624        	0.9846281526517264  	0.055146247112521515	0.009930468064428556
42931     	0.3886792452830189  	38939.352747999976  	39546.100555        	0.9846572026448938  	0.05491294973376311 	0.009909221216876611
43236     	0.38461538461538464 	39099.288118999975  	39706.035926        	0.9847190032233181  	0.05429618229323528 	0.009814259265129728
43342     	0.38395061728395063 	39178.571407999974  	39785.319214999996  	0.9847494548498869  	0.05416275072390083 	0.00980696838632119 
43394     	0.3842364532019704  	39348.600231999975  	39955.348039        	0.9848143531021735  	0.05417577043365667 	0.009825195003447971
43421     	0.3849938499384994  	39562.413528999976  	40169.161336        	0.9848951835980642  	0.05426570899975721 	0.009859315352887234
43473     	0.3852760736196319  	39634.17348699998   	40240.921294        	0.9849221193876968  	0.054291162867705016	0.00988328271069031 
43578     	0.38461538461538464 	39712.89342699998   	40321.128372        	0.9849152300652778  	0.054172683860692177	0.009875208403480475
43605     	0.3853658536585366  	39932.43944699998   	40557.40977         	0.984590477386396   	0.054261111445796636	0.009904248912420657
43710     	0.38470873786407767 	40152.133166999985  	40777.10349         	0.9846734988630744  	0.05415523897185715 	0.00989838810343775 
43736     	0.38545454545454544 	40241.82849599999   	40866.798819        	0.984707137797408   	0.054250509924654175	0.009928875332234743
43789     	0.3857315598548972  	40406.87889699999   	41031.849220000004  	0.9847686532564224  	0.054296664631934055	0.009949689561671785
43842     	0.38600723763570566 	40476.62926299999   	41101.599586000004  	0.9847945012044521  	0.054338078010875306	0.00996770491551596 
43947     	0.38535414165666265 	40681.04492999999   	41306.015253000005  	0.9848697503457532  	0.054237308121899884	0.009958809609683495
43973     	0.38609112709832133 	40747.208929999986  	41372.179253        	0.9848939472301378  	0.05434206220989625 	0.009985942060484898
44000     	0.38682634730538923 	40921.274968999984  	41546.245292        	0.9849572369631111  	0.054462320470254975	0.010012045805933635
44081     	0.3870967741935484  	41076.51298999998   	41702.500931        	0.9849891990402262  	0.05452047879105085 	0.010024864509779659
44297     	0.38461538461538464 	41198.34158199998   	41824.329523        	0.9850329234648991  	0.05414388480079884 	0.009959638810234176
44324     	0.38534278959810875 	41286.30405399998   	41912.291995        	0.9850643352772332  	0.054215745219401236	0.009978416738368254
44351     	0.3860684769775679  	41384.532572999975  	42011.423069        	0.9850780942371219  	0.05429818988694429 	0.009997235046742403
44378     	0.3867924528301887  	41580.78456099998   	42207.675057        	0.9851474762551259  	0.05439228669381498 	0.010019506427498555
44513     	0.38569753810082064 	41656.89860799998   	42283.789104        	0.9851742119312406  	0.05422380431442619 	0.009992482925076648
44540     	0.3864168618266979  	41755.63877599998   	42382.529272        	0.985208752125745   	0.05431410590643998 	0.010013567627859033
44837     	0.38265895953757223 	41973.08919799998   	42599.979694        	0.9852842536427707  	0.05372387364914729 	0.009913436542722157
44864     	0.3833718244803695  	42013.03458099998   	42639.925077        	0.9852980394579031  	0.053762628584682004	0.009924619342128493
45000     	0.3823191733639495  	42167.079555999975  	42794.757567        	0.9853328293771187  	0.053533385857296806	0.009883945294989326
45044     	0.3830275229357798  	42282.53406799997   	42910.212079        	0.9853722929673608  	0.05355873447545348 	0.009889604797941756
45088     	0.38329519450800914 	42383.37992399997   	43011.758256999994  	0.9853905453191336  	0.053532930680945695	0.009884345831701445
45111     	0.384               	42390.999687999974  	43019.378021        	0.9853931330040784  	0.05356844693433228 	0.009890573455533574
45133     	0.384703196347032   	42668.25677699997   	43296.635109999996  	0.9854866704674957  	0.053616858148833116	0.00990049351626503 
45311     	0.38235294117647056 	42866.10280399997   	43494.481136999995  	0.9855526881440259  	0.0532418920170422  	0.009831117703088104
45333     	0.38305084745762713 	43039.16937799997   	43667.54771099999   	0.9856099468383536  	0.053292067011046974	0.009841867352914818
45355     	0.3837471783295711  	43065.42455499997   	43693.80288799999   	0.985618593679961   	0.05334386064625051 	0.009852924958604408
45400     	0.38400900900900903 	43180.71270599997   	43816.60049199999   	0.9854875143470767  	0.05334764405720366 	0.009853379709748923
45444     	0.3842696629213483  	43217.94222299997   	43853.83000899999   	0.9854998346582381  	0.05334805099856373 	0.009854107358616146
45488     	0.3845291479820628  	43294.12323799997   	43930.01102399999   	0.9855249800494559  	0.05335896496398164 	0.009855073479039758
45511     	0.38521836506159013 	43423.70895499997   	44068.211535999995  	0.9853748868280366  	0.05343260497049044 	0.009864114040654235
45555     	0.3854748603351955  	43497.799339999976  	44142.301921        	0.9853994342625478  	0.05345547392008406 	0.009862855858763963
45577     	0.3861607142857143  	43535.008800999974  	44179.511382        	0.9854117313469744  	0.053533142822906554	0.009872149145409676
45644     	0.38598442714126807 	43686.337530999976  	44330.840112        	0.9854615301814332  	0.053500248267599276	0.0098621152721927  
45777     	0.38453038674033146 	43740.58894099997   	44385.091521999995  	0.9854793003934538  	0.05328593730262491 	0.009819095790632644
46000     	0.3814207650273224  	43819.049096999974  	44463.551677999996  	0.9855049235457519  	0.05280591281869935 	0.009727333804267714
46069     	0.3816793893129771  	44053.40416899997   	44697.906749999995  	0.9855809225115442  	0.05279943920929955 	0.009725682084165499
46139     	0.3815217391304348  	44106.13342299997   	44750.63600399999   	0.9855979123750909  	0.05274208807671873 	0.009713666778105234
46162     	0.38219326818675353 	44180.47601099997   	44824.97859199999   	0.9856217983534062  	0.05281008417947652 	0.009723159081150777
46232     	0.38203463203463206 	44353.24668199997   	44997.74926299999   	0.9856770040378448  	0.05276120402534215 	0.009713597362896646
46279     	0.38228941684665224 	44419.55217499997   	45064.05475599999   	0.9856980783356116  	0.05277478227667051 	0.009715381096241923
46372     	0.3817204301075269  	44453.72819599997   	45098.23077699999   	0.9857089165163277  	0.05266526949129862 	0.009693470715288314
46395     	0.38238453276047263 	44508.795699999966  	45153.29828099999   	0.9857263454601007  	0.052729735722037104	0.009703031990934051
46418     	0.3830472103004292  	44575.47821799997   	45219.98079899999   	0.9857473937491306  	0.05279534318574251 	0.009712823604736014
46441     	0.3837084673097535  	44841.74091699997   	45486.24349799999   	0.9858308241913105  	0.05287463183158802 	0.009726802784049068
46488     	0.3839572192513369  	44932.240719999965  	45577.67852699999   	0.9858387301007955  	0.052906393400945245	0.009730815802786973
46511     	0.38461538461538464 	45096.60178399996   	45742.039590999986  	0.9858896146133584  	0.05300449548490025 	0.009747378500739718
46534     	0.3852721451440768  	45352.77580699996   	46048.469497999984  	0.9848921430270285  	0.05311963649662319 	0.009768348723737644
46581     	0.3855165069222577  	45532.01331899996   	46227.707009999984  	0.9849507203364093  	0.05317923845942295 	0.009779698347996003
46604     	0.3861702127659574  	45643.32932599996   	46339.023016999985  	0.984986871847842   	0.05330274344748529 	0.009803393164636761
46627     	0.38682252922422955 	45719.401334999966  	46423.16522199998   	0.9848402433648256  	0.05343601600006701 	0.00982796270116362 
46720     	0.3862433862433862  	45823.11238099996   	46531.809273999985  	0.9847696252508279  	0.053398914080285916	0.00982115892093673 
46813     	0.3856691253951528  	45903.15741999996   	46628.125042999985  	0.9844521386538388  	0.053354240795374215	0.009810651779235987
46837     	0.3863157894736842  	46039.84606199996   	46764.81368499999   	0.9844975834206614  	0.05348222320717069 	0.009833577240032393
46860     	0.38696109358569925 	46156.01899399996   	46880.98661699999   	0.9845359990197574  	0.05360951340705716 	0.009858593791937483
46883     	0.38760504201680673 	46296.48625699996   	47021.45387999999   	0.9845821946541644  	0.05373217505935776 	0.009884268362403496
46930     	0.38784067085953877 	46569.79464699996   	47313.911235999985  	0.9842727737030996  	0.05381485712021192 	0.009900867653921903
46976     	0.3880753138075314  	46603.46340499996   	47347.992368999985  	0.9842753847259743  	0.05389909606131243 	0.00991685252878196 
47051     	0.3883089770354906  	46705.86799499996   	47450.39695899998   	0.9843093206439697  	0.053973897589335754	0.009930878082826932
47102     	0.3885416666666667  	46877.829922999954  	47628.01948599998   	0.9842489868128876  	0.054051036352694225	0.009943889640745293
47179     	0.3883696780893043  	46952.05384299995   	47702.24340599998   	0.9842734951349129  	0.05406293288197905 	0.009942185654367053
47410     	0.38580246913580246 	47014.30951299995   	47764.49907599998   	0.9842939928710155  	0.05367341444081343 	0.009873328491326315
47538     	0.38485158648925283 	47241.15551299995   	47991.345075999976  	0.9843682321924502  	0.053510466466786685	0.009846898125215749
47564     	0.38548057259713703 	47407.084067999946  	48157.273630999975  	0.9844220923146879  	0.05356903306318197 	0.009863181347202177
47589     	0.3861082737487232  	47671.75528899994   	48421.94485199997   	0.9845072401512794  	0.05364252411355733 	0.00988420434236792 
47666     	0.3859470468431772  	47969.099326999945  	48751.10478299997   	0.9839592259605012  	0.053637391646795346	0.009888398341223374
47717     	0.3861788617886179  	48028.862650999945  	48810.86810699997   	0.983978866053237   	0.05368847398936805 	0.009902540494856501
47769     	0.38640973630831643 	48177.73018099995   	48959.735636999976  	0.9840275800956522  	0.053730621137875204	0.009916670701841719
47794     	0.38703140830800403 	48293.87170699995   	49075.877162999976  	0.9840653799543372  	0.0538339066312032  	0.009942907958783777
47820     	0.3876518218623482  	48329.89518599995   	49111.90064199998   	0.9840770679656559  	0.05392405017603774 	0.009964927372680215
47846     	0.38827098078867545 	48584.65502999995   	49387.61390599998   	0.9837416952856174  	0.05403189459712965 	0.009990527317844592
47923     	0.38810483870967744 	48651.70042299995   	49456.80671499998   	0.9837210215241041  	0.05403675246773662 	0.009996008659943722
47974     	0.38832997987927564 	48934.53863999995   	49776.03819399998   	0.9830942842272757  	0.054099098138544584	0.010013112322772261
48127     	0.387               	49057.17133499995   	49898.67088899998   	0.9831358322975785  	0.05396227956689588 	0.009990369227549504
