9 11 44 1140 44 5 0.001000 20
34 60 19.362186 21.452910
68 1 51.592049 44.545275
84 62 15.908407 14.588991
43 75 21.186924 25.935388
39 61 20.098141 20.797441
35 58 22.624049 24.846081
36 66 41.336979 41.875637
66 28 28.139904 31.324935
48 43 1.701947 1.443494
0 5 0.071247 2.236068
0 4 1.077129 5.099020
1 4 9.344457 66.640828
1 2 9.599028 63.063460
2 8 9.274623 40.706265
2 4 1.964394 45.011110
3 8 3.156779 32.388269
3 5 4.092623 18.788294
4 7 6.377900 42.638011
5 7 4.741078 43.139309
5 6 9.358457 8.062258
