9 11 46974 768 194 49 0.001000 20
34 60 9.525556 9.039654
68 1 48.614647 41.384160
84 62 1.050848 0.973819
43 75 27.315072 25.949281
39 61 5.756740 5.527755
35 58 10.445586 9.583549
36 66 22.674802 20.907286
66 28 40.813619 41.961348
48 43 13.261014 14.562815
0 5 38.872374 2.236068
0 4 35.017080 5.099020
1 4 42.038747 66.640828
1 2 43.725820 63.063460
2 8 40.193234 40.706265
2 4 41.936979 45.011110
3 8 44.002620 32.388269
3 5 43.957617 18.788294
4 7 37.444429 42.638011
5 7 35.550031 43.139309
5 6 35.355815 8.062258
