9 11 34195 674 193 49 0 20
34 60 34.789797 33.070263
68 1 28.712913 29.156862
84 62 27.276829 29.428470
43 75 9.285896 8.601753
39 61 47.111915 44.779866
35 58 32.579810 39.673294
36 66 43.293933 36.628757
66 28 32.275444 40.103256
48 43 54.640690 46.953989
0 5 35.911243 2.236068
0 4 39.973777 5.099020
1 4 38.921569 66.640828
1 2 44.977290 63.063460
2 8 36.907686 40.706265
2 4 44.007665 45.011110
3 8 44.005746 32.388269
3 5 40.487421 18.788294
4 7 38.162605 42.638011
5 7 44.976709 43.139309
5 6 43.160616 8.062258
