9 11 35195 2016 998 998 1 20
34 60 21.376621 24.032096
68 1 11.893933 13.921875
84 62 4.661016 4.639501
43 75 31.752932 38.380293
39 61 47.617082 48.506097
35 58 23.667346 21.384599
36 66 29.506358 24.953795
66 28 21.166591 22.824663
48 43 14.489917 15.292154
0 5 1.021935 2.236068
0 4 0.747286 5.099020
1 4 8.990223 66.640828
1 2 2.156959 63.063460
2 8 3.258598 40.706265
2 4 0.403735 45.011110
3 8 2.686693 32.388269
3 5 3.828532 18.788294
4 7 2.145119 42.638011
5 7 6.351322 43.139309
5 6 0.914057 8.062258
