9 11 42282 970 47 8 0.000100 20
34 60 37.573951 43.048012
68 1 4.524029 5.075928
84 62 30.085575 26.794170
43 75 14.303013 13.381993
39 61 16.344061 20.038012
35 58 26.359264 29.217976
36 66 11.816755 12.475733
66 28 5.414640 4.549547
48 43 33.345203 27.844951
0 5 2.976228 2.236068
0 4 6.580731 5.099020
1 4 7.727758 66.640828
1 2 7.669122 63.063460
2 8 9.762082 40.706265
2 4 6.693254 45.011110
3 8 5.159956 32.388269
3 5 7.658472 18.788294
4 7 8.448303 42.638011
5 7 6.054619 43.139309
5 6 5.929022 8.062258
