9 11 4760 969 992 996 1 20
34 60 21.853959 19.714359
68 1 32.277881 28.028875
84 62 33.125501 34.274878
43 75 18.921422 16.364782
39 61 22.137914 26.444704
35 58 30.304128 31.216189
36 66 34.906795 41.881034
66 28 23.894495 27.222168
48 43 14.892816 14.750173
0 5 3.178308 2.236068
0 4 3.804579 5.099020
1 4 0.903007 66.640828
1 2 9.033426 63.063460
2 8 2.491644 40.706265
2 4 8.233347 45.011110
3 8 5.524368 32.388269
3 5 8.534253 18.788294
4 7 9.653901 42.638011
5 7 1.529931 43.139309
5 6 2.290535 8.062258
