10 10 48523 973 97 7 0.000100 20
13 81 28.646161 34.199771
80 78 25.990476 22.988918
22 73 23.379036 28.957756
85 16 6.086689 6.090576
50 19 0.906505 0.985851
8 50 28.959651 27.236496
73 85 10.823203 11.511435
71 58 14.785297 17.596985
79 14 6.758167 6.144934
79 82 41.263544 39.060171
0 2 17.693891 12.041595
1 9 17.749300 4.123106
1 6 18.552340 9.899495
2 8 24.205991 82.036577
2 7 21.432304 51.244512
3 8 15.931100 6.324555
4 9 21.033002 69.354164
5 8 16.055827 79.605276
6 9 23.955766 6.708204
7 9 23.050274 25.298221
