9 11 28650 395 144 26 0.010000 20
34 60 22.805743 27.071213
68 1 47.659750 41.016864
84 62 7.821841 7.541714
43 75 48.582377 41.692580
39 61 8.944743 10.792176
35 58 25.528911 26.753316
36 66 48.940223 44.116020
66 28 3.713883 3.320768
48 43 4.065417 4.194989
0 5 9.100637 2.236068
0 4 4.885498 5.099020
1 4 7.945964 66.640828
1 2 6.902927 63.063460
2 8 4.389305 40.706265
2 4 3.128707 45.011110
3 8 4.598746 32.388269
3 5 3.267462 18.788294
4 7 8.505338 42.638011
5 7 7.442031 43.139309
5 6 2.297468 8.062258
