9 11 39244 267 142 25 0.010000 20
34 60 9.435893 8.043832
68 1 42.628233 44.606801
84 62 3.472501 3.523842
43 75 38.267862 31.927411
39 61 14.102385 12.665065
35 58 10.123281 11.909057
36 66 40.299199 46.682345
66 28 29.479105 32.577904
48 43 17.955718 20.053756
0 5 9.246066 2.236068
0 4 5.738681 5.099020
1 4 7.820951 66.640828
1 2 0.669550 63.063460
2 8 1.505237 40.706265
2 4 6.643603 45.011110
3 8 8.966261 32.388269
3 5 0.603180 18.788294
4 7 3.155249 42.638011
5 7 8.560475 43.139309
5 6 7.989933 8.062258
