9 11 45422 1113 97 9 0.001000 20
34 60 31.290658 37.340608
68 1 0.552900 0.575766
84 62 50.084100 45.625437
43 75 1.392600 1.187233
39 61 21.645184 19.788704
35 58 2.850438 3.171658
36 66 15.469215 14.763061
66 28 43.458494 40.494521
48 43 47.692137 40.528515
0 5 22.298495 2.236068
0 4 18.946757 5.099020
1 4 24.388530 66.640828
1 2 24.818030 63.063460
2 8 17.358071 40.706265
2 4 24.379484 45.011110
3 8 17.610405 32.388269
3 5 24.191591 18.788294
4 7 22.510794 42.638011
5 7 17.688405 43.139309
5 6 17.507932 8.062258
