10 10 47200 481 46 8 0 20
13 81 11.216577 11.188014
80 78 37.686341 32.465761
22 73 0.742453 0.730360
85 16 21.683556 18.116876
50 19 11.080742 9.703703
8 50 25.109902 28.124693
73 85 46.467975 41.746458
71 58 19.145536 22.028176
79 14 9.640143 8.965828
79 82 8.703137 9.352395
0 2 7.223060 12.041595
1 9 6.100986 4.123106
1 6 2.062721 9.899495
2 8 3.673292 82.036577
2 7 4.193047 51.244512
3 8 8.120771 6.324555
4 9 0.724359 69.354164
5 8 6.929382 79.605276
6 9 6.022182 6.708204
7 9 7.297592 25.298221
