9 11 26000 815 92 5 0.000100 20
34 60 30.838835 28.586407
68 1 42.626815 48.543857
84 62 29.946796 29.211425
43 75 36.119588 36.669254
39 61 20.771645 19.977309
35 58 2.406430 2.469666
36 66 2.743248 2.648152
66 28 17.168211 16.331185
48 43 37.756327 37.345775
0 5 21.289571 2.236068
0 4 16.016178 5.099020
1 4 20.932099 66.640828
1 2 20.993749 63.063460
2 8 19.851950 40.706265
2 4 24.853441 45.011110
3 8 22.147866 32.388269
3 5 17.918159 18.788294
4 7 19.729756 42.638011
5 7 15.700004 43.139309
5 6 16.425706 8.062258
