10 10 30179 1745 997 995 1.000000 20
13 81 27.422389 27.408538
80 78 42.773400 37.407459
22 73 53.338068 47.196150
85 16 40.710567 41.210732
50 19 47.990627 47.655249
8 50 14.968842 17.732856
73 85 38.346762 44.165702
71 58 19.964329 18.727390
79 14 26.513088 32.928209
79 82 7.183038 6.727409
0 2 42.939017 12.041595
1 9 42.077569 4.123106
1 6 46.834940 9.899495
2 8 45.023082 82.036577
2 7 45.818455 51.244512
3 8 40.372012 6.324555
4 9 43.047118 69.354164
5 8 47.568624 79.605276
6 9 40.939413 6.708204
7 9 43.990138 25.298221
