9 11 29100 568 47 5 0.001000 20
34 60 38.149040 38.486214
68 1 41.897139 44.509925
84 62 17.993044 18.072817
43 75 18.119885 15.787492
39 61 17.172449 19.706449
35 58 39.294003 38.699234
36 66 22.767205 23.084341
66 28 28.712424 32.265748
48 43 18.265414 16.227480
0 5 1.236803 2.236068
0 4 3.096398 5.099020
1 4 6.385974 66.640828
1 2 2.184353 63.063460
2 8 8.532929 40.706265
2 4 6.876293 45.011110
3 8 6.565454 32.388269
3 5 2.466541 18.788294
4 7 8.049512 42.638011
5 7 1.765775 43.139309
5 6 5.303419 8.062258
