10 10 35693 401 146 28 0.010000 20
13 81 6.965354 7.740233
80 78 43.458282 41.969686
22 73 48.638733 43.359809
85 16 32.093067 39.076236
50 19 38.334339 44.792366
8 50 46.616064 40.529033
73 85 17.159278 15.337335
71 58 13.802161 13.937923
79 14 4.618832 5.124030
79 82 45.384282 43.713754
0 2 7.783889 12.041595
1 9 9.452209 4.123106
1 6 5.206874 9.899495
2 8 8.679824 82.036577
2 7 1.548499 51.244512
3 8 3.967913 6.324555
4 9 3.324658 69.354164
5 8 1.501506 79.605276
6 9 5.475735 6.708204
7 9 3.783845 25.298221
