9 11 26000 2469 149 29 0 20
34 60 43.763703 44.837371
68 1 2.193559 2.074271
84 62 3.349579 4.146701
43 75 14.391283 12.903621
39 61 9.635401 9.997314
35 58 0.354107 0.436949
36 66 26.603755 25.370643
66 28 29.465466 31.198315
48 43 43.467789 42.639666
0 5 3.889891 2.236068
0 4 3.545577 5.099020
1 4 2.107452 66.640828
1 2 0.583440 63.063460
2 8 8.406962 40.706265
2 4 0.704750 45.011110
3 8 1.189435 32.388269
3 5 0.873257 18.788294
4 7 4.206254 42.638011
5 7 8.677297 43.139309
5 6 6.528459 8.062258
