9 11 34675 376 995 996 1.000000 20
34 60 45.027407 47.062214
68 1 6.216976 5.791866
84 62 25.301361 23.008152
43 75 40.553504 46.838353
39 61 17.448725 20.960081
35 58 38.113879 32.242857
36 66 25.751712 31.149535
66 28 23.035759 22.639851
48 43 13.171538 14.221236
0 5 7.149484 2.236068
0 4 9.569259 5.099020
1 4 3.295437 66.640828
1 2 7.663308 63.063460
2 8 3.479535 40.706265
2 4 2.998647 45.011110
3 8 8.713486 32.388269
3 5 4.418052 18.788294
4 7 9.628349 42.638011
5 7 0.209379 43.139309
5 6 6.405715 8.062258
