10 10 38545 1329 191 49 0.001000 20
13 81 36.950303 34.378854
80 78 38.575981 46.902310
22 73 3.441548 3.688053
85 16 44.641116 43.439950
50 19 35.289349 35.215868
8 50 7.903819 7.654739
73 85 25.701000 25.144110
71 58 0.881384 0.768706
79 14 42.662729 42.439701
79 82 57.652146 48.491132
0 2 40.888067 12.041595
1 9 44.387636 4.123106
1 6 41.972029 9.899495
2 8 35.996669 82.036577
2 7 44.583609 51.244512
3 8 43.233783 6.324555
4 9 38.499699 69.354164
5 8 43.961872 79.605276
6 9 40.703253 6.708204
7 9 43.582604 25.298221
