9 11 48857 385 993 997 1.000000 20
34 60 29.559395 27.589692
68 1 10.204768 9.605774
84 62 41.640977 34.739526
43 75 22.841541 23.537665
39 61 10.433320 10.301529
35 58 51.940831 49.293162
36 66 15.371497 16.060219
66 28 26.647640 26.003833
48 43 37.781551 33.552814
0 5 48.731907 2.236068
0 4 41.210272 5.099020
1 4 43.689497 66.640828
1 2 42.387178 63.063460
2 8 44.294330 40.706265
2 4 43.394412 45.011110
3 8 40.385215 32.388269
3 5 41.462470 18.788294
4 7 42.841056 42.638011
5 7 45.422218 43.139309
5 6 45.442930 8.062258
