10 10 44675 2439 992 997 1.000000 20
13 81 16.322860 17.135255
80 78 23.951076 26.358932
22 73 51.524539 44.652710
85 16 36.065643 38.434181
50 19 5.952647 6.153579
8 50 0.360084 0.426250
73 85 53.739265 47.177040
71 58 34.914151 31.870214
79 14 29.665597 24.783883
79 82 15.641580 18.759882
0 2 49.000527 12.041595
1 9 41.255153 4.123106
1 6 41.507237 9.899495
2 8 42.436349 82.036577
2 7 42.604109 51.244512
3 8 41.717255 6.324555
4 9 47.322925 69.354164
5 8 46.562398 79.605276
6 9 49.747515 6.708204
7 9 42.456778 25.298221
