10 10 38790 1246 994 999 1.000000 20
13 81 29.294194 29.379557
80 78 8.566338 7.752387
22 73 32.090229 28.872909
85 16 11.081850 10.318933
50 19 24.443264 27.128704
8 50 6.971105 7.458425
73 85 35.311870 31.954904
71 58 31.666706 39.187719
79 14 21.425420 20.168433
79 82 42.802517 35.844212
0 2 8.915016 12.041595
1 9 4.582020 4.123106
1 6 3.840271 9.899495
2 8 8.919088 82.036577
2 7 3.487274 51.244512
3 8 7.738920 6.324555
4 9 5.870014 69.354164
5 8 6.610169 79.605276
6 9 3.028771 6.708204
7 9 3.929103 25.298221
