9 11 31131 1296 144 29 0.001000 20
34 60 51.424088 43.526203
68 1 49.119094 43.435363
84 62 24.798250 30.798037
43 75 44.438015 48.752200
39 61 48.633920 48.510680
35 58 47.268896 40.870239
36 66 45.722951 49.055614
66 28 14.767270 13.841049
48 43 35.891096 30.487269
0 5 7.380780 2.236068
0 4 0.472768 5.099020
1 4 8.664530 66.640828
1 2 3.897044 63.063460
2 8 5.370826 40.706265
2 4 9.079017 45.011110
3 8 7.351357 32.388269
3 5 6.916765 18.788294
4 7 0.783647 42.638011
5 7 6.145857 43.139309
5 6 1.351298 8.062258
