10 10 29550 932 993 996 1.000000 20
13 81 38.467343 36.898517
80 78 15.808454 13.484624
22 73 36.881317 33.667436
85 16 28.493422 26.282688
50 19 25.241644 22.418689
8 50 21.888166 20.460704
73 85 30.822469 37.929247
71 58 41.763056 48.002978
79 14 36.117168 31.899448
79 82 4.418952 5.278973
0 2 6.401042 12.041595
1 9 5.932249 4.123106
1 6 5.685302 9.899495
2 8 6.289300 82.036577
2 7 4.694125 51.244512
3 8 6.910826 6.324555
4 9 6.455059 69.354164
5 8 5.451343 79.605276
6 9 0.013217 6.708204
7 9 7.299438 25.298221
