9 11 30435 578 195 46 0.010000 20
34 60 18.680688 16.286139
68 1 31.506461 36.787357
84 62 1.141661 1.311548
43 75 26.653450 31.505984
39 61 32.351365 31.089099
35 58 25.578593 21.779991
36 66 31.633043 27.152048
66 28 39.597278 35.726533
48 43 8.828341 10.452714
0 5 35.524015 2.236068
0 4 36.605548 5.099020
1 4 37.208181 66.640828
1 2 40.801710 63.063460
2 8 42.599439 40.706265
2 4 41.029348 45.011110
3 8 41.446349 32.388269
3 5 44.256833 18.788294
4 7 40.516909 42.638011
5 7 38.868418 43.139309
5 6 43.601681 8.062258
