10 10 37750 1405 146 27 0.001000 20
13 81 27.925250 23.551113
80 78 25.909972 26.169607
22 73 20.809872 18.546297
85 16 20.497489 19.129011
50 19 30.584109 37.179025
8 50 10.806480 10.539100
73 85 5.343271 5.145429
71 58 24.949669 25.692875
79 14 34.199701 30.187339
79 82 36.710054 31.004400
0 2 7.643100 12.041595
1 9 4.022698 4.123106
1 6 8.648883 9.899495
2 8 8.212467 82.036577
2 7 1.583501 51.244512
3 8 3.199456 6.324555
4 9 8.760886 69.354164
5 8 9.205151 79.605276
6 9 0.310217 6.708204
7 9 9.842929 25.298221
