10 10 31605 871 993 999 1.000000 20
13 81 21.083888 24.486866
80 78 28.387462 26.220441
22 73 0.542623 0.464941
85 16 8.552423 8.457968
50 19 37.284384 36.780242
8 50 13.189071 14.898669
73 85 28.056711 26.413071
71 58 6.245183 6.045852
79 14 53.686591 47.032017
79 82 17.273764 18.670205
0 2 1.499136 12.041595
1 9 7.184906 4.123106
1 6 8.332113 9.899495
2 8 7.249717 82.036577
2 7 2.155102 51.244512
3 8 0.421433 6.324555
4 9 9.787369 69.354164
5 8 5.853343 79.605276
6 9 1.062667 6.708204
7 9 2.899452 25.298221
