9 11 38121 758 198 45 0.001000 20
34 60 13.934443 11.753881
68 1 38.696194 43.266027
84 62 25.201569 29.683555
43 75 22.872030 26.546615
39 61 24.559366 24.070333
35 58 30.426882 36.699574
36 66 37.200445 35.129940
66 28 31.721659 33.394383
48 43 9.568541 10.096339
0 5 39.255127 2.236068
0 4 41.538542 5.099020
1 4 36.506168 66.640828
1 2 35.452244 63.063460
2 8 40.103535 40.706265
2 4 35.108561 45.011110
3 8 44.139900 32.388269
3 5 41.461599 18.788294
4 7 39.231384 42.638011
5 7 38.086246 43.139309
5 6 40.303169 8.062258
