10 10 43472 1859 994 995 1 20
13 81 26.772187 27.739176
80 78 37.262101 39.406634
22 73 23.573093 20.094721
85 16 4.825297 5.634297
50 19 18.598332 15.765768
8 50 45.227521 40.924480
73 85 47.057424 41.620687
71 58 20.432372 19.398949
79 14 16.872573 20.510623
79 82 33.267830 33.924407
0 2 7.471371 12.041595
1 9 8.816348 4.123106
1 6 7.971671 9.899495
2 8 4.112532 82.036577
2 7 7.706667 51.244512
3 8 6.714215 6.324555
4 9 4.027614 69.354164
5 8 0.888850 79.605276
6 9 6.463602 6.708204
7 9 0.798883 25.298221
