9 11 43047 446 992 997 1.000000 20
34 60 5.397821 4.720671
68 1 44.471375 44.100460
84 62 12.425606 11.867844
43 75 48.164485 42.815292
39 61 7.305766 8.213488
35 58 31.426703 34.580944
36 66 18.350966 18.264749
66 28 39.353732 42.120720
48 43 49.245475 42.159004
0 5 6.345376 2.236068
0 4 5.594298 5.099020
1 4 7.712390 66.640828
1 2 1.591032 63.063460
2 8 0.405026 40.706265
2 4 9.124248 45.011110
3 8 8.166841 32.388269
3 5 7.865519 18.788294
4 7 7.390202 42.638011
5 7 9.186557 43.139309
5 6 9.784410 8.062258
