9 11 5250 843 996 998 1 20
34 60 45.806349 40.496904
68 1 34.344883 30.687499
84 62 15.208569 15.991056
43 75 14.855386 13.265362
39 61 33.404706 38.346307
35 58 27.967031 23.698825
36 66 32.022569 32.917412
66 28 36.649270 35.212535
48 43 41.000867 48.682350
0 5 46.575627 2.236068
0 4 42.818109 5.099020
1 4 49.396638 66.640828
1 2 47.939009 63.063460
2 8 47.064884 40.706265
2 4 40.949706 45.011110
3 8 45.866251 32.388269
3 5 43.824942 18.788294
4 7 40.947444 42.638011
5 7 49.236408 43.139309
5 6 40.491685 8.062258
