10 10 38969 1029 999 999 1.000000 20
13 81 47.844345 45.694334
80 78 22.691673 26.301093
22 73 29.046223 26.109238
85 16 46.839870 41.545788
50 19 7.950458 9.610062
8 50 10.672050 9.599348
73 85 9.583878 10.511476
71 58 36.556950 36.621880
79 14 23.183553 27.158486
79 82 11.135609 10.013820
0 2 47.841807 12.041595
1 9 40.808918 4.123106
1 6 46.785509 9.899495
2 8 45.373378 82.036577
2 7 43.754586 51.244512
3 8 49.991145 6.324555
4 9 42.891392 69.354164
5 8 46.957231 79.605276
6 9 41.024135 6.708204
7 9 44.683912 25.298221
