10 10 47125 415 190 47 0 20
13 81 39.987784 41.374086
80 78 28.115705 30.168126
22 73 22.144193 21.620684
85 16 18.398434 22.696727
50 19 25.586321 29.637846
8 50 14.402248 12.009718
73 85 6.648481 8.043200
71 58 46.887618 44.397671
79 14 8.461438 9.137277
79 82 7.314071 6.753644
0 2 41.129031 12.041595
1 9 39.351083 4.123106
1 6 39.061308 9.899495
2 8 36.269671 82.036577
2 7 44.168451 51.244512
3 8 43.181741 6.324555
4 9 41.906711 69.354164
5 8 42.821591 79.605276
6 9 44.088238 6.708204
7 9 41.789221 25.298221
