9 11 47076 385 140 27 0.010000 20
34 60 29.052532 34.820690
68 1 49.971109 46.024515
84 62 20.191781 24.096938
43 75 40.029709 36.020398
39 61 19.987381 20.393018
35 58 26.889321 22.884537
36 66 28.784209 32.527155
66 28 21.264082 22.822625
48 43 50.388568 46.787251
0 5 4.024192 2.236068
0 4 1.860086 5.099020
1 4 2.358557 66.640828
1 2 8.513067 63.063460
2 8 5.456215 40.706265
2 4 8.757179 45.011110
3 8 6.576920 32.388269
3 5 5.277439 18.788294
4 7 2.551822 42.638011
5 7 4.062224 43.139309
5 6 1.034409 8.062258
