10 10 28111 932 999 997 1.000000 20
13 81 51.293664 43.304905
80 78 52.092376 49.982954
22 73 50.704763 43.788786
85 16 35.696123 32.471403
50 19 2.694058 2.270999
8 50 2.474137 3.069488
73 85 31.478490 35.419137
71 58 18.492277 18.162397
79 14 4.506444 3.895746
79 82 20.692204 24.483413
0 2 48.087004 12.041595
1 9 44.189388 4.123106
1 6 48.837344 9.899495
2 8 48.314004 82.036577
2 7 49.942048 51.244512
3 8 43.535670 6.324555
4 9 44.287681 69.354164
5 8 40.230599 79.605276
6 9 48.584560 6.708204
7 9 47.197648 25.298221
