9 11 42153 308 996 999 1.000000 20
34 60 17.784702 16.149497
68 1 26.758486 25.263007
84 62 0.734970 0.716923
43 75 36.801353 33.995911
39 61 3.044548 3.262650
35 58 25.820023 28.579996
36 66 22.871001 20.362530
66 28 2.548232 2.189160
48 43 12.100358 13.859933
0 5 46.303862 2.236068
0 4 43.237069 5.099020
1 4 40.549385 66.640828
1 2 49.879534 63.063460
2 8 49.244340 40.706265
2 4 49.117074 45.011110
3 8 47.951068 32.388269
3 5 46.012223 18.788294
4 7 41.421075 42.638011
5 7 40.415772 43.139309
5 6 40.366129 8.062258
