9 11 39844 405 95 9 0.000100 20
34 60 35.231433 41.351691
68 1 43.091555 43.436219
84 62 38.317385 33.695695
43 75 36.347497 43.201034
39 61 14.895361 12.510971
35 58 38.864081 33.112229
36 66 17.027361 15.736041
66 28 23.178779 19.435995
48 43 26.047498 28.677959
0 5 22.969965 2.236068
0 4 19.557244 5.099020
1 4 20.101177 66.640828
1 2 23.551025 63.063460
2 8 19.216113 40.706265
2 4 21.822406 45.011110
3 8 23.379553 32.388269
3 5 22.350322 18.788294
4 7 24.043315 42.638011
5 7 17.298497 43.139309
5 6 20.947428 8.062258
