9 11 33595 777 995 999 1.000000 20
34 60 11.980940 12.695435
68 1 13.662815 14.946074
84 62 15.162443 16.442594
43 75 4.438744 4.165053
39 61 3.609809 3.154062
35 58 38.594070 40.672366
36 66 53.945442 48.237098
66 28 10.734912 9.017495
48 43 30.542598 37.736210
0 5 41.579663 2.236068
0 4 47.604842 5.099020
1 4 44.382316 66.640828
1 2 48.671747 63.063460
2 8 44.930806 40.706265
2 4 45.519523 45.011110
3 8 48.207719 32.388269
3 5 40.323994 18.788294
4 7 45.141264 42.638011
5 7 45.388623 43.139309
5 6 43.961463 8.062258
