10 10 33428 937 998 997 1.000000 20
13 81 48.554035 47.974240
80 78 1.006059 0.949493
22 73 6.393722 5.653693
85 16 50.602025 43.432467
50 19 10.392734 11.621980
8 50 0.769667 0.731269
73 85 39.534360 39.568101
71 58 22.837617 21.055546
79 14 10.366697 9.357977
79 82 18.387781 19.821920
0 2 9.293623 12.041595
1 9 7.120714 4.123106
1 6 5.721865 9.899495
2 8 4.353188 82.036577
2 7 0.201704 51.244512
3 8 4.912599 6.324555
4 9 4.299744 69.354164
5 8 6.406820 79.605276
6 9 1.364783 6.708204
7 9 8.910145 25.298221
