10 10 42545 1447 992 999 1.000000 20
13 81 5.792281 4.939758
80 78 42.468256 36.496185
22 73 13.700223 12.185564
85 16 19.782001 19.834786
50 19 10.942855 10.431467
8 50 1.928596 2.397244
73 85 18.194413 18.870366
71 58 19.503567 19.864821
79 14 16.470782 15.414655
79 82 25.387522 22.464915
0 2 7.152216 12.041595
1 9 2.526001 4.123106
1 6 1.502638 9.899495
2 8 1.808867 82.036577
2 7 7.850942 51.244512
3 8 0.877934 6.324555
4 9 2.713685 69.354164
5 8 7.349684 79.605276
6 9 4.633588 6.708204
7 9 0.075303 25.298221
