9 11 35219 842 990 998 1 20
34 60 17.935289 19.077216
68 1 17.988748 16.745881
84 62 41.430820 35.503555
43 75 15.748019 17.646035
39 61 5.023582 5.432780
35 58 13.039867 14.050421
36 66 21.930096 22.836454
66 28 32.997946 29.020465
48 43 38.593341 45.369350
0 5 45.688029 2.236068
0 4 43.971249 5.099020
1 4 44.349304 66.640828
1 2 40.062032 63.063460
2 8 47.512415 40.706265
2 4 48.543845 45.011110
3 8 40.142885 32.388269
3 5 47.105066 18.788294
4 7 44.068572 42.638011
5 7 43.200432 43.139309
5 6 46.958876 8.062258
