9 11 39846 969 47 9 0 20
34 60 40.405174 41.501410
68 1 37.910816 36.941026
84 62 35.524518 30.416832
43 75 23.729253 20.233073
39 61 37.122714 44.156058
35 58 32.894104 38.008565
36 66 6.369309 5.747125
66 28 39.702846 37.577635
48 43 37.492033 34.299671
0 5 3.000499 2.236068
0 4 0.523560 5.099020
1 4 4.976125 66.640828
1 2 6.507457 63.063460
2 8 1.586356 40.706265
2 4 0.097990 45.011110
3 8 9.618428 32.388269
3 5 5.412980 18.788294
4 7 6.185377 42.638011
5 7 9.380493 43.139309
5 6 7.322119 8.062258
