9 11 37092 295 994 997 1.000000 20
34 60 25.158487 29.870277
68 1 15.681942 14.455903
84 62 44.776395 38.783063
43 75 31.714963 33.981793
39 61 52.206914 45.633385
35 58 24.040395 27.046919
36 66 29.792959 36.797584
66 28 42.806865 36.128595
48 43 28.141587 29.251093
0 5 47.568589 2.236068
0 4 49.590738 5.099020
1 4 46.946720 66.640828
1 2 47.692030 63.063460
2 8 47.640798 40.706265
2 4 47.310504 45.011110
3 8 44.052269 32.388269
3 5 40.216524 18.788294
4 7 49.735983 42.638011
5 7 45.200414 43.139309
5 6 47.400549 8.062258
