10 10 45541 395 998 997 1 20
13 81 27.960334 24.868495
80 78 22.695253 20.117201
22 73 21.719190 22.490867
85 16 41.066480 40.826542
50 19 4.400166 3.959401
8 50 14.347625 12.418150
73 85 11.059948 9.496375
71 58 28.966425 28.368450
79 14 46.776135 41.672780
79 82 8.760406 7.803499
0 2 7.773927 12.041595
1 9 3.597572 4.123106
1 6 6.298575 9.899495
2 8 5.472729 82.036577
2 7 9.585186 51.244512
3 8 3.864662 6.324555
4 9 1.564751 69.354164
5 8 8.880091 79.605276
6 9 3.821137 6.708204
7 9 4.492507 25.298221
