10 10 35387 310 142 26 0.010000 20
13 81 35.440844 40.938692
80 78 25.015951 24.533104
22 73 32.879277 39.817199
85 16 32.150658 28.321546
50 19 38.519785 44.379257
8 50 45.092418 49.059740
73 85 4.365289 3.899852
71 58 53.450443 45.147322
79 14 0.264647 0.310250
79 82 2.721710 2.808687
0 2 0.581537 12.041595
1 9 5.170479 4.123106
1 6 1.084200 9.899495
2 8 7.557048 82.036577
2 7 0.874107 51.244512
3 8 7.788971 6.324555
4 9 9.663369 69.354164
5 8 3.958867 79.605276
6 9 7.328271 6.708204
7 9 9.422730 25.298221
