10 10 37527 3089 40 5 0.000100 20
13 81 46.334740 47.396569
80 78 34.507675 36.521971
22 73 53.766417 44.894933
85 16 39.742260 48.684202
50 19 38.158241 39.965152
8 50 41.427970 48.197683
73 85 19.888327 19.771734
71 58 31.097761 32.870286
79 14 46.370831 45.949511
79 82 2.910274 2.789655
0 2 9.784788 12.041595
1 9 1.253728 4.123106
1 6 6.409602 9.899495
2 8 9.956035 82.036577
2 7 6.809090 51.244512
3 8 1.116885 6.324555
4 9 1.707472 69.354164
5 8 6.653748 79.605276
6 9 5.579001 6.708204
7 9 0.900776 25.298221
