10 10 30714 299 47 8 0.000100 20
13 81 48.823824 46.025694
80 78 5.433326 5.836268
22 73 24.539820 25.334463
85 16 37.150440 34.830098
50 19 11.438921 13.980874
8 50 11.683118 9.839485
73 85 8.522847 9.824051
71 58 20.734566 19.462147
79 14 5.875254 7.201627
79 82 10.262119 9.206764
0 2 2.722903 12.041595
1 9 1.069837 4.123106
1 6 3.127454 9.899495
2 8 6.716108 82.036577
2 7 2.719596 51.244512
3 8 0.345376 6.324555
4 9 5.282639 69.354164
5 8 7.722180 79.605276
6 9 6.096131 6.708204
7 9 4.273678 25.298221
