9 11 28558 880 996 999 1 20
34 60 32.345702 27.746150
68 1 6.871624 6.842762
84 62 7.421884 6.560922
43 75 14.491330 15.574134
39 61 15.963590 18.628415
35 58 44.653765 44.908819
36 66 19.291943 17.784145
66 28 34.144373 37.764222
48 43 41.513986 41.863683
0 5 6.337841 2.236068
0 4 9.993685 5.099020
1 4 9.523143 66.640828
1 2 1.883045 63.063460
2 8 9.462306 40.706265
2 4 3.231586 45.011110
3 8 1.366493 32.388269
3 5 6.955363 18.788294
4 7 1.159154 42.638011
5 7 0.313201 43.139309
5 6 8.209680 8.062258
