10 10 39265 1531 995 995 1.000000 20
13 81 20.879409 22.343341
80 78 14.126984 16.755427
22 73 49.473595 44.969771
85 16 6.179551 6.580372
50 19 1.969066 2.445520
8 50 10.936191 9.893271
73 85 9.413510 10.154983
71 58 39.264636 38.232809
79 14 15.242984 12.881357
79 82 21.584207 20.082478
0 2 49.793880 12.041595
1 9 46.252633 4.123106
1 6 44.826599 9.899495
2 8 49.354578 82.036577
2 7 41.559335 51.244512
3 8 45.884996 6.324555
4 9 42.400049 69.354164
5 8 45.845101 79.605276
6 9 46.338318 6.708204
7 9 48.232047 25.298221
