10 10 33833 673 992 998 1.000000 20
13 81 43.851590 46.130182
80 78 16.801661 14.726103
22 73 30.664328 33.226507
85 16 10.784457 12.468035
50 19 25.531829 30.084135
8 50 12.886277 12.758013
73 85 46.718316 46.793653
71 58 46.947612 48.293215
79 14 46.606855 49.891425
79 82 4.348165 4.993996
0 2 45.790854 12.041595
1 9 46.175441 4.123106
1 6 41.087987 9.899495
2 8 44.805501 82.036577
2 7 48.231358 51.244512
3 8 49.206043 6.324555
4 9 49.510310 69.354164
5 8 43.998465 79.605276
6 9 43.827251 6.708204
7 9 49.920759 25.298221
