10 10 515 1131 91 7 0 20
13 81 5.315474 5.245471
80 78 46.319671 44.062942
22 73 37.329692 33.240305
85 16 46.598397 41.972350
50 19 8.303725 8.669815
8 50 41.404719 48.621379
73 85 38.016746 35.649900
71 58 21.255169 24.172701
79 14 10.591243 9.726505
79 82 19.171446 19.887393
0 2 19.892433 12.041595
1 9 22.557483 4.123106
1 6 20.928380 9.899495
2 8 17.374937 82.036577
2 7 19.868619 51.244512
3 8 16.826272 6.324555
4 9 17.361499 69.354164
5 8 22.227627 79.605276
6 9 20.867264 6.708204
7 9 16.734366 25.298221
