10 10 46756 1085 97 7 0 20
13 81 17.377076 14.561705
80 78 44.036164 39.407148
22 73 24.472141 25.295278
85 16 28.375639 35.438521
50 19 38.468010 46.746373
8 50 12.972850 15.730140
73 85 21.556877 21.254188
71 58 4.148135 3.965104
79 14 11.440305 12.737680
79 82 51.058336 42.810457
0 2 17.820103 12.041595
1 9 15.354846 4.123106
1 6 15.740412 9.899495
2 8 23.795204 82.036577
2 7 23.626068 51.244512
3 8 22.863774 6.324555
4 9 19.725281 69.354164
5 8 20.208690 79.605276
6 9 19.706699 6.708204
7 9 18.648864 25.298221
