9 11 37194 3058 93 8 0.000100 20
34 60 17.399160 18.784162
68 1 41.606263 42.155408
84 62 41.719631 41.583188
43 75 1.255147 1.497074
39 61 46.095523 41.586703
35 58 32.773257 39.374187
36 66 16.407504 14.264531
66 28 9.086666 7.993124
48 43 11.774945 13.733833
0 5 17.452134 2.236068
0 4 24.006535 5.099020
1 4 15.843297 66.640828
1 2 24.347368 63.063460
2 8 19.569574 40.706265
2 4 20.770282 45.011110
3 8 23.301140 32.388269
3 5 19.274351 18.788294
4 7 20.629054 42.638011
5 7 22.374805 43.139309
5 6 21.970561 8.062258
