9 11 34622 1195 996 999 1.000000 20
34 60 25.261075 21.418833
68 1 9.321060 8.870136
84 62 0.055951 0.064880
43 75 51.919317 44.803754
39 61 34.729537 38.380568
35 58 28.815633 31.470106
36 66 6.313948 6.303620
66 28 18.048919 17.074375
48 43 24.536889 21.966159
0 5 46.840416 2.236068
0 4 43.683928 5.099020
1 4 40.424722 66.640828
1 2 40.965985 63.063460
2 8 44.591892 40.706265
2 4 48.194855 45.011110
3 8 44.474420 32.388269
3 5 43.123563 18.788294
4 7 48.036127 42.638011
5 7 49.676181 43.139309
5 6 40.255336 8.062258
