10 10 34924 500 197 48 0.010000 20
13 81 17.202336 16.810610
80 78 43.510652 39.462135
22 73 50.751284 46.405498
85 16 31.652503 36.212111
50 19 25.629039 28.851075
8 50 32.679274 37.874807
73 85 39.249179 40.345961
71 58 11.579860 14.427480
79 14 3.356685 3.510564
79 82 6.568914 6.371488
0 2 40.467963 12.041595
1 9 38.923538 4.123106
1 6 37.314484 9.899495
2 8 38.556855 82.036577
2 7 44.748499 51.244512
3 8 43.964320 6.324555
4 9 41.711520 69.354164
5 8 38.426867 79.605276
6 9 40.856036 6.708204
7 9 44.876307 25.298221
