10 10 31052 1706 146 25 0.010000 20
13 81 25.515179 22.859269
80 78 14.447443 15.127488
22 73 0.294562 0.263967
85 16 27.519267 23.863394
50 19 3.540533 3.731529
8 50 40.945715 39.884625
73 85 30.087428 35.528902
71 58 47.058040 45.295951
79 14 52.835845 47.369422
79 82 12.146216 13.444355
0 2 3.013938 12.041595
1 9 0.904173 4.123106
1 6 5.188207 9.899495
2 8 7.576920 82.036577
2 7 8.190952 51.244512
3 8 9.693309 6.324555
4 9 6.618807 69.354164
5 8 7.722756 79.605276
6 9 6.999151 6.708204
7 9 8.908022 25.298221
