10 10 26500 302 998 997 1.000000 20
13 81 15.487713 16.007761
80 78 35.626939 35.662242
22 73 36.333890 33.867028
85 16 45.656714 38.543299
50 19 37.233435 35.476274
8 50 47.304833 45.436511
73 85 18.778111 20.256071
71 58 9.102804 9.170140
79 14 11.352816 11.696477
79 82 32.547017 31.590239
0 2 49.764836 12.041595
1 9 47.133413 4.123106
1 6 42.529109 9.899495
2 8 46.055090 82.036577
2 7 42.085165 51.244512
3 8 45.223415 6.324555
4 9 42.918310 69.354164
5 8 44.820145 79.605276
6 9 48.089553 6.708204
7 9 43.301680 25.298221
