9 11 30948 951 196 46 0.010000 20
34 60 4.176694 3.607669
68 1 46.252732 43.250416
84 62 37.352635 37.744892
43 75 10.313362 10.109738
39 61 45.171543 38.224210
35 58 42.614548 45.761130
36 66 11.900500 12.081018
66 28 4.604101 5.625866
48 43 46.994677 41.609891
0 5 37.635882 2.236068
0 4 35.601060 5.099020
1 4 42.273290 66.640828
1 2 41.075412 63.063460
2 8 39.001109 40.706265
2 4 40.481885 45.011110
3 8 42.430732 32.388269
3 5 36.059808 18.788294
4 7 37.565264 42.638011
5 7 41.679698 43.139309
5 6 42.772115 8.062258
