10 10 36047 533 93 7 0.000100 20
13 81 16.629188 17.874750
80 78 11.219374 13.793739
22 73 10.321859 8.712867
85 16 46.599358 46.260095
50 19 17.051975 19.997413
8 50 8.149459 7.904770
73 85 43.071640 36.258056
71 58 18.876848 21.321482
79 14 30.479276 26.911718
79 82 10.940410 11.990037
0 2 24.015959 12.041595
1 9 23.097085 4.123106
1 6 21.075111 9.899495
2 8 23.932352 82.036577
2 7 23.521569 51.244512
3 8 19.870094 6.324555
4 9 19.865137 69.354164
5 8 23.212780 79.605276
6 9 21.073218 6.708204
7 9 16.113055 25.298221
