9 11 36380 617 144 28 0.001000 20
34 60 21.428765 23.756333
68 1 19.324116 19.175765
84 62 42.247212 35.529163
43 75 25.396320 26.798406
39 61 24.279045 26.494994
35 58 33.460306 35.901596
36 66 37.982786 41.991559
66 28 38.420163 42.545723
48 43 23.417794 29.058682
0 5 0.438708 2.236068
0 4 3.311594 5.099020
1 4 4.371095 66.640828
1 2 8.762329 63.063460
2 8 4.477499 40.706265
2 4 3.525361 45.011110
3 8 0.197048 32.388269
3 5 9.956977 18.788294
4 7 3.709639 42.638011
5 7 9.907137 43.139309
5 6 3.660984 8.062258
