9 11 37240 360 196 47 0.010000 20
34 60 0.968395 0.840314
68 1 42.570346 43.989878
84 62 48.196943 48.492363
43 75 52.634386 45.562048
39 61 17.013451 15.908124
35 58 51.191208 45.785411
36 66 53.766988 49.059478
66 28 14.230705 17.282729
48 43 20.586269 22.761225
0 5 42.708759 2.236068
0 4 43.055164 5.099020
1 4 36.108412 66.640828
1 2 40.409437 63.063460
2 8 39.633238 40.706265
2 4 41.081322 45.011110
3 8 37.176499 32.388269
3 5 44.091075 18.788294
4 7 36.641596 42.638011
5 7 40.811631 43.139309
5 6 41.489447 8.062258
