10 10 48404 644 198 46 0.001000 20
13 81 22.013269 27.366419
80 78 10.845495 13.439611
22 73 24.800349 29.722488
85 16 40.863093 39.575916
50 19 9.787480 11.288897
8 50 0.849039 1.033296
73 85 14.689456 14.874356
71 58 5.792915 5.133997
79 14 26.376093 25.365451
79 82 13.831019 13.451247
0 2 41.343219 12.041595
1 9 42.188725 4.123106
1 6 39.502975 9.899495
2 8 40.822038 82.036577
2 7 38.664157 51.244512
3 8 43.420514 6.324555
4 9 35.205390 69.354164
5 8 38.584654 79.605276
6 9 43.645838 6.708204
7 9 36.467215 25.298221
