10 10 44972 619 91 7 0.001000 20
13 81 50.083002 49.945791
80 78 38.778558 33.637370
22 73 7.876544 9.296020
85 16 40.983333 36.711547
50 19 56.055486 48.003197
8 50 39.479876 36.663565
73 85 6.505197 6.112440
71 58 9.036262 9.386884
79 14 53.113342 49.935889
79 82 51.562151 45.770233
0 2 22.200141 12.041595
1 9 22.450024 4.123106
1 6 17.411231 9.899495
2 8 24.174397 82.036577
2 7 15.158949 51.244512
3 8 20.608699 6.324555
4 9 16.326904 69.354164
5 8 20.374077 79.605276
6 9 20.650418 6.708204
7 9 22.935366 25.298221
