10 10 41270 679 199 49 0 20
13 81 14.730698 17.668299
80 78 32.716637 40.726217
22 73 21.669928 26.385763
85 16 41.004298 39.538505
50 19 10.033004 9.623881
8 50 20.697031 21.096681
73 85 21.545781 21.751961
71 58 22.672510 24.564787
79 14 0.763097 0.651752
79 82 35.269125 33.221542
0 2 35.991850 12.041595
1 9 35.763923 4.123106
1 6 42.978847 9.899495
2 8 43.136934 82.036577
2 7 41.353404 51.244512
3 8 43.246371 6.324555
4 9 35.062881 69.354164
5 8 37.223872 79.605276
6 9 41.582474 6.708204
7 9 42.408001 25.298221
