9 11 35268 318 42 8 0 20
34 60 24.877918 30.705724
68 1 20.835627 20.348577
84 62 19.911500 17.239757
43 75 35.215364 35.358622
39 61 44.059345 40.321287
35 58 24.646527 21.259954
36 66 46.074600 44.039934
66 28 36.766468 33.215682
48 43 18.004151 16.223142
0 5 4.324062 2.236068
0 4 3.984656 5.099020
1 4 6.619705 66.640828
1 2 6.993932 63.063460
2 8 6.377963 40.706265
2 4 6.903728 45.011110
3 8 3.283305 32.388269
3 5 0.531102 18.788294
4 7 6.647297 42.638011
5 7 0.217720 43.139309
5 6 6.823034 8.062258
