9 11 44105 655 991 998 1.000000 20
34 60 16.365734 14.482449
68 1 49.402920 44.946885
84 62 36.120368 37.652539
43 75 2.735741 2.370526
39 61 21.359910 20.486993
35 58 1.530116 1.501678
36 66 24.706149 23.160973
66 28 21.719617 23.193701
48 43 7.810170 9.059202
0 5 4.649449 2.236068
0 4 7.856682 5.099020
1 4 5.383421 66.640828
1 2 2.311520 63.063460
2 8 3.612724 40.706265
2 4 0.583829 45.011110
3 8 6.365634 32.388269
3 5 5.010832 18.788294
4 7 5.473666 42.638011
5 7 3.042241 43.139309
5 6 6.914570 8.062258
