9 11 46953 1042 96 5 0.001000 20
34 60 17.072538 14.538729
68 1 15.303452 13.588537
84 62 54.473787 46.302770
43 75 36.833006 44.705707
39 61 32.260955 30.967579
35 58 15.424637 18.714789
36 66 11.751605 13.056244
66 28 7.541637 8.126530
48 43 13.550977 13.217687
0 5 24.281952 2.236068
0 4 15.430269 5.099020
1 4 20.392673 66.640828
1 2 22.099932 63.063460
2 8 17.726905 40.706265
2 4 22.487509 45.011110
3 8 24.606320 32.388269
3 5 15.059953 18.788294
4 7 24.066958 42.638011
5 7 18.794990 43.139309
5 6 20.364556 8.062258
