9 11 38325 1990 995 999 1.000000 20
34 60 19.998414 23.542478
68 1 31.042987 33.833206
84 62 18.034575 16.381140
43 75 10.568761 11.757997
39 61 33.116178 40.970505
35 58 13.087499 12.976661
36 66 42.434283 41.080620
66 28 28.554002 33.023715
48 43 29.360353 32.911138
0 5 0.424477 2.236068
0 4 4.108232 5.099020
1 4 6.617510 66.640828
1 2 8.264033 63.063460
2 8 3.810558 40.706265
2 4 7.840386 45.011110
3 8 0.512805 32.388269
3 5 6.924762 18.788294
4 7 4.612312 42.638011
5 7 8.778876 43.139309
5 6 0.266697 8.062258
