9 11 39155 1257 996 996 1.000000 20
34 60 40.333623 38.885439
68 1 34.392336 32.790618
84 62 49.093247 46.134101
43 75 35.540849 41.081200
39 61 1.029836 1.148919
35 58 33.352826 32.496943
36 66 17.492705 21.342974
66 28 2.973564 3.027090
48 43 1.617663 1.865791
0 5 1.179260 2.236068
0 4 0.168387 5.099020
1 4 0.888311 66.640828
1 2 4.231320 63.063460
2 8 0.574879 40.706265
2 4 8.202535 45.011110
3 8 7.679333 32.388269
3 5 0.973391 18.788294
4 7 9.596255 42.638011
5 7 3.732857 43.139309
5 6 5.853933 8.062258
