9 11 27545 2009 93 7 0.000100 20
34 60 49.255081 42.525716
68 1 12.086399 10.143172
84 62 32.255642 26.984282
43 75 54.737646 47.567436
39 61 29.288939 29.605098
35 58 8.550712 9.826204
36 66 11.619670 10.507674
66 28 9.320593 8.432756
48 43 21.442525 20.323621
0 5 21.603034 2.236068
0 4 18.782941 5.099020
1 4 24.343130 66.640828
1 2 18.464109 63.063460
2 8 18.311596 40.706265
2 4 23.325457 45.011110
3 8 24.571240 32.388269
3 5 21.142110 18.788294
4 7 23.751626 42.638011
5 7 18.274807 43.139309
5 6 18.453326 8.062258
