9 11 24731 1120 193 45 0.010000 20
34 60 26.548207 25.431614
68 1 53.721181 45.748395
84 62 57.654680 48.686302
43 75 39.857625 48.422200
39 61 33.139250 37.257971
35 58 8.692949 10.049785
36 66 37.616485 38.215961
66 28 13.046788 15.072208
48 43 2.088383 2.245543
0 5 37.510428 2.236068
0 4 38.034217 5.099020
1 4 44.740145 66.640828
1 2 38.223028 63.063460
2 8 40.339351 40.706265
2 4 39.902288 45.011110
3 8 35.981251 32.388269
3 5 39.727290 18.788294
4 7 44.295119 42.638011
5 7 43.360348 43.139309
5 6 41.112588 8.062258
