9 11 5041 357 997 999 1 20
34 60 36.586588 41.268443
68 1 28.352848 34.762981
84 62 18.930804 21.186802
43 75 24.780865 22.662588
39 61 27.225112 33.544196
35 58 32.240495 34.469575
36 66 43.580763 37.188477
66 28 28.293367 26.522703
48 43 26.156682 21.928626
0 5 45.352589 2.236068
0 4 46.925261 5.099020
1 4 40.594150 66.640828
1 2 42.211130 63.063460
2 8 48.838300 40.706265
2 4 45.049909 45.011110
3 8 47.917602 32.388269
3 5 46.734137 18.788294
4 7 40.466906 42.638011
5 7 41.425869 43.139309
5 6 44.084806 8.062258
