9 11 49585 279 994 999 1.000000 20
34 60 46.500575 44.227925
68 1 4.070535 3.489102
84 62 35.508137 44.146954
43 75 27.244440 32.011665
39 61 21.861048 26.453838
35 58 14.091757 13.951346
36 66 41.939730 39.931689
66 28 1.282042 1.081758
48 43 22.783462 27.987672
0 5 2.462886 2.236068
0 4 1.763987 5.099020
1 4 0.182351 66.640828
1 2 9.639688 63.063460
2 8 8.956246 40.706265
2 4 6.914469 45.011110
3 8 1.271494 32.388269
3 5 1.661767 18.788294
4 7 6.346243 42.638011
5 7 8.012309 43.139309
5 6 9.843535 8.062258
