10 10 43583 736 190 47 0 20
13 81 35.995892 44.089580
80 78 24.010056 28.076816
22 73 26.876319 29.339268
85 16 28.533040 26.352279
50 19 20.172539 22.799955
8 50 12.785333 14.831868
73 85 52.076267 44.708745
71 58 24.614890 22.093141
79 14 40.520099 43.458696
79 82 40.550846 37.670512
0 2 38.540839 12.041595
1 9 42.581788 4.123106
1 6 36.003672 9.899495
2 8 44.859205 82.036577
2 7 39.583725 51.244512
3 8 39.329194 6.324555
4 9 41.298968 69.354164
5 8 38.398373 79.605276
6 9 41.752157 6.708204
7 9 43.835647 25.298221
