9 11 33000 719 146 28 0.001000 20
34 60 11.369036 10.053414
68 1 17.092864 17.528905
84 62 11.212450 10.406356
43 75 38.722843 46.461788
39 61 35.471243 29.658076
35 58 42.218952 47.007918
36 66 29.884289 34.225766
66 28 11.202230 10.716437
48 43 14.965367 18.523889
0 5 3.387864 2.236068
0 4 9.259806 5.099020
1 4 9.680991 66.640828
1 2 7.136568 63.063460
2 8 4.674546 40.706265
2 4 4.111443 45.011110
3 8 5.000186 32.388269
3 5 1.486239 18.788294
4 7 2.199616 42.638011
5 7 8.030964 43.139309
5 6 3.596182 8.062258
