10 10 48085 356 148 26 0.010000 20
13 81 16.403461 19.929228
80 78 15.424055 14.301697
22 73 57.683783 49.307875
85 16 38.696707 42.571135
50 19 0.018738 0.023346
8 50 43.356650 43.097470
73 85 4.812459 4.708457
71 58 14.317307 14.374633
79 14 37.513318 44.592424
79 82 47.437833 44.764589
0 2 4.557267 12.041595
1 9 6.807088 4.123106
1 6 7.406887 9.899495
2 8 1.323212 82.036577
2 7 9.870630 51.244512
3 8 8.304617 6.324555
4 9 1.178434 69.354164
5 8 5.569822 79.605276
6 9 2.866875 6.708204
7 9 0.020103 25.298221
