9 11 46897 408 993 998 1.000000 20
34 60 14.851565 17.975418
68 1 8.685419 10.092829
84 62 51.601377 43.589339
43 75 43.234283 36.871510
39 61 5.620787 5.246598
35 58 30.082052 29.534538
36 66 43.181470 47.424096
66 28 21.751039 18.735532
48 43 39.508960 45.410205
0 5 44.253761 2.236068
0 4 43.726652 5.099020
1 4 49.913001 66.640828
1 2 49.515871 63.063460
2 8 47.544892 40.706265
2 4 44.798501 45.011110
3 8 42.378691 32.388269
3 5 46.363261 18.788294
4 7 44.970860 42.638011
5 7 45.973778 43.139309
5 6 46.638574 8.062258
