9 11 36738 960 96 7 0.000100 20
34 60 37.111293 37.892089
68 1 43.501818 43.152801
84 62 14.441617 12.641682
43 75 11.535840 11.539500
39 61 26.985461 26.904568
35 58 29.298062 31.293860
36 66 23.741172 28.275362
66 28 48.194916 47.217606
48 43 32.486858 29.349111
0 5 23.069891 2.236068
0 4 22.728693 5.099020
1 4 23.196249 66.640828
1 2 17.468304 63.063460
2 8 24.993915 40.706265
2 4 19.703949 45.011110
3 8 20.545023 32.388269
3 5 20.702002 18.788294
4 7 20.805884 42.638011
5 7 23.140204 43.139309
5 6 16.570983 8.062258
