10 10 42743 1035 192 45 0.001000 20
13 81 28.554073 25.200683
80 78 31.533112 38.844736
22 73 21.998424 26.127798
85 16 24.230626 21.814187
50 19 26.602618 22.394370
8 50 39.391817 42.661604
73 85 11.465058 9.925737
71 58 50.608932 48.946400
79 14 28.302944 29.058975
79 82 18.666160 16.035731
0 2 35.309354 12.041595
1 9 36.132049 4.123106
1 6 42.850867 9.899495
2 8 42.138024 82.036577
2 7 36.093504 51.244512
3 8 38.401113 6.324555
4 9 37.169680 69.354164
5 8 37.526633 79.605276
6 9 37.250163 6.708204
7 9 38.883151 25.298221
