10 10 24000 954 45 7 0.001000 20
13 81 10.935171 9.173423
80 78 4.814238 4.086526
22 73 1.834190 2.170094
85 16 21.846500 25.325175
50 19 40.929615 40.021265
8 50 8.771802 9.282415
73 85 17.476043 15.050929
71 58 42.560030 48.274927
79 14 2.383530 2.611799
79 82 39.277508 39.283224
0 2 4.594864 12.041595
1 9 8.112543 4.123106
1 6 7.392973 9.899495
2 8 6.475057 82.036577
2 7 3.293931 51.244512
3 8 7.720339 6.324555
4 9 9.941829 69.354164
5 8 9.895815 79.605276
6 9 8.814895 6.708204
7 9 8.919154 25.298221
