9 11 32130 938 93 5 0.001000 20
34 60 15.260707 13.749933
68 1 4.297897 4.723715
84 62 45.479916 43.437183
43 75 20.191986 21.726676
39 61 15.471645 17.500089
35 58 0.532351 0.461084
36 66 5.084037 5.884800
66 28 10.248012 11.372915
48 43 22.794598 22.913125
0 5 20.072943 2.236068
0 4 22.021316 5.099020
1 4 18.235875 66.640828
1 2 19.985927 63.063460
2 8 23.735980 40.706265
2 4 19.084632 45.011110
3 8 20.231262 32.388269
3 5 15.457859 18.788294
4 7 23.457770 42.638011
5 7 22.522464 43.139309
5 6 18.538060 8.062258
