9 11 44108 754 195 45 0.010000 20
34 60 6.453238 6.024406
68 1 3.155040 2.696681
84 62 27.106252 33.094136
43 75 1.643819 1.407876
39 61 23.817573 25.235391
35 58 39.846920 48.939370
36 66 10.864199 12.617845
66 28 13.661858 15.482655
48 43 35.150114 40.099589
0 5 40.505889 2.236068
0 4 40.418346 5.099020
1 4 43.440334 66.640828
1 2 43.732992 63.063460
2 8 41.212407 40.706265
2 4 41.377478 45.011110
3 8 42.759502 32.388269
3 5 42.880396 18.788294
4 7 41.757878 42.638011
5 7 42.975660 43.139309
5 6 42.889902 8.062258
