9 11 29043 1504 997 999 1 20
34 60 57.955851 49.682749
68 1 26.934283 22.687583
84 62 4.513222 3.936545
43 75 19.566698 16.804756
39 61 23.723535 27.125956
35 58 37.997020 36.545719
36 66 8.849431 10.420455
66 28 51.587044 43.436410
48 43 41.129923 36.476593
0 5 46.630222 2.236068
0 4 48.297448 5.099020
1 4 49.750692 66.640828
1 2 44.448484 63.063460
2 8 44.489247 40.706265
2 4 45.218591 45.011110
3 8 46.417677 32.388269
3 5 48.166698 18.788294
4 7 49.389017 42.638011
5 7 40.882640 43.139309
5 6 47.123133 8.062258
