9 11 2227 2001 46 6 0.001000 20
34 60 9.683111 8.127950
68 1 10.769025 9.825079
84 62 43.040533 36.383808
43 75 28.440053 33.031301
39 61 19.449064 24.086217
35 58 3.162220 3.372457
36 66 1.285353 1.211458
66 28 34.776505 32.055611
48 43 26.576113 25.357955
0 5 7.575089 2.236068
0 4 2.261289 5.099020
1 4 0.835724 66.640828
1 2 3.687665 63.063460
2 8 3.105446 40.706265
2 4 2.188136 45.011110
3 8 7.217917 32.388269
3 5 0.040653 18.788294
4 7 2.591534 42.638011
5 7 1.193308 43.139309
5 6 5.204170 8.062258
