9 11 37450 1064 143 26 0 20
34 60 36.625028 31.617938
68 1 43.796475 49.517667
84 62 39.630887 45.637552
43 75 52.516130 46.478265
39 61 27.145524 30.893309
35 58 22.902242 20.397468
36 66 24.499071 30.388263
66 28 0.215583 0.179805
48 43 28.740614 34.022367
0 5 0.552800 2.236068
0 4 2.911212 5.099020
1 4 7.556187 66.640828
1 2 8.140985 63.063460
2 8 1.996119 40.706265
2 4 3.101042 45.011110
3 8 0.950691 32.388269
3 5 9.260114 18.788294
4 7 9.672175 42.638011
5 7 4.197665 43.139309
5 6 1.718644 8.062258
