9 11 4285 1038 992 997 1.000000 20
34 60 29.896130 27.496433
68 1 29.529006 27.432899
84 62 49.413404 42.987557
43 75 51.264841 47.772399
39 61 42.896064 38.346954
35 58 2.452444 2.897113
36 66 38.869713 35.081197
66 28 39.818448 37.014142
48 43 47.668399 44.029546
0 5 1.727920 2.236068
0 4 5.946949 5.099020
1 4 3.934110 66.640828
1 2 7.616617 63.063460
2 8 9.365230 40.706265
2 4 5.776429 45.011110
3 8 7.208802 32.388269
3 5 0.573929 18.788294
4 7 3.236087 42.638011
5 7 4.289693 43.139309
5 6 9.004053 8.062258
