9 11 42358 1130 997 995 1.000000 20
34 60 18.991889 21.752613
68 1 23.480850 28.111752
84 62 30.394974 28.417654
43 75 19.404752 23.251073
39 61 7.137366 6.155817
35 58 33.020909 36.095961
36 66 38.526328 41.567828
66 28 22.960718 24.686116
48 43 14.706953 13.746979
0 5 7.869393 2.236068
0 4 4.329953 5.099020
1 4 9.815248 66.640828
1 2 1.933218 63.063460
2 8 3.259928 40.706265
2 4 5.839026 45.011110
3 8 1.800067 32.388269
3 5 5.029966 18.788294
4 7 6.557376 42.638011
5 7 4.124044 43.139309
5 6 9.284433 8.062258
