10 10 26795 1330 999 998 1.000000 20
13 81 5.709744 4.941794
80 78 5.845671 5.746975
22 73 18.311569 17.112942
85 16 28.906407 32.346720
50 19 20.031032 22.309912
8 50 8.639211 8.610858
73 85 35.979968 31.433199
71 58 27.070641 23.546994
79 14 2.665719 2.941702
79 82 8.974541 7.983295
0 2 45.869408 12.041595
1 9 47.316928 4.123106
1 6 46.696611 9.899495
2 8 40.313126 82.036577
2 7 43.908999 51.244512
3 8 47.155692 6.324555
4 9 40.570008 69.354164
5 8 42.111268 79.605276
6 9 48.791062 6.708204
7 9 44.277666 25.298221
