10 10 49551 383 146 26 0 20
13 81 18.757979 18.920198
80 78 46.728890 42.803396
22 73 19.181961 18.876469
85 16 35.000914 32.003133
50 19 35.930853 37.747214
8 50 7.009084 6.284306
73 85 34.876168 31.863438
71 58 48.443635 44.851504
79 14 21.395936 25.749234
79 82 8.224159 8.223527
0 2 3.009703 12.041595
1 9 1.011966 4.123106
1 6 5.377418 9.899495
2 8 5.395922 82.036577
2 7 0.857207 51.244512
3 8 4.835484 6.324555
4 9 3.542273 69.354164
5 8 4.382555 79.605276
6 9 2.937221 6.708204
7 9 4.008151 25.298221
