10 10 42076 780 990 997 1.000000 20
13 81 40.571670 34.792442
80 78 39.334909 46.797762
22 73 29.503075 28.105687
85 16 33.710307 29.733042
50 19 1.230244 1.062201
8 50 24.655933 23.003209
73 85 13.684804 15.359935
71 58 13.892474 14.134659
79 14 10.743377 13.278194
79 82 30.664577 31.360376
0 2 48.303109 12.041595
1 9 49.962237 4.123106
1 6 42.716216 9.899495
2 8 40.200675 82.036577
2 7 45.512031 51.244512
3 8 43.393188 6.324555
4 9 40.692497 69.354164
5 8 48.149496 79.605276
6 9 42.976089 6.708204
7 9 42.257971 25.298221
