9 11 3382 561 95 5 0.001000 20
34 60 12.275903 11.332526
68 1 19.885590 21.582157
84 62 23.162247 23.922855
43 75 5.862923 4.887622
39 61 43.550436 44.204672
35 58 39.795093 43.370867
36 66 21.897993 22.003703
66 28 42.523273 44.615437
48 43 26.972637 28.503927
0 5 16.496156 2.236068
0 4 16.465325 5.099020
1 4 17.248004 66.640828
1 2 16.613865 63.063460
2 8 18.570301 40.706265
2 4 19.889557 45.011110
3 8 15.500214 32.388269
3 5 24.119479 18.788294
4 7 24.092555 42.638011
5 7 15.327254 43.139309
5 6 19.093115 8.062258
