9 11 49121 2129 40 5 0.000100 20
34 60 34.201680 32.402384
68 1 40.830899 47.873599
84 62 33.208980 27.941149
43 75 41.738629 49.420996
39 61 41.750862 38.270379
35 58 3.994645 4.692511
36 66 33.136971 30.543719
66 28 2.045938 2.508045
48 43 43.697439 40.773998
0 5 1.203599 2.236068
0 4 2.306422 5.099020
1 4 0.267764 66.640828
1 2 5.507884 63.063460
2 8 0.127640 40.706265
2 4 9.575895 45.011110
3 8 7.618623 32.388269
3 5 2.734642 18.788294
4 7 1.456647 42.638011
5 7 3.228980 43.139309
5 6 5.009242 8.062258
