10 10 47871 1190 147 25 0.010000 20
13 81 48.948266 45.036741
80 78 38.550237 37.340718
22 73 35.263458 31.502127
85 16 57.441984 48.731163
50 19 3.733193 4.163966
8 50 5.722147 4.880060
73 85 26.098759 23.313262
71 58 46.392837 42.812159
79 14 39.884370 34.313298
79 82 53.348156 45.787190
0 2 0.480481 12.041595
1 9 0.166611 4.123106
1 6 0.804529 9.899495
2 8 4.116654 82.036577
2 7 0.867036 51.244512
3 8 7.622382 6.324555
4 9 3.603369 69.354164
5 8 2.901488 79.605276
6 9 1.531260 6.708204
7 9 9.232530 25.298221
