10 10 28962 987 194 45 0.001000 20
13 81 2.994989 3.417290
80 78 46.434115 43.065052
22 73 18.470449 22.683387
85 16 3.338594 3.790021
50 19 5.540274 4.676578
8 50 42.062999 45.316407
73 85 1.447601 1.334728
71 58 30.117956 37.009189
79 14 21.563573 18.087116
79 82 54.466171 46.099642
0 2 38.742092 12.041595
1 9 37.878656 4.123106
1 6 44.530346 9.899495
2 8 36.604773 82.036577
2 7 41.130801 51.244512
3 8 36.119537 6.324555
4 9 40.963046 69.354164
5 8 42.751750 79.605276
6 9 38.410935 6.708204
7 9 39.203777 25.298221
