9 11 3178 2982 145 29 0.001000 20
34 60 46.343956 47.833941
68 1 56.626878 47.768140
84 62 16.684758 18.253590
43 75 6.482289 5.591272
39 61 28.552259 27.711960
35 58 13.493408 16.422634
36 66 28.393962 33.573869
66 28 38.677069 33.515549
48 43 24.042999 24.561171
0 5 4.258087 2.236068
0 4 6.654576 5.099020
1 4 8.500514 66.640828
1 2 0.149653 63.063460
2 8 0.652725 40.706265
2 4 3.976753 45.011110
3 8 3.637509 32.388269
3 5 4.104210 18.788294
4 7 7.524162 42.638011
5 7 7.023546 43.139309
5 6 6.893545 8.062258
