10 10 34452 642 143 26 0.010000 20
13 81 31.593768 32.514232
80 78 18.037543 17.015277
22 73 47.145514 41.996686
85 16 30.152523 27.837849
50 19 15.202391 18.220001
8 50 57.489105 48.773796
73 85 26.891043 26.729586
71 58 8.361917 8.714668
79 14 17.208123 17.391516
79 82 39.654183 49.425849
0 2 9.655522 12.041595
1 9 9.093592 4.123106
1 6 7.478085 9.899495
2 8 3.761700 82.036577
2 7 8.753863 51.244512
3 8 7.947405 6.324555
4 9 2.371657 69.354164
5 8 7.604865 79.605276
6 9 8.076614 6.708204
7 9 2.694470 25.298221
