10 10 29956 1383 41 5 0 20
13 81 25.656655 27.983885
80 78 44.740750 41.160800
22 73 3.475730 2.992197
85 16 8.596237 7.580269
50 19 10.040325 12.063854
8 50 8.371808 9.217425
73 85 28.959783 34.470022
71 58 36.203713 31.599517
79 14 46.679746 44.533651
79 82 9.319216 10.415086
0 2 8.945149 12.041595
1 9 4.636263 4.123106
1 6 8.086546 9.899495
2 8 9.863493 82.036577
2 7 0.524921 51.244512
3 8 5.843073 6.324555
4 9 3.424772 69.354164
5 8 8.642141 79.605276
6 9 3.171398 6.708204
7 9 1.030417 25.298221
