10 10 5066 1027 993 995 1.000000 20
13 81 44.775979 49.770976
80 78 0.346473 0.423535
22 73 14.084865 14.478089
85 16 56.308257 48.245075
50 19 28.334184 26.948033
8 50 2.643694 2.827123
73 85 17.212515 21.317678
71 58 31.990950 32.010824
79 14 29.794084 27.395540
79 82 13.161284 11.421671
0 2 40.553730 12.041595
1 9 41.646358 4.123106
1 6 41.845586 9.899495
2 8 42.520707 82.036577
2 7 43.870240 51.244512
3 8 41.409161 6.324555
4 9 48.236784 69.354164
5 8 41.079259 79.605276
6 9 41.881619 6.708204
7 9 42.205566 25.298221
