9 11 288 2249 990 999 1.000000 20
34 60 44.286380 45.337232
68 1 22.002045 25.264919
84 62 26.422668 31.688467
43 75 17.499979 16.229221
39 61 26.033305 31.288345
35 58 51.119213 44.136942
36 66 4.862734 4.821858
66 28 22.263753 21.765789
48 43 50.494800 48.579014
0 5 3.706884 2.236068
0 4 4.202986 5.099020
1 4 4.905948 66.640828
1 2 3.690776 63.063460
2 8 0.580807 40.706265
2 4 8.294321 45.011110
3 8 0.749334 32.388269
3 5 9.147518 18.788294
4 7 5.519427 42.638011
5 7 5.208672 43.139309
5 6 9.293197 8.062258
