10 10 47800 929 993 996 1 20
13 81 39.996022 41.112666
80 78 48.480775 40.971092
22 73 32.804410 33.224075
85 16 21.021011 21.970647
50 19 6.646370 5.937310
8 50 24.110585 22.294195
73 85 4.505708 4.346847
71 58 27.983220 31.282233
79 14 11.775984 10.556556
79 82 37.996785 32.843273
0 2 42.444861 12.041595
1 9 41.228208 4.123106
1 6 47.764014 9.899495
2 8 49.834605 82.036577
2 7 40.886431 51.244512
3 8 42.723416 6.324555
4 9 47.812559 69.354164
5 8 45.637897 79.605276
6 9 47.206975 6.708204
7 9 45.471141 25.298221
