10 10 41717 324 996 999 1.000000 20
13 81 11.843361 11.036274
80 78 26.366299 24.822503
22 73 51.765212 49.172506
85 16 34.839478 43.395746
50 19 18.396848 18.692389
8 50 39.668286 48.210901
73 85 1.891189 1.736077
71 58 25.261367 24.045523
79 14 36.903425 37.942114
79 82 24.277195 30.114817
0 2 48.044178 12.041595
1 9 45.263683 4.123106
1 6 43.545562 9.899495
2 8 44.824125 82.036577
2 7 49.164728 51.244512
3 8 43.916961 6.324555
4 9 48.812735 69.354164
5 8 43.958594 79.605276
6 9 43.277489 6.708204
7 9 41.436637 25.298221
