10 10 26727 1566 141 29 0.001000 20
13 81 52.909596 49.766624
80 78 41.640461 47.214965
22 73 18.589591 18.794907
85 16 38.829789 33.125116
50 19 1.683235 1.739871
8 50 4.040917 4.410974
73 85 38.130887 33.543068
71 58 14.769723 14.591881
79 14 10.299816 11.965698
79 82 27.920915 25.315611
0 2 0.052441 12.041595
1 9 8.633763 4.123106
1 6 1.696985 9.899495
2 8 8.139102 82.036577
2 7 4.753659 51.244512
3 8 3.764374 6.324555
4 9 4.175483 69.354164
5 8 2.849799 79.605276
6 9 8.514193 6.708204
7 9 1.982874 25.298221
