10 10 28275 971 145 28 0.010000 20
13 81 1.001836 1.058630
80 78 12.211720 12.367779
22 73 44.051896 39.604055
85 16 16.357825 17.640305
50 19 15.438972 13.896946
8 50 47.871016 45.563423
73 85 3.363373 3.834407
71 58 27.375181 31.945668
79 14 2.275082 1.909715
79 82 22.464763 18.915772
0 2 2.989577 12.041595
1 9 2.137310 4.123106
1 6 8.457514 9.899495
2 8 0.008049 82.036577
2 7 1.186954 51.244512
3 8 4.667705 6.324555
4 9 9.651987 69.354164
5 8 0.859350 79.605276
6 9 8.278383 6.708204
7 9 2.655466 25.298221
