9 11 31300 548 997 998 1 20
34 60 41.435430 47.788639
68 1 50.476596 45.855638
84 62 35.002418 32.023712
43 75 25.656044 27.378337
39 61 12.586816 14.306317
35 58 49.691751 48.209208
36 66 6.639472 7.694626
66 28 4.635430 5.402077
48 43 34.429561 35.390861
0 5 42.520018 2.236068
0 4 49.819725 5.099020
1 4 46.098533 66.640828
1 2 42.403199 63.063460
2 8 48.262759 40.706265
2 4 43.922712 45.011110
3 8 46.059787 32.388269
3 5 42.876992 18.788294
4 7 46.985768 42.638011
5 7 44.126114 43.139309
5 6 46.030475 8.062258
