10 10 31900 775 98 6 0 20
13 81 34.542138 37.389948
80 78 31.683978 27.788501
22 73 15.761319 15.549967
85 16 39.331782 40.329827
50 19 16.823703 19.174055
8 50 11.537899 9.999496
73 85 31.222041 37.524904
71 58 21.041869 25.721688
79 14 8.493208 9.668631
79 82 17.781310 20.710636
0 2 23.837619 12.041595
1 9 18.661283 4.123106
1 6 21.911978 9.899495
2 8 16.992823 82.036577
2 7 19.086098 51.244512
3 8 16.831103 6.324555
4 9 20.090150 69.354164
5 8 20.504425 79.605276
6 9 24.601869 6.708204
7 9 23.852163 25.298221
