10 10 27625 1035 144 26 0.010000 20
13 81 36.949333 31.780248
80 78 1.509398 1.611524
22 73 57.604777 49.146030
85 16 20.312124 25.379320
50 19 40.271921 47.080575
8 50 10.009465 10.045530
73 85 5.512018 6.197543
71 58 40.404305 36.367688
79 14 48.295862 44.843802
79 82 20.625571 23.854137
0 2 3.308588 12.041595
1 9 0.443437 4.123106
1 6 9.351427 9.899495
2 8 4.686359 82.036577
2 7 6.088771 51.244512
3 8 0.438286 6.324555
4 9 1.736762 69.354164
5 8 5.904984 79.605276
6 9 4.715795 6.708204
7 9 9.507360 25.298221
