10 10 42333 2242 997 998 1.000000 20
13 81 11.602703 13.676788
80 78 5.757170 6.007824
22 73 50.465491 47.093499
85 16 12.151505 10.389111
50 19 39.179080 35.284890
8 50 31.322430 37.673675
73 85 48.270068 47.739022
71 58 30.502418 31.522255
79 14 24.015820 20.115790
79 82 24.369640 26.277748
0 2 49.936930 12.041595
1 9 43.479064 4.123106
1 6 41.019748 9.899495
2 8 41.455154 82.036577
2 7 46.050665 51.244512
3 8 45.517586 6.324555
4 9 47.736722 69.354164
5 8 42.112508 79.605276
6 9 47.151319 6.708204
7 9 42.359300 25.298221
