9 11 4354 293 96 9 0.000100 20
34 60 37.396478 36.736671
68 1 33.517979 32.307387
84 62 39.631704 37.805209
43 75 25.918178 27.129788
39 61 4.981116 5.977996
35 58 39.248711 47.152592
36 66 14.983491 15.459713
66 28 21.634356 21.013498
48 43 31.691744 26.675153
0 5 17.684871 2.236068
0 4 23.539432 5.099020
1 4 23.897815 66.640828
1 2 21.079170 63.063460
2 8 19.507680 40.706265
2 4 17.017853 45.011110
3 8 24.809400 32.388269
3 5 18.991571 18.788294
4 7 23.234120 42.638011
5 7 16.475647 43.139309
5 6 18.443165 8.062258
