10 10 38484 567 999 998 1.000000 20
13 81 35.271122 33.304527
80 78 20.099666 23.938047
22 73 16.914431 17.444588
85 16 40.258495 45.040654
50 19 44.674979 47.810671
8 50 1.619156 1.797434
73 85 13.158681 12.260525
71 58 7.942017 6.961082
79 14 46.674578 46.850327
79 82 15.008874 16.730719
0 2 45.131683 12.041595
1 9 49.099248 4.123106
1 6 47.720112 9.899495
2 8 45.538595 82.036577
2 7 41.215977 51.244512
3 8 43.749418 6.324555
4 9 43.014889 69.354164
5 8 47.032604 79.605276
6 9 44.469766 6.708204
7 9 41.653242 25.298221
