9 11 31236 1025 997 998 1.000000 20
34 60 19.203166 23.561676
68 1 8.250696 9.819613
84 62 1.418176 1.188706
43 75 38.410063 47.825545
39 61 8.861306 8.925098
35 58 28.802566 25.726442
36 66 12.989636 12.841359
66 28 8.882634 8.106770
48 43 26.558806 22.356742
0 5 9.816675 2.236068
0 4 1.945741 5.099020
1 4 8.718866 66.640828
1 2 0.541476 63.063460
2 8 5.510740 40.706265
2 4 3.221736 45.011110
3 8 4.149870 32.388269
3 5 5.442609 18.788294
4 7 6.320064 42.638011
5 7 0.799091 43.139309
5 6 1.911905 8.062258
