9 11 45500 510 97 9 0 20
34 60 30.714788 31.654727
68 1 11.634426 12.551561
84 62 47.498609 49.595636
43 75 24.490899 23.193394
39 61 18.805539 17.403843
35 58 36.156973 33.420222
36 66 33.053150 27.747194
66 28 24.610244 21.745082
48 43 1.626338 1.735805
0 5 15.731145 2.236068
0 4 20.939075 5.099020
1 4 17.005399 66.640828
1 2 19.889803 63.063460
2 8 15.020870 40.706265
2 4 24.188963 45.011110
3 8 23.325066 32.388269
3 5 22.540597 18.788294
4 7 19.402645 42.638011
5 7 21.658916 43.139309
5 6 23.672321 8.062258
