9 11 43333 474 998 995 1.000000 20
34 60 30.833302 33.148345
68 1 33.876852 39.993226
84 62 50.066566 49.074221
43 75 6.979634 8.410177
39 61 7.247828 6.285128
35 58 27.152590 30.439321
36 66 27.141246 26.212609
66 28 49.282113 44.078256
48 43 29.784268 27.258060
0 5 7.884357 2.236068
0 4 7.302440 5.099020
1 4 0.348393 66.640828
1 2 4.883338 63.063460
2 8 1.261501 40.706265
2 4 2.453286 45.011110
3 8 9.185013 32.388269
3 5 8.362410 18.788294
4 7 2.524768 42.638011
5 7 1.407869 43.139309
5 6 9.760257 8.062258
