9 11 33309 2987 145 28 0.010000 20
34 60 36.160431 44.484416
68 1 25.774800 28.297641
84 62 3.151648 3.520384
43 75 12.663824 10.646780
39 61 50.914094 47.582394
35 58 12.827029 13.006964
36 66 25.931557 29.566702
66 28 31.215963 32.956571
48 43 18.924773 20.360942
0 5 2.424057 2.236068
0 4 4.421613 5.099020
1 4 1.476232 66.640828
1 2 6.472833 63.063460
2 8 5.220043 40.706265
2 4 6.551117 45.011110
3 8 0.115862 32.388269
3 5 5.480887 18.788294
4 7 1.288133 42.638011
5 7 9.122693 43.139309
5 6 6.602594 8.062258
