10 10 35979 1028 998 999 1.000000 20
13 81 31.719055 30.941059
80 78 34.419608 29.707886
22 73 42.220841 40.076612
85 16 27.997073 27.754929
50 19 48.560968 42.419297
8 50 18.621017 21.142025
73 85 32.942265 39.642169
71 58 10.606546 8.898845
79 14 19.597158 20.347813
79 82 56.034229 47.046327
0 2 0.269312 12.041595
1 9 5.839443 4.123106
1 6 5.921592 9.899495
2 8 1.038705 82.036577
2 7 2.525292 51.244512
3 8 5.354894 6.324555
4 9 5.801544 69.354164
5 8 2.923228 79.605276
6 9 5.198171 6.708204
7 9 3.978851 25.298221
