10 10 44500 476 992 997 1.000000 20
13 81 47.531697 42.053443
80 78 28.709213 27.271795
22 73 27.553369 27.593588
85 16 18.514328 20.108612
50 19 52.768662 48.281073
8 50 17.353137 18.232202
73 85 34.811486 32.723965
71 58 14.156479 12.706821
79 14 41.863140 35.300500
79 82 46.098712 41.202623
0 2 44.519625 12.041595
1 9 42.508206 4.123106
1 6 45.033012 9.899495
2 8 45.172583 82.036577
2 7 47.843740 51.244512
3 8 46.640842 6.324555
4 9 46.991423 69.354164
5 8 49.198626 79.605276
6 9 46.606098 6.708204
7 9 48.003702 25.298221
