9 11 43000 1329 992 998 1.000000 20
34 60 56.231979 48.179618
68 1 28.352820 26.701509
84 62 33.562354 38.399916
43 75 18.746337 20.534139
39 61 13.374144 13.578274
35 58 6.627382 7.849059
36 66 4.673192 4.667857
66 28 35.484013 36.475193
48 43 22.793640 22.099223
0 5 4.911978 2.236068
0 4 5.803530 5.099020
1 4 5.312184 66.640828
1 2 4.551748 63.063460
2 8 5.258485 40.706265
2 4 6.583072 45.011110
3 8 9.539845 32.388269
3 5 2.638699 18.788294
4 7 7.719057 42.638011
5 7 3.037945 43.139309
5 6 9.214251 8.062258
