10 10 30378 293 49 9 0 20
13 81 11.904390 11.221511
80 78 6.732040 5.915312
22 73 33.655620 38.474970
85 16 7.283823 6.241362
50 19 45.486987 42.406826
8 50 14.368947 13.567039
73 85 2.030322 2.075026
71 58 16.566833 14.804529
79 14 29.373199 32.683231
79 82 10.730823 8.997953
0 2 3.282994 12.041595
1 9 5.860059 4.123106
1 6 5.455231 9.899495
2 8 9.046875 82.036577
2 7 9.615637 51.244512
3 8 1.581853 6.324555
4 9 0.763246 69.354164
5 8 8.233122 79.605276
6 9 5.616918 6.708204
7 9 8.271357 25.298221
