10 10 44473 290 93 5 0.000100 20
13 81 6.158299 5.182050
80 78 44.802819 41.423502
22 73 13.947919 15.802198
85 16 18.654048 18.028261
50 19 34.002581 35.469852
8 50 21.980451 20.191877
73 85 10.351996 10.038475
71 58 19.882687 22.543105
79 14 38.260594 35.165967
79 82 48.360630 44.184669
0 2 23.183579 12.041595
1 9 18.543332 4.123106
1 6 23.876333 9.899495
2 8 18.326589 82.036577
2 7 21.217411 51.244512
3 8 15.550425 6.324555
4 9 23.274739 69.354164
5 8 21.834261 79.605276
6 9 21.028391 6.708204
7 9 16.105568 25.298221
