10 10 36666 491 994 996 1.000000 20
13 81 28.802187 32.901849
80 78 24.112040 27.982360
22 73 31.329467 27.429948
85 16 49.061210 46.700290
50 19 44.411476 37.637598
8 50 6.386879 5.526782
73 85 17.553282 16.938354
71 58 13.776796 15.412713
79 14 1.534671 1.421212
79 82 52.453335 44.274218
0 2 7.982068 12.041595
1 9 3.763155 4.123106
1 6 7.219030 9.899495
2 8 9.999857 82.036577
2 7 7.791656 51.244512
3 8 8.203138 6.324555
4 9 7.293497 69.354164
5 8 3.793761 79.605276
6 9 9.812348 6.708204
7 9 9.045171 25.298221
