10 10 23675 440 49 6 0.001000 20
13 81 27.405717 33.247380
80 78 27.710342 27.605018
22 73 5.372015 5.321872
85 16 5.944487 6.614713
50 19 19.813817 17.695655
8 50 42.113156 45.161255
73 85 36.094291 33.954584
71 58 14.917913 14.078390
79 14 49.134699 41.135638
79 82 18.183694 19.902022
0 2 9.853483 12.041595
1 9 0.224762 4.123106
1 6 9.885946 9.899495
2 8 3.717689 82.036577
2 7 8.470339 51.244512
3 8 4.567452 6.324555
4 9 3.901886 69.354164
5 8 1.960952 79.605276
6 9 4.180103 6.708204
7 9 3.464206 25.298221
