9 11 3588 455 148 26 0.010000 20
34 60 28.482035 29.532721
68 1 9.337552 10.810990
84 62 7.185235 8.827826
43 75 26.557944 25.140946
39 61 29.729823 25.955986
35 58 20.696941 18.033440
36 66 43.176679 36.310559
66 28 31.179002 34.342038
48 43 43.366579 39.356707
0 5 1.845169 2.236068
0 4 2.846305 5.099020
1 4 9.971881 66.640828
1 2 2.007867 63.063460
2 8 3.892501 40.706265
2 4 4.657659 45.011110
3 8 1.432917 32.388269
3 5 2.233692 18.788294
4 7 5.997986 42.638011
5 7 6.104054 43.139309
5 6 6.591548 8.062258
