10 10 30923 515 92 5 0.001000 20
13 81 5.458028 6.512073
80 78 27.513019 24.721877
22 73 7.275188 6.793989
85 16 4.919436 4.739351
50 19 5.599489 4.723934
8 50 8.379484 8.728769
73 85 54.961410 46.248305
71 58 22.077000 26.912447
79 14 31.904735 32.339134
79 82 33.481079 37.045920
0 2 22.763210 12.041595
1 9 24.514801 4.123106
1 6 21.874679 9.899495
2 8 21.333576 82.036577
2 7 21.749306 51.244512
3 8 17.641650 6.324555
4 9 24.948258 69.354164
5 8 15.998741 79.605276
6 9 16.208766 6.708204
7 9 24.716341 25.298221
