9 11 2857 2218 993 999 1.000000 20
34 60 43.365907 41.660541
68 1 5.778360 6.219152
84 62 1.328477 1.566968
43 75 30.249362 33.369303
39 61 50.124844 49.373120
35 58 32.352799 29.443126
36 66 41.461521 39.575448
66 28 27.144708 23.554093
48 43 56.006650 48.999909
0 5 5.429643 2.236068
0 4 1.789250 5.099020
1 4 9.901177 66.640828
1 2 9.151311 63.063460
2 8 5.651338 40.706265
2 4 9.477564 45.011110
3 8 0.899388 32.388269
3 5 4.092842 18.788294
4 7 0.418435 42.638011
5 7 9.159789 43.139309
5 6 9.011174 8.062258
