10 10 43309 453 143 26 0.001000 20
13 81 24.013606 23.626076
80 78 31.162359 34.896555
22 73 40.025248 41.033410
85 16 10.626954 8.866353
50 19 46.961492 44.001875
8 50 41.485624 48.094035
73 85 39.905194 41.075786
71 58 52.427887 47.832114
79 14 50.422782 49.569894
79 82 25.625095 22.160390
0 2 9.178464 12.041595
1 9 2.510253 4.123106
1 6 4.794878 9.899495
2 8 9.505350 82.036577
2 7 2.446915 51.244512
3 8 1.090807 6.324555
4 9 9.887978 69.354164
5 8 6.754343 79.605276
6 9 0.432712 6.708204
7 9 1.399794 25.298221
