9 11 27272 1348 142 28 0.001000 20
34 60 34.648006 31.190067
68 1 20.267210 18.426229
84 62 7.732518 8.962626
43 75 45.298929 47.819871
39 61 38.401705 32.506165
35 58 37.971412 36.528285
36 66 24.823037 23.859744
66 28 36.671889 36.652098
48 43 26.515808 26.382051
0 5 0.457047 2.236068
0 4 8.100257 5.099020
1 4 5.521508 66.640828
1 2 9.542135 63.063460
2 8 9.036661 40.706265
2 4 8.180785 45.011110
3 8 3.397162 32.388269
3 5 1.430210 18.788294
4 7 6.328865 42.638011
5 7 6.898415 43.139309
5 6 0.971784 8.062258
