9 11 45977 648 41 5 0.001000 20
34 60 31.989927 30.806950
68 1 44.432870 38.812942
84 62 43.823008 39.042116
43 75 8.514027 9.186183
39 61 35.223068 31.377522
35 58 4.818115 5.119334
36 66 43.600255 46.526287
66 28 42.960238 40.157499
48 43 41.351343 39.656508
0 5 3.908798 2.236068
0 4 5.050200 5.099020
1 4 8.110222 66.640828
1 2 6.457558 63.063460
2 8 6.972164 40.706265
2 4 9.687748 45.011110
3 8 4.115367 32.388269
3 5 5.825655 18.788294
4 7 8.166108 42.638011
5 7 1.232221 43.139309
5 6 1.443344 8.062258
