10 10 33973 312 999 997 1 20
13 81 17.892825 17.171822
80 78 41.151000 35.473398
22 73 31.162783 35.908044
85 16 13.228510 14.706678
50 19 14.416530 14.206294
8 50 22.387209 18.945517
73 85 36.460913 39.159411
71 58 32.737426 35.448170
79 14 5.633043 5.246658
79 82 36.525051 43.875414
0 2 6.733751 12.041595
1 9 2.586922 4.123106
1 6 1.323675 9.899495
2 8 0.524756 82.036577
2 7 7.567190 51.244512
3 8 5.657078 6.324555
4 9 5.672339 69.354164
5 8 9.062821 79.605276
6 9 3.161973 6.708204
7 9 7.820471 25.298221
