9 11 32534 928 99 8 0 20
34 60 45.609399 41.073684
68 1 35.724350 38.446010
84 62 11.660532 10.313039
43 75 37.307633 37.533373
39 61 8.777350 8.512936
35 58 15.006036 18.538772
36 66 16.691672 14.259890
66 28 10.877621 12.722031
48 43 34.608107 29.402553
0 5 19.399086 2.236068
0 4 22.307287 5.099020
1 4 21.884923 66.640828
1 2 15.475156 63.063460
2 8 17.382427 40.706265
2 4 20.336583 45.011110
3 8 16.123237 32.388269
3 5 18.561082 18.788294
4 7 22.120930 42.638011
5 7 21.169438 43.139309
5 6 18.645599 8.062258
