9 11 39306 1544 991 997 1.000000 20
34 60 14.157871 14.187477
68 1 39.997119 42.868991
84 62 28.300349 26.257082
43 75 8.733717 7.756451
39 61 6.720417 7.259930
35 58 29.751332 26.328783
36 66 30.243648 26.194153
66 28 47.453519 49.113300
48 43 31.226041 26.471866
0 5 46.375925 2.236068
0 4 46.300659 5.099020
1 4 45.847782 66.640828
1 2 48.090574 63.063460
2 8 46.753468 40.706265
2 4 41.574332 45.011110
3 8 43.716580 32.388269
3 5 40.690433 18.788294
4 7 45.598762 42.638011
5 7 48.361795 43.139309
5 6 45.960098 8.062258
