9 11 33702 280 93 6 0.000100 20
34 60 9.377354 10.574428
68 1 15.866410 13.926860
84 62 33.890128 31.703364
43 75 45.371882 45.057420
39 61 32.282439 29.955951
35 58 26.101565 28.182841
36 66 13.785452 12.183472
66 28 47.936229 40.568187
48 43 10.042313 11.578105
0 5 24.819470 2.236068
0 4 20.388659 5.099020
1 4 20.185374 66.640828
1 2 19.716078 63.063460
2 8 24.860230 40.706265
2 4 18.756045 45.011110
3 8 20.452910 32.388269
3 5 22.997702 18.788294
4 7 20.954393 42.638011
5 7 20.414963 43.139309
5 6 16.925273 8.062258
