9 11 39743 421 140 28 0 20
34 60 21.866696 25.616454
68 1 19.237270 17.944654
84 62 4.985359 6.143933
43 75 15.371526 14.895381
39 61 36.529698 34.651414
35 58 38.426859 41.146380
36 66 38.327006 37.680004
66 28 13.666838 14.878164
48 43 20.342021 19.577112
0 5 8.656467 2.236068
0 4 7.460143 5.099020
1 4 2.394381 66.640828
1 2 4.713930 63.063460
2 8 5.753448 40.706265
2 4 1.500853 45.011110
3 8 8.581779 32.388269
3 5 0.659959 18.788294
4 7 1.351231 42.638011
5 7 2.792003 43.139309
5 6 5.291941 8.062258
