9 11 42636 1018 146 26 0.010000 20
34 60 16.458909 13.862081
68 1 44.178235 49.107909
84 62 38.893341 33.481948
43 75 36.858674 31.427732
39 61 7.699382 8.995397
35 58 51.903053 48.226235
36 66 2.084905 1.784176
66 28 1.781104 2.056536
48 43 10.203036 12.617355
0 5 6.566766 2.236068
0 4 2.600594 5.099020
1 4 4.050623 66.640828
1 2 2.941696 63.063460
2 8 4.035612 40.706265
2 4 0.237528 45.011110
3 8 5.256025 32.388269
3 5 4.909149 18.788294
4 7 3.497123 42.638011
5 7 4.072844 43.139309
5 6 3.761194 8.062258
