10 10 47650 972 992 996 1.000000 20
13 81 2.304413 2.723919
80 78 54.372530 49.830165
22 73 32.093349 29.382024
85 16 30.938111 27.230457
50 19 5.157561 5.000031
8 50 6.351781 6.737427
73 85 45.559456 38.195064
71 58 2.745805 3.037314
79 14 4.714896 4.902474
79 82 17.953102 19.450942
0 2 49.723170 12.041595
1 9 42.256669 4.123106
1 6 43.044806 9.899495
2 8 46.625293 82.036577
2 7 44.379351 51.244512
3 8 48.497690 6.324555
4 9 47.637540 69.354164
5 8 47.565381 79.605276
6 9 41.254793 6.708204
7 9 42.863231 25.298221
