10 10 42512 383 148 25 0.001000 20
13 81 26.734661 30.606154
80 78 40.457442 36.011559
22 73 38.195705 31.878160
85 16 25.309082 29.848299
50 19 40.233080 42.996799
8 50 10.873934 9.722816
73 85 8.658976 8.463456
71 58 10.520669 11.168283
79 14 42.928254 47.657663
79 82 6.749917 7.378520
0 2 0.391100 12.041595
1 9 4.165823 4.123106
1 6 1.266646 9.899495
2 8 3.085213 82.036577
2 7 6.957291 51.244512
3 8 6.093686 6.324555
4 9 7.400057 69.354164
5 8 9.658217 79.605276
6 9 3.392397 6.708204
7 9 1.778937 25.298221
