9 11 3676 1470 97 9 0.001000 20
34 60 14.802170 14.105782
68 1 39.226961 36.330528
84 62 20.898448 23.590992
43 75 34.488816 39.371373
39 61 23.942192 22.719895
35 58 22.927277 28.459951
36 66 29.828032 37.021802
66 28 38.897859 42.228747
48 43 12.223874 10.293384
0 5 19.303496 2.236068
0 4 21.255186 5.099020
1 4 19.264257 66.640828
1 2 22.099848 63.063460
2 8 24.255086 40.706265
2 4 22.148051 45.011110
3 8 15.677890 32.388269
3 5 24.703617 18.788294
4 7 22.490268 42.638011
5 7 21.019028 43.139309
5 6 24.564620 8.062258
