10 10 45604 374 145 26 0.001000 20
13 81 37.110937 43.342029
80 78 7.970534 9.921254
22 73 34.964473 37.051983
85 16 56.587284 49.896731
50 19 3.865026 4.125649
8 50 16.054770 14.249661
73 85 7.079130 6.122848
71 58 29.926095 30.185100
79 14 22.863790 21.011029
79 82 33.756381 41.696107
0 2 1.003040 12.041595
1 9 8.473463 4.123106
1 6 9.698001 9.899495
2 8 5.727765 82.036577
2 7 3.012583 51.244512
3 8 4.722722 6.324555
4 9 0.794781 69.354164
5 8 6.154973 79.605276
6 9 6.314969 6.708204
7 9 8.704352 25.298221
