10 10 39367 373 95 5 0.001000 20
13 81 41.610560 48.368118
80 78 27.299605 28.903683
22 73 32.231837 29.745296
85 16 15.421652 14.080449
50 19 12.270675 15.141601
8 50 26.772283 28.299445
73 85 38.828459 43.612474
71 58 39.726968 41.571695
79 14 20.752574 17.664648
79 82 15.050296 12.821193
0 2 20.463599 12.041595
1 9 22.019466 4.123106
1 6 17.535869 9.899495
2 8 21.640321 82.036577
2 7 16.647651 51.244512
3 8 19.180391 6.324555
4 9 21.051050 69.354164
5 8 15.312112 79.605276
6 9 18.155082 6.708204
7 9 15.884003 25.298221
