9 11 3821 324 142 29 0.001000 20
34 60 33.103078 32.535833
68 1 4.869764 5.412201
84 62 29.569100 31.859266
43 75 30.310342 34.640463
39 61 21.466997 21.748782
35 58 34.967736 38.954679
36 66 40.821945 47.301511
66 28 0.594649 0.517627
48 43 14.525957 13.155844
0 5 5.805178 2.236068
0 4 0.613548 5.099020
1 4 1.432729 66.640828
1 2 8.001117 63.063460
2 8 2.530543 40.706265
2 4 7.989995 45.011110
3 8 4.286415 32.388269
3 5 5.098269 18.788294
4 7 1.731821 42.638011
5 7 0.218527 43.139309
5 6 0.978552 8.062258
