9 11 34188 424 43 8 0.001000 20
34 60 57.105081 49.355024
68 1 15.696755 15.269726
84 62 48.856374 43.088869
43 75 38.270936 44.081716
39 61 43.388560 40.027640
35 58 11.251763 11.405029
36 66 16.298864 18.186817
66 28 4.171621 4.243453
48 43 15.258691 13.241426
0 5 5.476789 2.236068
0 4 6.800362 5.099020
1 4 6.449623 66.640828
1 2 6.305280 63.063460
2 8 5.448080 40.706265
2 4 8.104816 45.011110
3 8 9.803969 32.388269
3 5 8.957392 18.788294
4 7 6.159165 42.638011
5 7 8.760552 43.139309
5 6 4.214477 8.062258
