10 10 41173 2219 993 995 1.000000 20
13 81 9.773168 11.902902
80 78 2.184030 1.994911
22 73 51.197511 49.486578
85 16 41.627906 40.748308
50 19 56.351580 48.221503
8 50 18.408941 20.459914
73 85 38.772169 38.866804
71 58 2.648472 3.241145
79 14 42.072083 39.412828
79 82 14.422595 16.706402
0 2 8.858018 12.041595
1 9 2.232531 4.123106
1 6 5.398658 9.899495
2 8 9.377882 82.036577
2 7 6.319380 51.244512
3 8 1.844704 6.324555
4 9 4.021174 69.354164
5 8 7.261120 79.605276
6 9 8.629817 6.708204
7 9 3.184033 25.298221
