9 11 42645 260 196 45 0 20
34 60 24.573430 30.567187
68 1 5.542931 5.176873
84 62 17.972163 17.555914
43 75 21.293045 24.800141
39 61 5.165067 4.737541
35 58 17.953508 21.703967
36 66 36.438358 36.817586
66 28 16.240096 15.906301
48 43 25.059536 23.249024
0 5 39.557783 2.236068
0 4 38.177034 5.099020
1 4 39.814299 66.640828
1 2 39.264265 63.063460
2 8 43.609089 40.706265
2 4 40.912394 45.011110
3 8 37.267205 32.388269
3 5 35.501101 18.788294
4 7 40.464990 42.638011
5 7 37.007558 43.139309
5 6 39.712684 8.062258
