9 11 34780 340 143 27 0 20
34 60 16.622138 18.203527
68 1 14.878421 17.331015
84 62 17.296716 17.375254
43 75 2.851436 3.178309
39 61 40.435727 49.638914
35 58 54.293617 49.351304
36 66 5.459929 4.735709
66 28 4.127829 4.202022
48 43 18.423889 15.465054
0 5 1.977337 2.236068
0 4 2.572396 5.099020
1 4 8.536474 66.640828
1 2 8.931837 63.063460
2 8 9.909182 40.706265
2 4 9.146773 45.011110
3 8 8.651650 32.388269
3 5 3.173077 18.788294
4 7 3.696035 42.638011
5 7 1.878982 43.139309
5 6 6.787049 8.062258
