9 11 35695 1232 145 28 0.001000 20
34 60 3.635953 3.723556
68 1 26.925299 23.387619
84 62 52.958500 47.440752
43 75 17.283428 16.623435
39 61 5.144746 5.621443
35 58 52.165631 45.191154
36 66 22.787556 25.975480
66 28 49.031035 44.868138
48 43 24.837901 21.263489
0 5 1.792405 2.236068
0 4 1.481357 5.099020
1 4 2.401021 66.640828
1 2 0.224508 63.063460
2 8 9.119094 40.706265
2 4 0.614927 45.011110
3 8 6.655121 32.388269
3 5 7.236404 18.788294
4 7 4.764703 42.638011
5 7 2.467014 43.139309
5 6 1.618250 8.062258
