9 11 48837 2399 994 996 1 20
34 60 27.903744 26.718607
68 1 6.575969 7.510609
84 62 5.431740 4.716930
43 75 38.401406 42.322257
39 61 21.554579 25.022589
35 58 38.115565 35.520743
36 66 35.300253 36.673898
66 28 28.244097 26.352179
48 43 36.306712 44.112959
0 5 42.038158 2.236068
0 4 45.324245 5.099020
1 4 43.293900 66.640828
1 2 42.572909 63.063460
2 8 49.364746 40.706265
2 4 40.498479 45.011110
3 8 42.389982 32.388269
3 5 43.697571 18.788294
4 7 49.482622 42.638011
5 7 42.370007 43.139309
5 6 47.571620 8.062258
