9 11 24707 1114 997 997 1.000000 20
34 60 17.020820 14.303788
68 1 24.856264 28.984487
84 62 33.855647 32.638487
43 75 36.706562 44.671921
39 61 1.249710 1.237513
35 58 12.946646 13.077198
36 66 27.953394 30.725600
66 28 0.197597 0.211154
48 43 30.081518 32.718592
0 5 9.537056 2.236068
0 4 0.281089 5.099020
1 4 4.471150 66.640828
1 2 9.809177 63.063460
2 8 5.127315 40.706265
2 4 8.422080 45.011110
3 8 1.716585 32.388269
3 5 9.622775 18.788294
4 7 9.859627 42.638011
5 7 1.678338 43.139309
5 6 1.861211 8.062258
