9 11 26360 380 994 999 1.000000 20
34 60 6.701758 7.026022
68 1 9.683523 11.393090
84 62 38.912388 46.752949
43 75 50.757155 43.432775
39 61 13.516234 11.391502
35 58 55.648155 48.789232
36 66 30.109627 27.515829
66 28 31.871191 33.553190
48 43 45.643103 43.142097
0 5 1.060293 2.236068
0 4 2.122523 5.099020
1 4 0.681841 66.640828
1 2 9.619417 63.063460
2 8 7.855241 40.706265
2 4 3.026928 45.011110
3 8 2.073200 32.388269
3 5 6.722470 18.788294
4 7 3.569395 42.638011
5 7 0.693897 43.139309
5 6 2.357251 8.062258
