10 10 48738 767 997 997 1.000000 20
13 81 32.931042 39.817348
80 78 46.464901 49.179180
22 73 4.928072 5.510101
85 16 43.191673 36.837539
50 19 9.871293 10.920842
8 50 6.706973 6.663647
73 85 49.127820 44.179853
71 58 28.888693 30.174224
79 14 0.481080 0.402635
79 82 37.937654 42.419459
0 2 8.910614 12.041595
1 9 0.010491 4.123106
1 6 1.256868 9.899495
2 8 3.719096 82.036577
2 7 2.793875 51.244512
3 8 7.553759 6.324555
4 9 6.345237 69.354164
5 8 6.210839 79.605276
6 9 4.023573 6.708204
7 9 5.321526 25.298221
