9 11 32043 3503 142 26 0.010000 20
34 60 8.697896 7.601251
68 1 30.607237 26.656378
84 62 22.691854 20.100728
43 75 35.062478 29.762815
39 61 10.470102 11.830513
35 58 47.660241 48.396186
36 66 37.437780 37.648558
66 28 34.437507 42.840140
48 43 23.312385 19.711006
0 5 6.484103 2.236068
0 4 0.826937 5.099020
1 4 8.124478 66.640828
1 2 8.753776 63.063460
2 8 8.404222 40.706265
2 4 2.159945 45.011110
3 8 1.182054 32.388269
3 5 3.639565 18.788294
4 7 7.911617 42.638011
5 7 1.307286 43.139309
5 6 7.934232 8.062258
