10 10 39000 694 994 997 1 20
13 81 7.161713 7.624143
80 78 21.598465 18.180938
22 73 17.293002 19.395085
85 16 27.782190 29.156354
50 19 49.310164 49.188740
8 50 3.524831 3.392460
73 85 13.841771 12.243257
71 58 34.609809 33.771610
79 14 38.743454 41.281411
79 82 25.376761 22.024840
0 2 2.751690 12.041595
1 9 6.062792 4.123106
1 6 0.334308 9.899495
2 8 4.133905 82.036577
2 7 9.148113 51.244512
3 8 3.325886 6.324555
4 9 2.857461 69.354164
5 8 3.354911 79.605276
6 9 0.633626 6.708204
7 9 5.893867 25.298221
