10 10 3058 305 995 999 1.000000 20
13 81 15.572662 13.482431
80 78 5.408622 6.490118
22 73 40.026803 37.422728
85 16 37.373866 37.465595
50 19 22.990275 21.006512
8 50 24.587955 25.359963
73 85 40.163449 44.374969
71 58 18.724761 20.239566
79 14 9.518924 11.716823
79 82 2.375864 2.797121
0 2 8.497439 12.041595
1 9 3.602776 4.123106
1 6 7.477793 9.899495
2 8 1.805097 82.036577
2 7 5.801540 51.244512
3 8 6.966196 6.324555
4 9 2.070929 69.354164
5 8 8.453349 79.605276
6 9 9.081710 6.708204
7 9 7.606879 25.298221
