9 11 39422 306 148 27 0.001000 20
34 60 13.533378 12.683906
68 1 11.292533 13.074621
84 62 36.072715 32.833374
43 75 2.012384 1.840815
39 61 51.932036 48.288467
35 58 28.380317 32.491301
36 66 53.426466 45.598815
66 28 35.356540 36.374255
48 43 44.140340 37.937890
0 5 3.153821 2.236068
0 4 6.329940 5.099020
1 4 8.984749 66.640828
1 2 1.694245 63.063460
2 8 3.496784 40.706265
2 4 4.086360 45.011110
3 8 5.767986 32.388269
3 5 2.471963 18.788294
4 7 2.276084 42.638011
5 7 5.694197 43.139309
5 6 0.658648 8.062258
