10 10 3560 347 95 9 0 20
13 81 35.760960 32.796234
80 78 25.059275 21.423131
22 73 21.238727 19.421434
85 16 8.263156 8.687873
50 19 32.430872 33.717713
8 50 10.297733 9.074680
73 85 51.077018 45.269274
71 58 7.832571 8.409766
79 14 40.872194 43.776157
79 82 13.776416 12.100477
0 2 17.878979 12.041595
1 9 22.387282 4.123106
1 6 18.886731 9.899495
2 8 18.333741 82.036577
2 7 20.901671 51.244512
3 8 20.161615 6.324555
4 9 15.667290 69.354164
5 8 17.230934 79.605276
6 9 19.024770 6.708204
7 9 15.398964 25.298221
