9 11 31368 1506 198 47 0.010000 20
34 60 31.720909 34.974514
68 1 45.466802 38.586792
84 62 38.147770 34.666298
43 75 0.685608 0.654534
39 61 21.047814 18.788983
35 58 41.366015 35.077371
36 66 1.521190 1.483838
66 28 45.315437 44.786249
48 43 2.903251 2.763761
0 5 38.311158 2.236068
0 4 37.937852 5.099020
1 4 38.551671 66.640828
1 2 35.636775 63.063460
2 8 36.765876 40.706265
2 4 40.359223 45.011110
3 8 44.584360 32.388269
3 5 38.406966 18.788294
4 7 40.694598 42.638011
5 7 37.800102 43.139309
5 6 40.307174 8.062258
