10 10 33880 784 994 998 1.000000 20
13 81 34.199338 29.514487
80 78 4.593191 4.272977
22 73 6.853014 6.775779
85 16 39.070096 33.986483
50 19 33.954656 39.908026
8 50 29.564279 32.535053
73 85 35.266916 41.773321
71 58 24.524976 23.342643
79 14 32.205064 28.522452
79 82 23.072133 25.309760
0 2 47.821320 12.041595
1 9 42.698344 4.123106
1 6 43.589013 9.899495
2 8 44.889636 82.036577
2 7 48.476020 51.244512
3 8 44.481305 6.324555
4 9 49.222380 69.354164
5 8 42.956855 79.605276
6 9 43.330069 6.708204
7 9 43.057531 25.298221
