10 10 37388 680 999 998 1.000000 20
13 81 43.821206 42.591673
80 78 18.033619 16.144914
22 73 32.763257 33.242331
85 16 23.514756 20.646346
50 19 8.876764 8.409235
8 50 40.326321 40.443658
73 85 5.764735 5.510945
71 58 39.459856 38.599179
79 14 36.760932 40.146777
79 82 45.819847 42.269849
0 2 8.883585 12.041595
1 9 6.482773 4.123106
1 6 2.021767 9.899495
2 8 0.517877 82.036577
2 7 5.718607 51.244512
3 8 8.467134 6.324555
4 9 3.489043 69.354164
5 8 4.652876 79.605276
6 9 5.500862 6.708204
7 9 6.302526 25.298221
