10 10 27975 522 94 9 0.001000 20
13 81 23.657741 25.874918
80 78 1.027163 1.050924
22 73 19.122080 21.309492
85 16 30.569800 26.895767
50 19 40.825865 35.556739
8 50 20.067188 21.281305
73 85 28.151927 30.735050
71 58 36.298482 41.791007
79 14 43.577398 42.855916
79 82 5.160079 5.421229
0 2 21.200230 12.041595
1 9 16.552417 4.123106
1 6 19.433738 9.899495
2 8 16.195029 82.036577
2 7 21.434650 51.244512
3 8 23.630376 6.324555
4 9 23.421205 69.354164
5 8 18.260214 79.605276
6 9 21.428153 6.708204
7 9 21.754605 25.298221
