9 11 25763 941 48 7 0.000100 20
34 60 33.033292 30.592366
68 1 32.958868 37.557751
84 62 10.150174 9.774559
43 75 15.413090 13.025822
39 61 38.358641 32.349624
35 58 38.566657 41.649820
36 66 21.320459 20.573115
66 28 4.554300 3.997400
48 43 0.963986 0.836728
0 5 7.839176 2.236068
0 4 8.627268 5.099020
1 4 0.465358 66.640828
1 2 5.737332 63.063460
2 8 6.018847 40.706265
2 4 2.945273 45.011110
3 8 3.857294 32.388269
3 5 0.042689 18.788294
4 7 4.736980 42.638011
5 7 1.641136 43.139309
5 6 8.946184 8.062258
