9 11 32674 556 144 27 0 20
34 60 3.336714 3.617949
68 1 4.451485 5.257804
84 62 30.723438 28.494761
43 75 30.584656 35.679867
39 61 10.017202 10.770317
35 58 51.552256 48.795182
36 66 14.695236 17.035609
66 28 41.456776 42.102759
48 43 6.321561 7.002607
0 5 8.327518 2.236068
0 4 8.971066 5.099020
1 4 2.390710 66.640828
1 2 7.644029 63.063460
2 8 9.394370 40.706265
2 4 6.569365 45.011110
3 8 9.773958 32.388269
3 5 7.916544 18.788294
4 7 3.279119 42.638011
5 7 0.493744 43.139309
5 6 9.199356 8.062258
