9 11 42000 637 998 995 1.000000 20
34 60 8.754399 10.235756
68 1 45.004327 49.512334
84 62 0.190872 0.174263
43 75 30.939969 30.373505
39 61 35.162371 43.024698
35 58 16.958363 15.794391
36 66 27.630293 31.557673
66 28 38.471153 42.715947
48 43 34.869522 39.543058
0 5 42.829993 2.236068
0 4 40.597314 5.099020
1 4 42.375358 66.640828
1 2 49.840871 63.063460
2 8 43.743095 40.706265
2 4 48.031991 45.011110
3 8 48.438484 32.388269
3 5 48.979798 18.788294
4 7 46.217412 42.638011
5 7 45.052167 43.139309
5 6 46.364137 8.062258
