9 11 43000 334 992 995 1.000000 20
34 60 39.347878 45.591814
68 1 42.513316 47.377316
84 62 24.085511 23.886679
43 75 31.911440 33.168434
39 61 25.706418 28.332837
35 58 38.365988 41.418291
36 66 11.802361 13.632872
66 28 6.115707 5.436382
48 43 21.750369 26.647944
0 5 6.731737 2.236068
0 4 2.159602 5.099020
1 4 5.484786 66.640828
1 2 0.764453 63.063460
2 8 3.655800 40.706265
2 4 3.971946 45.011110
3 8 3.786948 32.388269
3 5 2.280273 18.788294
4 7 3.128717 42.638011
5 7 6.687592 43.139309
5 6 6.058137 8.062258
