10 10 36833 581 47 8 0.000100 20
13 81 22.958486 22.588162
80 78 45.076454 49.733486
22 73 31.940955 35.961810
85 16 17.825019 18.204572
50 19 40.626222 38.803442
8 50 16.033265 13.759969
73 85 20.761316 24.454986
71 58 3.316065 3.890547
79 14 7.666205 8.860121
79 82 47.118561 42.378000
0 2 3.794063 12.041595
1 9 4.842420 4.123106
1 6 5.331338 9.899495
2 8 9.673705 82.036577
2 7 6.628961 51.244512
3 8 6.931689 6.324555
4 9 8.683069 69.354164
5 8 9.434009 79.605276
6 9 0.354250 6.708204
7 9 6.508950 25.298221
