9 11 38534 467 197 47 0.010000 20
34 60 28.802880 26.608818
68 1 16.468160 14.824646
84 62 36.618768 35.815876
43 75 2.940974 2.891829
39 61 30.690414 30.093378
35 58 24.399446 28.473125
36 66 3.951461 4.043612
66 28 15.922117 17.111774
48 43 42.597086 37.112391
0 5 39.113985 2.236068
0 4 37.063032 5.099020
1 4 36.045684 66.640828
1 2 41.881992 63.063460
2 8 44.491582 40.706265
2 4 44.070315 45.011110
3 8 43.504716 32.388269
3 5 36.500410 18.788294
4 7 43.052901 42.638011
5 7 35.050295 43.139309
5 6 41.983091 8.062258
