9 11 32627 2070 190 49 0 20
34 60 26.859693 26.424826
68 1 3.023249 3.537331
84 62 30.978125 31.288552
43 75 0.799675 0.776016
39 61 21.540713 25.330093
35 58 34.525027 41.830225
36 66 18.390169 18.500366
66 28 44.684189 41.007556
48 43 3.942919 4.814600
0 5 39.403182 2.236068
0 4 42.241187 5.099020
1 4 38.746245 66.640828
1 2 43.401470 63.063460
2 8 38.527718 40.706265
2 4 35.504763 45.011110
3 8 35.627369 32.388269
3 5 40.559029 18.788294
4 7 39.267159 42.638011
5 7 36.009019 43.139309
5 6 40.589018 8.062258
