10 10 34918 306 193 47 0.001000 20
13 81 4.860933 4.602753
80 78 18.461312 22.110232
22 73 51.796190 45.579845
85 16 31.543087 38.255523
50 19 11.576682 13.225067
8 50 36.095089 30.654430
73 85 4.094302 3.541334
71 58 20.524056 21.401809
79 14 44.853794 40.888842
79 82 7.686178 6.866461
0 2 38.052564 12.041595
1 9 44.042319 4.123106
1 6 39.962162 9.899495
2 8 42.690005 82.036577
2 7 43.649019 51.244512
3 8 36.908460 6.324555
4 9 35.248178 69.354164
5 8 38.156814 79.605276
6 9 36.028190 6.708204
7 9 39.137460 25.298221
