9 11 32162 273 194 49 0 20
34 60 2.450145 2.597515
68 1 40.125674 36.221277
84 62 21.857428 18.715144
43 75 16.795729 15.119847
39 61 6.598876 6.123050
35 58 3.886469 4.347398
36 66 22.980386 19.401306
66 28 26.818580 27.755315
48 43 30.829257 26.714268
0 5 36.663072 2.236068
0 4 44.200508 5.099020
1 4 36.773838 66.640828
1 2 39.229068 63.063460
2 8 35.752497 40.706265
2 4 39.087387 45.011110
3 8 43.435972 32.388269
3 5 35.894313 18.788294
4 7 42.997153 42.638011
5 7 44.336018 43.139309
5 6 39.035775 8.062258
