10 10 45372 1064 41 5 0.000100 20
13 81 18.801661 23.037395
80 78 19.473784 17.434318
22 73 20.316346 19.325249
85 16 33.716679 41.641593
50 19 8.902456 7.489497
8 50 25.673716 21.989987
73 85 40.346833 34.114440
71 58 27.911091 30.213897
79 14 34.758278 30.643954
79 82 12.863279 11.151495
0 2 3.094804 12.041595
1 9 1.328174 4.123106
1 6 8.339783 9.899495
2 8 8.185849 82.036577
2 7 9.992850 51.244512
3 8 1.933595 6.324555
4 9 5.981737 69.354164
5 8 3.259112 79.605276
6 9 6.259614 6.708204
7 9 9.538473 25.298221
