9 11 44135 1226 144 28 0.010000 20
34 60 23.047320 27.345316
68 1 23.283060 23.490974
84 62 31.748376 29.879880
43 75 45.933754 38.613493
39 61 31.242570 31.654989
35 58 41.061932 38.624324
36 66 47.629613 42.169287
66 28 48.892577 46.135346
48 43 9.790525 9.032121
0 5 8.502134 2.236068
0 4 3.921945 5.099020
1 4 9.456157 66.640828
1 2 3.930217 63.063460
2 8 2.899277 40.706265
2 4 1.943755 45.011110
3 8 6.465609 32.388269
3 5 2.335962 18.788294
4 7 2.425966 42.638011
5 7 7.871516 43.139309
5 6 0.079289 8.062258
