10 10 43447 900 197 47 0.010000 20
13 81 3.423836 3.068521
80 78 5.394879 6.722655
22 73 34.055321 34.875422
85 16 25.283920 21.489427
50 19 7.903190 6.708913
8 50 11.207913 10.311589
73 85 30.162014 26.009230
71 58 17.667654 18.891788
79 14 28.634799 34.827355
79 82 51.784445 47.401295
0 2 36.171015 12.041595
1 9 40.763287 4.123106
1 6 37.735843 9.899495
2 8 43.669482 82.036577
2 7 36.133817 51.244512
3 8 38.293555 6.324555
4 9 41.253518 69.354164
5 8 39.598684 79.605276
6 9 44.908640 6.708204
7 9 37.256126 25.298221
