9 11 42295 1039 41 6 0.001000 20
34 60 21.803710 21.169868
68 1 8.907768 10.864363
84 62 20.781838 20.529153
43 75 21.301569 22.335178
39 61 27.050957 31.899990
35 58 1.827488 1.640805
36 66 1.698048 1.722303
66 28 35.638990 34.550632
48 43 30.898825 27.550473
0 5 0.218058 2.236068
0 4 6.143325 5.099020
1 4 0.602750 66.640828
1 2 8.855937 63.063460
2 8 3.916684 40.706265
2 4 4.389536 45.011110
3 8 7.037162 32.388269
3 5 4.066010 18.788294
4 7 5.656583 42.638011
5 7 0.279724 43.139309
5 6 0.534296 8.062258
