10 10 46093 596 143 26 0.010000 20
13 81 22.893072 26.245118
80 78 16.946357 16.413034
22 73 10.697934 11.501165
85 16 5.808298 5.123490
50 19 31.333485 37.637686
8 50 3.946542 3.763832
73 85 49.108213 43.323525
71 58 30.161307 33.811970
79 14 40.802336 49.351508
79 82 20.564099 23.538401
0 2 2.522810 12.041595
1 9 8.852452 4.123106
1 6 5.325325 9.899495
2 8 5.394764 82.036577
2 7 7.974273 51.244512
3 8 8.439603 6.324555
4 9 1.923867 69.354164
5 8 4.452464 79.605276
6 9 6.168524 6.708204
7 9 7.915063 25.298221
