9 11 2613 1638 998 998 1.000000 20
34 60 31.442280 28.471869
68 1 22.284962 25.172795
84 62 7.747046 6.776309
43 75 6.826505 6.546998
39 61 49.984154 47.999390
35 58 15.354937 14.429788
36 66 45.770503 46.799509
66 28 8.070651 8.086384
48 43 7.408590 6.656828
0 5 7.144115 2.236068
0 4 1.888212 5.099020
1 4 6.881309 66.640828
1 2 6.515432 63.063460
2 8 2.187373 40.706265
2 4 5.596331 45.011110
3 8 0.247568 32.388269
3 5 5.010392 18.788294
4 7 1.092486 42.638011
5 7 2.189163 43.139309
5 6 7.144045 8.062258
