10 10 31421 574 91 8 0.000100 20
13 81 21.938372 20.405769
80 78 27.733769 27.268793
22 73 28.658901 35.485128
85 16 21.956419 25.330032
50 19 41.746752 43.234539
8 50 5.644484 5.861043
73 85 18.089331 18.828102
71 58 36.443798 31.551884
79 14 8.574075 7.313952
79 82 1.703978 2.050817
0 2 16.888507 12.041595
1 9 15.922280 4.123106
1 6 18.145829 9.899495
2 8 18.055290 82.036577
2 7 17.374534 51.244512
3 8 18.134819 6.324555
4 9 17.279498 69.354164
5 8 15.525985 79.605276
6 9 18.802003 6.708204
7 9 24.230170 25.298221
