10 10 38457 1116 148 25 0 20
13 81 42.249322 47.670445
80 78 6.099658 5.557112
22 73 35.624955 34.357775
85 16 35.641561 42.215061
50 19 43.043637 41.359820
8 50 51.858949 47.886482
73 85 33.003167 39.318590
71 58 43.073596 38.764459
79 14 41.528643 35.765375
79 82 24.860058 26.550198
0 2 7.329358 12.041595
1 9 8.514451 4.123106
1 6 5.322541 9.899495
2 8 7.430131 82.036577
2 7 7.895945 51.244512
3 8 3.900823 6.324555
4 9 0.907200 69.354164
5 8 0.294768 79.605276
6 9 1.518198 6.708204
7 9 3.237460 25.298221
