9 11 30128 604 999 999 1.000000 20
34 60 42.171354 44.965288
68 1 33.024373 29.208474
84 62 0.880383 0.744950
43 75 28.587078 31.640507
39 61 41.136463 42.336410
35 58 11.700815 9.823553
36 66 32.464221 28.346088
66 28 11.711642 13.388349
48 43 39.839044 37.727781
0 5 44.451419 2.236068
0 4 45.321202 5.099020
1 4 45.850240 66.640828
1 2 44.292503 63.063460
2 8 40.611509 40.706265
2 4 44.240844 45.011110
3 8 48.598852 32.388269
3 5 45.282680 18.788294
4 7 43.323815 42.638011
5 7 46.277342 43.139309
5 6 42.284365 8.062258
