9 11 37574 720 190 49 0.010000 20
34 60 23.295560 23.021659
68 1 14.166196 12.696495
84 62 16.874088 18.970856
43 75 36.701786 39.513874
39 61 29.682426 28.595608
35 58 14.476816 14.357179
36 66 24.722167 28.497811
66 28 44.677894 37.361077
48 43 3.557106 4.001457
0 5 38.379895 2.236068
0 4 36.458950 5.099020
1 4 38.334588 66.640828
1 2 42.068950 63.063460
2 8 43.392238 40.706265
2 4 36.612316 45.011110
3 8 41.548583 32.388269
3 5 44.519342 18.788294
4 7 40.368112 42.638011
5 7 38.693427 43.139309
5 6 37.784064 8.062258
