9 11 49571 564 995 998 1 20
34 60 37.787363 38.466587
68 1 16.240411 15.909120
84 62 20.131977 19.623777
43 75 47.504403 43.611949
39 61 23.243488 26.684893
35 58 5.111245 5.267327
36 66 46.903806 45.905783
66 28 12.628156 13.556228
48 43 30.887671 35.980899
0 5 9.675257 2.236068
0 4 2.318666 5.099020
1 4 6.221863 66.640828
1 2 7.015053 63.063460
2 8 2.054715 40.706265
2 4 1.319952 45.011110
3 8 7.992733 32.388269
3 5 0.484507 18.788294
4 7 4.082908 42.638011
5 7 3.596164 43.139309
5 6 7.096203 8.062258
