9 11 30461 608 999 997 1.000000 20
34 60 6.026743 5.636177
68 1 38.502558 33.566119
84 62 25.175919 26.943722
43 75 6.442148 6.164824
39 61 19.875306 21.880863
35 58 19.110928 19.560588
36 66 33.113935 35.857877
66 28 45.718104 42.054564
48 43 20.402070 24.116433
0 5 40.645039 2.236068
0 4 42.340806 5.099020
1 4 46.870897 66.640828
1 2 46.171828 63.063460
2 8 49.340765 40.706265
2 4 42.081978 45.011110
3 8 41.649662 32.388269
3 5 48.803031 18.788294
4 7 45.702450 42.638011
5 7 46.025865 43.139309
5 6 42.030988 8.062258
