9 11 27525 1609 997 995 1 20
34 60 8.530598 7.823304
68 1 12.035728 11.795272
84 62 12.451167 13.974156
43 75 19.346599 18.048702
39 61 31.832011 33.202497
35 58 18.427614 17.569495
36 66 7.985798 6.843327
66 28 42.663738 46.527131
48 43 8.718686 9.849904
0 5 1.644856 2.236068
0 4 5.001366 5.099020
1 4 0.427756 66.640828
1 2 3.437037 63.063460
2 8 1.352362 40.706265
2 4 9.982247 45.011110
3 8 2.643380 32.388269
3 5 7.298475 18.788294
4 7 3.295710 42.638011
5 7 4.285026 43.139309
5 6 5.057125 8.062258
