10 10 45976 1667 46 9 0.000100 20
13 81 8.553799 8.384267
80 78 30.050452 28.390957
22 73 35.414719 37.487749
85 16 31.652815 30.893395
50 19 30.510624 33.558587
8 50 6.820354 7.345107
73 85 29.780136 25.195583
71 58 19.481074 17.031796
79 14 38.939507 36.593380
79 82 8.515236 8.579322
0 2 2.430234 12.041595
1 9 0.570841 4.123106
1 6 0.125733 9.899495
2 8 7.188853 82.036577
2 7 8.789751 51.244512
3 8 1.936285 6.324555
4 9 1.786716 69.354164
5 8 1.174306 79.605276
6 9 2.971011 6.708204
7 9 9.312338 25.298221
