9 11 49609 1255 990 997 1.000000 20
34 60 51.483431 43.712519
68 1 11.474929 10.012700
84 62 49.679506 42.632488
43 75 13.434401 12.994891
39 61 2.936459 2.684554
35 58 34.759726 33.120001
36 66 36.469085 41.920870
66 28 5.021996 6.037011
48 43 36.281887 31.147701
0 5 8.529999 2.236068
0 4 5.217328 5.099020
1 4 1.069813 66.640828
1 2 5.339560 63.063460
2 8 8.066245 40.706265
2 4 3.853241 45.011110
3 8 7.486633 32.388269
3 5 1.590484 18.788294
4 7 9.072404 42.638011
5 7 3.378547 43.139309
5 6 5.116899 8.062258
