9 11 32717 1076 190 48 0.010000 20
34 60 32.262625 30.398497
68 1 49.840466 43.590107
84 62 7.916080 8.514640
43 75 42.761003 44.844435
39 61 43.263296 46.082498
35 58 5.063675 4.756261
36 66 25.601553 29.710317
66 28 39.745962 42.686895
48 43 7.358498 7.502029
0 5 42.772776 2.236068
0 4 37.106229 5.099020
1 4 39.243968 66.640828
1 2 39.666191 63.063460
2 8 35.436864 40.706265
2 4 37.469672 45.011110
3 8 41.586678 32.388269
3 5 40.548903 18.788294
4 7 35.187115 42.638011
5 7 41.856691 43.139309
5 6 44.540670 8.062258
