10 10 3634 922 993 998 1 20
13 81 11.256512 12.447812
80 78 36.441114 43.086000
22 73 6.482788 5.976721
85 16 22.050740 19.696721
50 19 8.506122 8.789664
8 50 20.831416 17.535579
73 85 21.672129 21.323593
71 58 31.019248 31.499679
79 14 49.461969 43.575026
79 82 39.411596 34.948578
0 2 46.700078 12.041595
1 9 48.857554 4.123106
1 6 42.812776 9.899495
2 8 42.069753 82.036577
2 7 42.082885 51.244512
3 8 44.804392 6.324555
4 9 47.425123 69.354164
5 8 48.298621 79.605276
6 9 41.678957 6.708204
7 9 40.569363 25.298221
