9 11 4357 3519 48 9 0.001000 20
34 60 21.983533 25.456204
68 1 29.046370 28.782340
84 62 41.686418 44.536739
43 75 22.204387 27.404437
39 61 53.297110 47.161565
35 58 28.620530 30.763896
36 66 14.686764 13.260698
66 28 7.956222 7.433698
48 43 38.494276 37.992062
0 5 6.027398 2.236068
0 4 8.152372 5.099020
1 4 0.477009 66.640828
1 2 9.475381 63.063460
2 8 5.098746 40.706265
2 4 8.357549 45.011110
3 8 1.073284 32.388269
3 5 6.288924 18.788294
4 7 4.636074 42.638011
5 7 6.957937 43.139309
5 6 7.901791 8.062258
