9 11 3235 1566 997 997 1.000000 20
34 60 11.839518 13.202038
68 1 37.248593 38.421949
84 62 9.388230 11.280091
43 75 15.163091 18.465122
39 61 39.861570 35.972859
35 58 14.930595 17.309432
36 66 22.726570 20.802388
66 28 3.757795 3.431415
48 43 5.526871 5.358947
0 5 49.198508 2.236068
0 4 44.073068 5.099020
1 4 49.459218 66.640828
1 2 42.034733 63.063460
2 8 43.783887 40.706265
2 4 47.687552 45.011110
3 8 42.464157 32.388269
3 5 47.856249 18.788294
4 7 47.964993 42.638011
5 7 49.900858 43.139309
5 6 48.612294 8.062258
