9 11 29576 514 997 995 1.000000 20
34 60 8.883914 10.393508
68 1 43.595414 42.031857
84 62 10.423067 12.519765
43 75 28.316018 30.948975
39 61 3.340869 3.356814
35 58 9.288480 8.151637
36 66 19.032714 16.996951
66 28 43.168064 36.768542
48 43 32.489462 29.228152
0 5 9.651645 2.236068
0 4 4.049435 5.099020
1 4 8.246157 66.640828
1 2 3.940078 63.063460
2 8 7.816817 40.706265
2 4 4.410887 45.011110
3 8 5.546335 32.388269
3 5 4.106077 18.788294
4 7 1.324857 42.638011
5 7 2.745318 43.139309
5 6 9.548920 8.062258
