10 10 28000 609 141 29 0.010000 20
13 81 32.900873 37.183426
80 78 4.575604 4.091566
22 73 14.039073 12.744227
85 16 9.779255 10.226893
50 19 47.031115 45.629320
8 50 21.971958 21.627189
73 85 26.406368 31.742951
71 58 19.300237 21.176075
79 14 26.895710 29.935229
79 82 23.882688 26.239250
0 2 9.182350 12.041595
1 9 7.246597 4.123106
1 6 0.336830 9.899495
2 8 9.957485 82.036577
2 7 2.657956 51.244512
3 8 8.879849 6.324555
4 9 0.892916 69.354164
5 8 7.435427 79.605276
6 9 0.446787 6.708204
7 9 6.699651 25.298221
