10 10 30270 1185 995 998 1 20
13 81 36.301753 34.385895
80 78 38.637977 44.240279
22 73 1.860474 1.697767
85 16 26.187911 22.603214
50 19 7.993373 6.668076
8 50 19.368524 20.484187
73 85 16.987553 21.001816
71 58 25.935066 24.433629
79 14 21.755537 22.740218
79 82 34.035457 32.363472
0 2 41.840844 12.041595
1 9 41.723176 4.123106
1 6 42.697741 9.899495
2 8 41.504249 82.036577
2 7 46.599671 51.244512
3 8 44.857535 6.324555
4 9 45.599323 69.354164
5 8 40.697315 79.605276
6 9 44.518284 6.708204
7 9 41.400989 25.298221
