9 11 49877 3921 40 5 0 20
34 60 46.372124 39.815845
68 1 23.974634 23.226081
84 62 7.678597 9.307375
43 75 15.970142 15.914437
39 61 33.455311 39.371769
35 58 32.636942 33.332694
36 66 1.411780 1.274271
66 28 46.036763 38.511809
48 43 31.315583 30.996909
0 5 4.039186 2.236068
0 4 6.645099 5.099020
1 4 4.392825 66.640828
1 2 9.240649 63.063460
2 8 9.613780 40.706265
2 4 3.897134 45.011110
3 8 7.407121 32.388269
3 5 8.224592 18.788294
4 7 3.052810 42.638011
5 7 7.479835 43.139309
5 6 3.103451 8.062258
