10 10 29304 1154 41 5 0 20
13 81 11.871174 12.286575
80 78 16.900687 19.668550
22 73 28.757643 28.035663
85 16 1.862525 1.646816
50 19 5.540403 6.053917
8 50 22.928232 21.583215
73 85 30.399658 33.420162
71 58 25.406923 27.090672
79 14 37.062050 45.052400
79 82 10.059717 11.057746
0 2 0.912649 12.041595
1 9 8.354929 4.123106
1 6 6.875102 9.899495
2 8 8.101464 82.036577
2 7 1.677899 51.244512
3 8 0.793557 6.324555
4 9 5.632266 69.354164
5 8 5.676103 79.605276
6 9 4.960792 6.708204
7 9 1.927648 25.298221
