9 11 48761 1044 995 996 1.000000 20
34 60 16.185863 18.745198
68 1 37.901640 33.974087
84 62 30.115811 30.609515
43 75 11.397969 13.988974
39 61 33.038872 28.362154
35 58 23.910268 20.231090
36 66 48.289649 42.053308
66 28 44.000374 38.660662
48 43 43.534288 47.129654
0 5 46.658562 2.236068
0 4 41.470294 5.099020
1 4 43.362914 66.640828
1 2 43.424742 63.063460
2 8 46.268358 40.706265
2 4 43.265367 45.011110
3 8 41.625140 32.388269
3 5 43.415494 18.788294
4 7 40.679608 42.638011
5 7 45.242713 43.139309
5 6 49.711445 8.062258
