10 10 34037 1031 995 995 1.000000 20
13 81 33.197727 33.643423
80 78 29.780607 34.180161
22 73 2.082358 2.405042
85 16 14.460378 15.228293
50 19 23.979779 26.600640
8 50 32.259449 31.390406
73 85 5.937020 5.095355
71 58 10.179841 10.158585
79 14 1.743940 1.751362
79 82 43.254586 36.515232
0 2 42.424512 12.041595
1 9 46.703105 4.123106
1 6 46.771590 9.899495
2 8 46.081975 82.036577
2 7 47.154357 51.244512
3 8 48.550787 6.324555
4 9 48.722478 69.354164
5 8 49.668837 79.605276
6 9 41.154076 6.708204
7 9 46.068397 25.298221
