9 11 44270 286 145 26 0.010000 20
34 60 24.684986 24.361567
68 1 1.851220 1.618292
84 62 10.642753 10.087218
43 75 19.848559 21.818449
39 61 37.624947 35.805139
35 58 39.155361 41.987136
36 66 51.545571 43.099368
66 28 25.441836 28.928991
48 43 57.305704 48.374346
0 5 7.861873 2.236068
0 4 4.577776 5.099020
1 4 0.438069 66.640828
1 2 5.224193 63.063460
2 8 4.762706 40.706265
2 4 3.370261 45.011110
3 8 1.725006 32.388269
3 5 7.137112 18.788294
4 7 5.765118 42.638011
5 7 6.637380 43.139309
5 6 9.044967 8.062258
