9 11 38342 1222 145 26 0 20
34 60 21.243992 18.482066
68 1 19.242246 19.332031
84 62 13.166858 15.867139
43 75 13.623734 12.961893
39 61 4.646488 4.964962
35 58 31.875220 36.263704
36 66 43.153392 36.553068
66 28 28.170847 29.167934
48 43 17.759050 16.005490
0 5 1.319293 2.236068
0 4 8.563859 5.099020
1 4 2.303370 66.640828
1 2 8.216477 63.063460
2 8 7.115553 40.706265
2 4 9.249066 45.011110
3 8 5.941663 32.388269
3 5 6.134551 18.788294
4 7 0.767222 42.638011
5 7 4.224137 43.139309
5 6 1.751026 8.062258
