10 10 28592 599 997 995 1.000000 20
13 81 48.229332 45.134029
80 78 9.616659 8.755556
22 73 22.115845 21.083917
85 16 45.236279 48.659551
50 19 36.114342 39.545608
8 50 17.282120 17.867932
73 85 28.221684 33.295101
71 58 15.078025 14.203684
79 14 15.714509 16.918314
79 82 49.319739 46.790330
0 2 6.105090 12.041595
1 9 1.619884 4.123106
1 6 4.858757 9.899495
2 8 7.043584 82.036577
2 7 3.463756 51.244512
3 8 8.232586 6.324555
4 9 5.278877 69.354164
5 8 3.501614 79.605276
6 9 4.235300 6.708204
7 9 2.962154 25.298221
