10 10 28222 444 198 49 0.001000 20
13 81 16.513481 15.632920
80 78 13.768413 14.376482
22 73 28.346482 26.382837
85 16 19.608784 19.335686
50 19 13.944843 11.798030
8 50 44.942279 44.216099
73 85 39.401916 35.840722
71 58 9.678137 9.117412
79 14 28.283247 23.726746
79 82 17.736722 15.177927
0 2 37.563760 12.041595
1 9 37.406795 4.123106
1 6 42.435358 9.899495
2 8 43.594998 82.036577
2 7 38.615056 51.244512
3 8 41.522449 6.324555
4 9 43.088334 69.354164
5 8 41.405746 79.605276
6 9 35.723537 6.708204
7 9 40.491147 25.298221
