9 11 2952 2318 95 5 0.000100 20
34 60 25.146516 23.613108
68 1 9.360311 11.067434
84 62 31.482174 37.297878
43 75 13.776936 14.372295
39 61 24.573420 28.276547
35 58 5.816333 6.231450
36 66 1.080203 1.167967
66 28 8.783801 9.195597
48 43 24.228935 28.199986
0 5 19.922029 2.236068
0 4 17.491300 5.099020
1 4 22.656055 66.640828
1 2 16.896481 63.063460
2 8 17.679417 40.706265
2 4 22.039370 45.011110
3 8 22.000942 32.388269
3 5 22.626516 18.788294
4 7 24.396406 42.638011
5 7 18.504747 43.139309
5 6 15.898138 8.062258
