9 11 46923 737 46 6 0.000100 20
34 60 43.791221 37.461863
68 1 23.636261 25.844493
84 62 5.915908 5.011880
43 75 0.428556 0.486737
39 61 53.899975 48.690631
35 58 26.781171 32.432340
36 66 18.779189 17.596539
66 28 10.978577 10.625671
48 43 5.169375 5.865696
0 5 4.515455 2.236068
0 4 8.494968 5.099020
1 4 6.040934 66.640828
1 2 8.197056 63.063460
2 8 5.107286 40.706265
2 4 3.688662 45.011110
3 8 6.169008 32.388269
3 5 2.121214 18.788294
4 7 5.454076 42.638011
5 7 4.786476 43.139309
5 6 8.699648 8.062258
