9 11 25820 4307 149 26 0.010000 20
34 60 21.152569 22.412540
68 1 46.291753 42.687009
84 62 8.185534 9.244403
43 75 8.426002 8.915233
39 61 35.220104 33.202409
35 58 17.273429 21.519805
36 66 10.589644 10.723575
66 28 43.583333 43.983170
48 43 38.553435 42.784306
0 5 3.119292 2.236068
0 4 8.912057 5.099020
1 4 4.720476 66.640828
1 2 6.301616 63.063460
2 8 5.150574 40.706265
2 4 7.631348 45.011110
3 8 0.628647 32.388269
3 5 3.385627 18.788294
4 7 8.050457 42.638011
5 7 0.289943 43.139309
5 6 6.839380 8.062258
