10 10 23648 1833 997 999 1.000000 20
13 81 7.506786 8.302352
80 78 18.476589 16.328019
22 73 30.636777 32.299751
85 16 46.069510 48.039286
50 19 5.595808 5.036676
8 50 25.150465 21.812351
73 85 20.320435 21.416219
71 58 27.432379 24.103467
79 14 20.290363 24.088842
79 82 15.433985 13.202291
0 2 47.261260 12.041595
1 9 40.690689 4.123106
1 6 40.940677 9.899495
2 8 48.572500 82.036577
2 7 42.475168 51.244512
3 8 47.487706 6.324555
4 9 45.146424 69.354164
5 8 47.972835 79.605276
6 9 42.032933 6.708204
7 9 47.354853 25.298221
