9 11 36785 3713 199 45 0.001000 20
34 60 11.576560 11.404135
68 1 23.976171 24.629545
84 62 23.410639 26.520008
43 75 13.664484 11.528417
39 61 37.923505 42.006075
35 58 2.631203 2.568324
36 66 9.552680 8.206075
66 28 26.550623 31.394951
48 43 32.610436 39.614993
0 5 44.372216 2.236068
0 4 35.920718 5.099020
1 4 40.540127 66.640828
1 2 41.025182 63.063460
2 8 39.282611 40.706265
2 4 35.300434 45.011110
3 8 38.636847 32.388269
3 5 37.711471 18.788294
4 7 38.594493 42.638011
5 7 39.737860 43.139309
5 6 43.158828 8.062258
