10 10 5444 1532 990 995 1.000000 20
13 81 2.021308 1.721180
80 78 47.082081 48.217673
22 73 26.180497 30.471587
85 16 7.572403 8.533315
50 19 31.979110 39.608792
8 50 40.063125 46.564450
73 85 40.427084 42.532053
71 58 5.970740 6.583958
79 14 49.777193 48.582302
79 82 30.976483 35.340089
0 2 0.556512 12.041595
1 9 7.127601 4.123106
1 6 6.169430 9.899495
2 8 5.415511 82.036577
2 7 7.631693 51.244512
3 8 2.972350 6.324555
4 9 0.059033 69.354164
5 8 3.589074 79.605276
6 9 9.920799 6.708204
7 9 1.900986 25.298221
