10 10 30119 537 990 998 1.000000 20
13 81 26.391469 22.593148
80 78 21.469872 20.890775
22 73 38.460667 38.199503
85 16 27.069268 30.624026
50 19 44.486674 40.248529
8 50 8.332991 9.230593
73 85 11.171599 13.091820
71 58 34.110750 31.752993
79 14 31.974234 35.204466
79 82 26.780204 25.071417
0 2 6.025458 12.041595
1 9 6.063391 4.123106
1 6 0.520953 9.899495
2 8 8.085217 82.036577
2 7 6.814326 51.244512
3 8 0.918298 6.324555
4 9 0.588368 69.354164
5 8 4.077871 79.605276
6 9 2.798499 6.708204
7 9 2.741207 25.298221
