9 11 35795 938 199 46 0.010000 20
34 60 5.586367 4.959047
68 1 43.946356 41.725059
84 62 17.650287 15.123802
43 75 31.107556 30.624548
39 61 6.010044 5.052862
35 58 21.396742 25.101336
36 66 13.225399 14.047253
66 28 18.122642 16.333865
48 43 20.800975 22.927823
0 5 43.155612 2.236068
0 4 40.147274 5.099020
1 4 36.669801 66.640828
1 2 43.892343 63.063460
2 8 44.179555 40.706265
2 4 42.967731 45.011110
3 8 36.678873 32.388269
3 5 44.148744 18.788294
4 7 43.801656 42.638011
5 7 40.477566 43.139309
5 6 41.955024 8.062258
