9 11 46439 657 145 27 0 20
34 60 3.207510 3.973430
68 1 1.785290 1.940667
84 62 43.437235 43.052993
43 75 18.188562 22.176705
39 61 39.214786 38.917260
35 58 32.962852 35.769882
36 66 16.061068 19.520471
66 28 10.153538 11.742657
48 43 24.392649 30.151577
0 5 6.332003 2.236068
0 4 9.345902 5.099020
1 4 4.912479 66.640828
1 2 6.943406 63.063460
2 8 6.045848 40.706265
2 4 8.773226 45.011110
3 8 5.692639 32.388269
3 5 4.018213 18.788294
4 7 8.481725 42.638011
5 7 2.454795 43.139309
5 6 4.653927 8.062258
