10 10 2904 692 998 999 1.000000 20
13 81 19.601524 19.838626
80 78 20.874859 17.914362
22 73 46.525643 40.881409
85 16 34.024885 38.944932
50 19 4.256509 4.479193
8 50 40.848014 41.072369
73 85 34.702963 39.932655
71 58 43.493074 37.678708
79 14 32.278479 33.685087
79 82 49.081857 42.797180
0 2 43.980424 12.041595
1 9 47.058424 4.123106
1 6 45.361520 9.899495
2 8 48.731715 82.036577
2 7 47.102512 51.244512
3 8 43.573384 6.324555
4 9 49.479387 69.354164
5 8 42.245415 79.605276
6 9 43.119106 6.708204
7 9 41.113877 25.298221
