10 10 35217 1369 991 996 1.000000 20
13 81 45.574816 42.298656
80 78 30.111038 26.229978
22 73 10.713357 9.009455
85 16 24.606545 21.528416
50 19 31.715667 28.071199
8 50 6.625637 7.401866
73 85 48.844437 40.778147
71 58 14.575614 12.688397
79 14 38.827302 34.042847
79 82 31.501051 32.380735
0 2 0.857997 12.041595
1 9 4.575442 4.123106
1 6 2.366707 9.899495
2 8 0.573063 82.036577
2 7 8.205965 51.244512
3 8 5.396874 6.324555
4 9 2.491814 69.354164
5 8 4.801938 79.605276
6 9 1.752532 6.708204
7 9 0.412389 25.298221
