10 10 28500 5857 95 7 0 20
13 81 28.805991 27.150305
80 78 18.426495 15.725039
22 73 10.920706 10.968931
85 16 39.675339 40.160137
50 19 51.557010 46.104656
8 50 1.237126 1.360076
73 85 5.466430 5.487936
71 58 11.017263 10.712107
79 14 7.845522 8.459505
79 82 1.206953 1.175575
0 2 22.828211 12.041595
1 9 23.523713 4.123106
1 6 17.420332 9.899495
2 8 18.211554 82.036577
2 7 20.848361 51.244512
3 8 16.431313 6.324555
4 9 21.954207 69.354164
5 8 18.796871 79.605276
6 9 18.050814 6.708204
7 9 20.553658 25.298221
