10 10 44795 1736 995 996 1 20
13 81 29.088563 28.134902
80 78 31.547791 30.505156
22 73 6.562076 6.364425
85 16 8.702227 9.413465
50 19 38.027804 37.120731
8 50 22.222514 22.946938
73 85 40.454875 44.830657
71 58 24.260100 29.444892
79 14 12.289865 14.888665
79 82 8.318665 10.148648
0 2 0.545898 12.041595
1 9 1.269869 4.123106
1 6 3.683531 9.899495
2 8 4.705942 82.036577
2 7 2.427802 51.244512
3 8 7.112583 6.324555
4 9 8.375076 69.354164
5 8 5.165400 79.605276
6 9 3.214777 6.708204
7 9 8.279093 25.298221
