9 11 39955 783 146 25 0.001000 20
34 60 22.478439 20.971795
68 1 37.704951 33.485938
84 62 23.422606 25.663484
43 75 22.612332 28.128062
39 61 3.708484 4.163702
35 58 43.047052 45.332305
36 66 14.759782 15.481487
66 28 37.889905 39.258684
48 43 1.288882 1.442455
0 5 5.722671 2.236068
0 4 5.632166 5.099020
1 4 2.238145 66.640828
1 2 0.805839 63.063460
2 8 3.406873 40.706265
2 4 0.068111 45.011110
3 8 7.545516 32.388269
3 5 6.869548 18.788294
4 7 5.594249 42.638011
5 7 6.611184 43.139309
5 6 8.866655 8.062258
