10 10 49048 658 148 25 0.001000 20
13 81 44.292968 37.628185
80 78 36.322025 31.103842
22 73 49.685743 45.608801
85 16 19.244402 22.252076
50 19 51.027524 49.325856
8 50 5.050423 5.754004
73 85 18.726482 19.877877
71 58 26.211240 30.095552
79 14 20.868964 25.891685
79 82 14.572518 12.445594
0 2 7.432437 12.041595
1 9 5.449140 4.123106
1 6 3.191795 9.899495
2 8 3.383980 82.036577
2 7 3.556688 51.244512
3 8 6.834186 6.324555
4 9 9.847529 69.354164
5 8 0.612184 79.605276
6 9 0.244017 6.708204
7 9 8.417574 25.298221
