10 10 44810 436 93 9 0.001000 20
13 81 39.036541 46.138162
80 78 27.090807 26.713109
22 73 0.333912 0.363693
85 16 23.276004 22.744020
50 19 16.587292 19.742391
8 50 26.988440 31.663715
73 85 3.093025 3.367377
71 58 11.407796 12.924428
79 14 27.508583 29.278122
79 82 6.547322 5.580985
0 2 24.068197 12.041595
1 9 17.638235 4.123106
1 6 19.118904 9.899495
2 8 15.801022 82.036577
2 7 24.247162 51.244512
3 8 15.620113 6.324555
4 9 19.107104 69.354164
5 8 16.481189 79.605276
6 9 17.829473 6.708204
7 9 15.382857 25.298221
