10 10 26500 1336 991 996 1 20
13 81 24.044872 28.970409
80 78 10.604409 11.424610
22 73 14.861997 17.724211
85 16 18.104162 16.558301
50 19 30.331557 27.486628
8 50 30.256376 36.699147
73 85 26.514287 24.400489
71 58 10.270946 11.318414
79 14 42.291528 40.398317
79 82 27.952117 26.873916
0 2 44.252367 12.041595
1 9 41.525108 4.123106
1 6 47.818885 9.899495
2 8 48.774750 82.036577
2 7 40.271488 51.244512
3 8 40.281232 6.324555
4 9 47.204826 69.354164
5 8 44.174805 79.605276
6 9 42.213334 6.708204
7 9 45.029188 25.298221
