10 10 43642 1127 992 999 1.000000 20
13 81 32.086482 26.975272
80 78 41.554723 39.623478
22 73 35.432353 35.483791
85 16 36.825814 35.892859
50 19 37.201206 36.730706
8 50 23.129537 21.837906
73 85 46.249763 45.118425
71 58 20.274238 23.960106
79 14 52.792262 48.420494
79 82 0.735866 0.794845
0 2 44.750602 12.041595
1 9 49.260105 4.123106
1 6 46.387559 9.899495
2 8 45.520753 82.036577
2 7 43.880371 51.244512
3 8 42.819490 6.324555
4 9 46.675166 69.354164
5 8 47.329368 79.605276
6 9 41.859921 6.708204
7 9 41.152278 25.298221
