9 11 46794 687 998 997 1.000000 20
34 60 49.286266 48.832042
68 1 2.964191 3.254078
84 62 49.564902 47.496733
43 75 22.012599 18.989828
39 61 30.204800 28.738268
35 58 22.508499 20.542752
36 66 22.494984 19.049824
66 28 4.810437 4.119927
48 43 24.590539 21.120811
0 5 41.587029 2.236068
0 4 44.172300 5.099020
1 4 46.025897 66.640828
1 2 45.458818 63.063460
2 8 45.525423 40.706265
2 4 43.244410 45.011110
3 8 43.793365 32.388269
3 5 45.452345 18.788294
4 7 47.919456 42.638011
5 7 44.890375 43.139309
5 6 47.839837 8.062258
