10 10 48238 484 990 995 1.000000 20
13 81 5.473925 6.273493
80 78 51.310427 42.820101
22 73 19.371967 17.167295
85 16 39.613842 45.995042
50 19 43.013031 46.974039
8 50 6.031377 6.413825
73 85 54.534018 47.007939
71 58 8.348576 8.430088
79 14 10.739262 9.405772
79 82 52.597922 46.059813
0 2 47.603992 12.041595
1 9 41.441660 4.123106
1 6 43.776215 9.899495
2 8 47.455925 82.036577
2 7 48.617670 51.244512
3 8 46.255937 6.324555
4 9 48.138965 69.354164
5 8 47.835786 79.605276
6 9 42.927911 6.708204
7 9 40.121780 25.298221
