10 10 26705 573 42 9 0 20
13 81 12.988704 11.265689
80 78 33.596980 31.052545
22 73 47.727467 46.088492
85 16 52.490925 46.693444
50 19 46.681137 39.984086
8 50 48.375265 42.517603
73 85 2.663117 2.231858
71 58 3.590469 3.864115
79 14 28.885512 33.450617
79 82 14.244951 12.984359
0 2 9.197224 12.041595
1 9 8.325381 4.123106
1 6 0.476638 9.899495
2 8 1.517056 82.036577
2 7 3.552769 51.244512
3 8 8.723934 6.324555
4 9 0.191899 69.354164
5 8 1.448649 79.605276
6 9 7.597893 6.708204
7 9 5.564988 25.298221
