10 10 47897 1369 43 9 0.001000 20
13 81 20.464175 21.103790
80 78 35.861763 34.525030
22 73 30.088014 27.914926
85 16 37.532589 33.387686
50 19 26.604356 22.579503
8 50 27.635019 27.646546
73 85 16.012393 14.636872
71 58 5.452062 6.699272
79 14 35.366053 35.781931
79 82 25.563461 25.580499
0 2 3.670341 12.041595
1 9 6.962530 4.123106
1 6 4.168253 9.899495
2 8 5.836397 82.036577
2 7 4.040617 51.244512
3 8 9.350552 6.324555
4 9 5.864884 69.354164
5 8 5.030240 79.605276
6 9 4.424254 6.708204
7 9 9.813468 25.298221
