9 11 47550 3250 199 48 0.001000 20
34 60 7.536494 8.857918
68 1 12.930914 13.830792
84 62 17.920890 20.476745
43 75 38.544348 45.325206
39 61 21.209170 22.735014
35 58 0.049559 0.052773
36 66 40.100265 35.497627
66 28 17.848614 17.393869
48 43 52.868813 46.046043
0 5 40.186083 2.236068
0 4 44.232397 5.099020
1 4 42.203857 66.640828
1 2 37.784442 63.063460
2 8 39.653053 40.706265
2 4 42.081317 45.011110
3 8 38.961592 32.388269
3 5 36.562614 18.788294
4 7 35.534683 42.638011
5 7 42.414009 43.139309
5 6 37.125074 8.062258
