9 11 44545 1101 144 26 0 20
34 60 26.676948 30.167416
68 1 5.443875 5.106424
84 62 14.644362 12.380006
43 75 16.413995 14.104244
39 61 34.674399 37.076563
35 58 32.217266 27.202083
36 66 0.837670 0.812074
66 28 18.694824 19.640369
48 43 30.612798 33.246366
0 5 6.778031 2.236068
0 4 4.172597 5.099020
1 4 7.810564 66.640828
1 2 6.175497 63.063460
2 8 0.988031 40.706265
2 4 8.992794 45.011110
3 8 8.334082 32.388269
3 5 8.709304 18.788294
4 7 7.523069 42.638011
5 7 3.673120 43.139309
5 6 6.691466 8.062258
