10 10 4739 462 48 5 0 20
13 81 37.369118 34.658076
80 78 1.797339 1.745233
22 73 3.787164 4.620450
85 16 37.001921 42.060920
50 19 27.543765 34.308134
8 50 10.840724 9.153814
73 85 35.667090 39.254778
71 58 16.825758 14.180356
79 14 42.214096 48.260588
79 82 45.788848 38.394758
0 2 0.597239 12.041595
1 9 0.297319 4.123106
1 6 4.293911 9.899495
2 8 3.175928 82.036577
2 7 8.158068 51.244512
3 8 1.556267 6.324555
4 9 8.255913 69.354164
5 8 8.214582 79.605276
6 9 3.803088 6.708204
7 9 0.147131 25.298221
