10 10 29586 894 997 995 1 20
13 81 26.376079 24.718442
80 78 9.882568 9.822656
22 73 10.510385 11.346807
85 16 38.660154 47.090046
50 19 21.079837 18.255829
8 50 12.782260 13.450309
73 85 47.610115 49.556165
71 58 40.904154 34.286413
79 14 28.488123 30.550405
79 82 7.822499 6.558403
0 2 5.982314 12.041595
1 9 9.345860 4.123106
1 6 8.751410 9.899495
2 8 1.332211 82.036577
2 7 2.350209 51.244512
3 8 0.482002 6.324555
4 9 9.563887 69.354164
5 8 9.790968 79.605276
6 9 7.493003 6.708204
7 9 1.532714 25.298221
