10 10 24756 500 992 995 1.000000 20
13 81 51.349868 44.853421
80 78 2.370525 2.255921
22 73 37.120331 33.585576
85 16 42.154598 38.321979
50 19 46.016572 43.737309
8 50 5.809571 6.647295
73 85 15.748621 17.396202
71 58 25.141426 31.423993
79 14 18.841761 15.864077
79 82 42.206527 37.774193
0 2 0.402229 12.041595
1 9 8.178740 4.123106
1 6 1.122130 9.899495
2 8 8.473919 82.036577
2 7 5.139338 51.244512
3 8 7.548421 6.324555
4 9 3.586108 69.354164
5 8 6.212278 79.605276
6 9 8.808377 6.708204
7 9 1.879992 25.298221
