9 11 41791 1976 93 6 0 20
34 60 17.711798 18.417810
68 1 18.390460 20.264158
84 62 13.355352 12.059143
43 75 11.506718 11.664541
39 61 35.615905 33.120305
35 58 22.156712 20.580647
36 66 18.589866 17.063341
66 28 29.535806 36.538335
48 43 36.236221 43.943302
0 5 19.350615 2.236068
0 4 18.396074 5.099020
1 4 17.935501 66.640828
1 2 24.489251 63.063460
2 8 19.758522 40.706265
2 4 15.492919 45.011110
3 8 17.628309 32.388269
3 5 20.155125 18.788294
4 7 20.920657 42.638011
5 7 17.591386 43.139309
5 6 23.985128 8.062258
