10 10 38114 763 993 998 1 20
13 81 34.563701 34.549269
80 78 5.231465 5.635109
22 73 24.891752 28.686114
85 16 21.268649 17.784623
50 19 7.684388 8.987179
8 50 18.348885 20.488970
73 85 44.624974 47.151580
71 58 41.215105 42.254765
79 14 5.549950 6.651939
79 82 48.783408 42.119723
0 2 0.351428 12.041595
1 9 2.800510 4.123106
1 6 9.561444 9.899495
2 8 7.861716 82.036577
2 7 1.849979 51.244512
3 8 9.299948 6.324555
4 9 8.561220 69.354164
5 8 4.282018 79.605276
6 9 8.737339 6.708204
7 9 9.669913 25.298221
