10 10 46790 943 48 6 0.001000 20
13 81 6.905830 7.475047
80 78 17.424953 19.521177
22 73 23.749870 23.099524
85 16 49.802447 43.183226
50 19 36.766307 35.442916
8 50 36.554202 32.652867
73 85 52.870026 48.685435
71 58 7.751223 6.933173
79 14 29.864725 26.686493
79 82 15.222488 14.714352
0 2 0.263973 12.041595
1 9 2.315211 4.123106
1 6 9.365597 9.899495
2 8 5.383667 82.036577
2 7 4.307937 51.244512
3 8 9.199426 6.324555
4 9 2.850778 69.354164
5 8 9.779945 79.605276
6 9 6.775241 6.708204
7 9 8.957415 25.298221
