10 10 266 1549 998 997 1.000000 20
13 81 38.520111 42.962343
80 78 41.086017 49.863423
22 73 32.136385 31.743661
85 16 35.062009 37.643765
50 19 23.158889 26.096821
8 50 39.467547 34.387346
73 85 4.258176 4.811628
71 58 46.396878 47.504686
79 14 6.674323 6.440132
79 82 36.717410 33.824279
0 2 42.832617 12.041595
1 9 40.831552 4.123106
1 6 46.494450 9.899495
2 8 42.081770 82.036577
2 7 48.525442 51.244512
3 8 45.644644 6.324555
4 9 43.256549 69.354164
5 8 48.106944 79.605276
6 9 49.576494 6.708204
7 9 45.778878 25.298221
