9 11 43526 419 95 7 0.001000 20
34 60 43.135076 42.219942
68 1 42.882069 49.419633
84 62 44.752741 47.878201
43 75 20.622652 19.922303
39 61 9.323075 8.796912
35 58 38.974354 38.076934
36 66 28.457605 26.342500
66 28 2.487559 2.762874
48 43 24.531581 23.612088
0 5 24.995251 2.236068
0 4 16.802498 5.099020
1 4 18.931531 66.640828
1 2 20.465999 63.063460
2 8 22.917623 40.706265
2 4 17.464639 45.011110
3 8 19.310301 32.388269
3 5 18.790690 18.788294
4 7 21.176839 42.638011
5 7 16.608938 43.139309
5 6 23.388250 8.062258
