9 11 33210 1033 44 6 0 20
34 60 20.842666 23.786941
68 1 13.496737 16.374436
84 62 23.176032 26.795079
43 75 31.201724 38.304396
39 61 9.952884 10.017026
35 58 16.807867 18.337579
36 66 41.250043 39.453467
66 28 1.999302 1.860584
48 43 1.465302 1.242177
0 5 3.770178 2.236068
0 4 4.681959 5.099020
1 4 7.999045 66.640828
1 2 2.189691 63.063460
2 8 5.350566 40.706265
2 4 6.444079 45.011110
3 8 4.027530 32.388269
3 5 9.553629 18.788294
4 7 9.840511 42.638011
5 7 3.029671 43.139309
5 6 0.521940 8.062258
