10 10 27954 955 98 6 0.000100 20
13 81 5.534400 5.594922
80 78 51.508040 46.803872
22 73 1.534199 1.455419
85 16 38.765588 36.678706
50 19 23.258024 20.923369
8 50 19.447242 23.667647
73 85 32.091828 32.484213
71 58 9.299454 7.791624
79 14 10.224356 12.552003
79 82 10.101292 10.788573
0 2 22.464557 12.041595
1 9 17.195372 4.123106
1 6 17.592886 9.899495
2 8 17.600580 82.036577
2 7 18.089869 51.244512
3 8 21.002552 6.324555
4 9 16.680847 69.354164
5 8 16.642061 79.605276
6 9 16.982253 6.708204
7 9 19.066843 25.298221
