10 10 38485 880 198 46 0 20
13 81 1.766499 1.686006
80 78 45.674751 41.684877
22 73 36.308002 35.846400
85 16 26.137636 28.835260
50 19 19.296076 21.754250
8 50 4.353903 4.131459
73 85 16.071071 18.153516
71 58 3.795941 3.694927
79 14 21.691194 21.470383
79 82 50.933637 48.061052
0 2 35.486223 12.041595
1 9 39.907737 4.123106
1 6 40.550969 9.899495
2 8 35.396859 82.036577
2 7 40.164467 51.244512
3 8 35.409851 6.324555
4 9 38.479667 69.354164
5 8 39.105598 79.605276
6 9 43.345384 6.708204
7 9 44.714783 25.298221
