10 10 28259 490 195 47 0.001000 20
13 81 1.000599 0.929530
80 78 17.278116 18.302097
22 73 29.000195 28.520229
85 16 11.347982 9.476102
50 19 22.468557 21.746908
8 50 13.711063 13.975298
73 85 34.507293 32.199982
71 58 3.069981 3.114814
79 14 15.888780 16.384795
79 82 23.257853 19.694169
0 2 38.807629 12.041595
1 9 41.139576 4.123106
1 6 42.007127 9.899495
2 8 40.867414 82.036577
2 7 43.037315 51.244512
3 8 40.691774 6.324555
4 9 36.362132 69.354164
5 8 44.854237 79.605276
6 9 41.747944 6.708204
7 9 38.247185 25.298221
