10 10 37259 559 97 5 0.001000 20
13 81 35.728044 42.049640
80 78 49.659843 47.187272
22 73 50.940561 48.619762
85 16 11.492294 14.011247
50 19 17.354413 15.332288
8 50 40.735248 40.967128
73 85 10.800316 13.053849
71 58 30.323589 33.910060
79 14 35.459547 40.583705
79 82 3.610787 4.165000
0 2 15.674434 12.041595
1 9 21.943970 4.123106
1 6 16.982749 9.899495
2 8 20.077649 82.036577
2 7 21.421560 51.244512
3 8 20.437958 6.324555
4 9 16.516656 69.354164
5 8 23.845203 79.605276
6 9 16.911902 6.708204
7 9 19.019782 25.298221
