10 10 35608 1517 997 998 1.000000 20
13 81 20.994485 25.720860
80 78 36.974436 38.078690
22 73 37.965671 33.119063
85 16 0.360628 0.334697
50 19 11.254636 12.601211
8 50 35.781138 32.240547
73 85 31.020634 34.120116
71 58 16.294229 18.147170
79 14 25.577344 26.913475
79 82 27.832142 30.644416
0 2 44.654540 12.041595
1 9 44.256778 4.123106
1 6 40.080815 9.899495
2 8 40.420776 82.036577
2 7 49.363165 51.244512
3 8 49.628697 6.324555
4 9 41.994799 69.354164
5 8 43.324934 79.605276
6 9 46.774632 6.708204
7 9 49.147722 25.298221
