9 11 33085 404 997 997 1.000000 20
34 60 20.292181 20.904970
68 1 15.993902 18.495550
84 62 31.143518 36.710767
43 75 43.932165 42.375928
39 61 41.877716 36.544816
35 58 17.465239 19.537726
36 66 16.789181 16.525102
66 28 31.858622 28.288003
48 43 43.991611 46.467351
0 5 43.471198 2.236068
0 4 46.602092 5.099020
1 4 48.652864 66.640828
1 2 45.408903 63.063460
2 8 42.519760 40.706265
2 4 46.638780 45.011110
3 8 45.838885 32.388269
3 5 42.471105 18.788294
4 7 40.711944 42.638011
5 7 46.000420 43.139309
5 6 42.433732 8.062258
