9 11 41375 892 990 999 1 20
34 60 46.495779 43.874333
68 1 46.549306 44.071054
84 62 9.266276 11.284047
43 75 48.641763 41.881538
39 61 11.241203 13.666815
35 58 19.740565 17.708305
36 66 16.910320 18.667073
66 28 53.265346 49.442645
48 43 17.131783 18.174842
0 5 5.344047 2.236068
0 4 1.257191 5.099020
1 4 7.825230 66.640828
1 2 1.732608 63.063460
2 8 1.554322 40.706265
2 4 0.139920 45.011110
3 8 6.493258 32.388269
3 5 9.102443 18.788294
4 7 5.927808 42.638011
5 7 3.884659 43.139309
5 6 7.284710 8.062258
