10 10 40135 1741 993 999 1 20
13 81 36.540611 42.541243
80 78 33.582649 35.454688
22 73 18.892376 22.325973
85 16 4.768012 4.048850
50 19 26.910074 31.058970
8 50 58.301964 49.322505
73 85 9.790113 9.227917
71 58 17.500663 16.056509
79 14 35.498824 34.580631
79 82 40.647383 42.371890
0 2 6.302189 12.041595
1 9 9.689311 4.123106
1 6 6.969183 9.899495
2 8 4.075812 82.036577
2 7 1.467749 51.244512
3 8 5.401550 6.324555
4 9 1.182172 69.354164
5 8 0.593298 79.605276
6 9 9.983385 6.708204
7 9 1.681503 25.298221
