10 10 50684 478 997 997 1 20
13 81 31.879940 39.735830
80 78 30.675443 35.076507
22 73 43.943788 38.595024
85 16 30.366372 25.826744
50 19 39.444793 46.304780
8 50 1.702744 1.978015
73 85 13.741373 11.951593
71 58 2.353398 2.935375
79 14 27.820765 31.535690
79 82 50.578301 46.041254
0 2 9.404007 12.041595
1 9 2.580445 4.123106
1 6 1.558654 9.899495
2 8 7.541276 82.036577
2 7 3.864153 51.244512
3 8 3.043815 6.324555
4 9 2.937936 69.354164
5 8 8.158248 79.605276
6 9 1.442467 6.708204
7 9 5.773026 25.298221
