10 10 41083 646 195 49 0 20
13 81 29.134868 32.367302
80 78 5.454124 5.128190
22 73 14.069871 13.466525
85 16 48.307653 42.390859
50 19 30.459124 29.940197
8 50 45.109540 47.212941
73 85 35.625753 37.428114
71 58 46.822785 49.881360
79 14 51.184031 49.732635
79 82 23.289231 20.950305
0 2 42.287839 12.041595
1 9 36.631452 4.123106
1 6 36.935895 9.899495
2 8 42.745147 82.036577
2 7 35.149595 51.244512
3 8 39.424148 6.324555
4 9 43.428702 69.354164
5 8 41.409238 79.605276
6 9 39.094171 6.708204
7 9 44.115765 25.298221
