9 11 34792 1646 44 7 0.001000 20
34 60 22.205336 25.586573
68 1 17.531698 18.285707
84 62 10.660058 9.024563
43 75 44.674160 44.656449
39 61 2.373113 2.298270
35 58 19.615867 17.175450
36 66 9.407308 11.503053
66 28 13.683361 12.481233
48 43 20.386022 20.972790
0 5 0.762077 2.236068
0 4 9.102570 5.099020
1 4 8.680561 66.640828
1 2 7.252818 63.063460
2 8 5.502317 40.706265
2 4 2.476080 45.011110
3 8 6.343553 32.388269
3 5 4.920752 18.788294
4 7 2.322644 42.638011
5 7 4.949583 43.139309
5 6 1.930322 8.062258
