10 10 44568 1546 197 47 0 20
13 81 19.646194 24.525331
80 78 41.134392 35.782173
22 73 45.576098 38.290302
85 16 30.357892 29.565739
50 19 43.688192 37.442683
8 50 32.465522 35.599599
73 85 52.878592 44.523633
71 58 48.072984 48.823712
79 14 46.425110 40.332289
79 82 19.710336 19.083662
0 2 40.261615 12.041595
1 9 38.021052 4.123106
1 6 36.346771 9.899495
2 8 44.631933 82.036577
2 7 40.029474 51.244512
3 8 35.904682 6.324555
4 9 44.204290 69.354164
5 8 41.736910 79.605276
6 9 44.991964 6.708204
7 9 41.471668 25.298221
