10 10 44613 745 143 29 0 20
13 81 26.670427 26.514995
80 78 20.165046 19.673888
22 73 11.587629 11.443176
85 16 8.929185 10.057069
50 19 36.542507 32.447813
8 50 41.701962 39.723046
73 85 29.708771 35.446714
71 58 21.590482 26.385876
79 14 12.537663 14.650650
79 82 29.782991 26.328764
0 2 7.497658 12.041595
1 9 6.347718 4.123106
1 6 5.613711 9.899495
2 8 2.321295 82.036577
2 7 1.369245 51.244512
3 8 6.442134 6.324555
4 9 5.536176 69.354164
5 8 3.186638 79.605276
6 9 6.147106 6.708204
7 9 6.687562 25.298221
