9 11 31342 1020 43 9 0.001000 20
34 60 2.033821 1.884780
68 1 49.074190 41.627971
84 62 7.973539 8.349896
43 75 23.104108 22.628790
39 61 31.372675 27.350449
35 58 24.198784 25.293852
36 66 31.901464 32.206661
66 28 17.611835 19.723754
48 43 45.887284 41.982250
0 5 0.797858 2.236068
0 4 6.672775 5.099020
1 4 8.784364 66.640828
1 2 7.521346 63.063460
2 8 3.183977 40.706265
2 4 9.457598 45.011110
3 8 2.484446 32.388269
3 5 9.922137 18.788294
4 7 4.538814 42.638011
5 7 6.562940 43.139309
5 6 2.169120 8.062258
