10 10 47333 1209 44 6 0.001000 20
13 81 4.871991 5.738074
80 78 40.388388 34.532639
22 73 34.101067 30.280587
85 16 22.121088 19.949727
50 19 35.146997 31.129714
8 50 1.192454 1.206661
73 85 22.390041 26.793923
71 58 12.784146 12.287226
79 14 47.166958 48.888934
79 82 15.759715 14.301936
0 2 9.839332 12.041595
1 9 4.943018 4.123106
1 6 3.809245 9.899495
2 8 1.120344 82.036577
2 7 5.199475 51.244512
3 8 9.600943 6.324555
4 9 7.722596 69.354164
5 8 7.075242 79.605276
6 9 3.571658 6.708204
7 9 3.151230 25.298221
