9 11 28666 309 997 995 1.000000 20
34 60 24.102722 22.946623
68 1 25.522636 23.940662
84 62 31.396350 26.870293
43 75 53.980871 47.647896
39 61 28.212969 24.516513
35 58 23.197653 23.008401
36 66 45.426797 45.889238
66 28 40.436332 45.275269
48 43 27.244528 32.728961
0 5 2.891978 2.236068
0 4 3.821845 5.099020
1 4 6.837516 66.640828
1 2 8.395202 63.063460
2 8 7.510917 40.706265
2 4 6.137057 45.011110
3 8 5.734355 32.388269
3 5 8.237295 18.788294
4 7 1.165282 42.638011
5 7 0.485958 43.139309
5 6 0.479977 8.062258
