9 11 41125 854 142 27 0 20
34 60 17.017720 16.064496
68 1 24.325488 27.285061
84 62 32.541847 33.939363
43 75 32.328488 38.465259
39 61 46.558108 49.059378
35 58 27.990849 24.538325
36 66 12.777822 15.538980
66 28 19.757132 16.863361
48 43 7.634271 8.298528
0 5 9.115018 2.236068
0 4 7.863782 5.099020
1 4 2.547144 66.640828
1 2 7.850762 63.063460
2 8 1.382676 40.706265
2 4 7.431143 45.011110
3 8 1.055226 32.388269
3 5 2.277035 18.788294
4 7 8.782181 42.638011
5 7 7.818350 43.139309
5 6 7.578645 8.062258
