9 11 36952 6661 48 5 0.000100 20
34 60 27.060429 25.185873
68 1 46.403774 42.641925
84 62 15.474135 14.255339
43 75 46.607187 48.943285
39 61 12.914208 14.485415
35 58 4.248426 4.447468
36 66 11.861835 13.166226
66 28 29.028826 28.911501
48 43 34.962900 41.646907
0 5 0.409565 2.236068
0 4 5.898026 5.099020
1 4 2.700678 66.640828
1 2 5.294827 63.063460
2 8 4.434169 40.706265
2 4 3.914887 45.011110
3 8 5.226798 32.388269
3 5 4.716347 18.788294
4 7 2.133646 42.638011
5 7 7.451904 43.139309
5 6 5.397898 8.062258
