9 11 26431 1366 43 9 0.000100 20
34 60 15.290995 14.075503
68 1 43.862748 36.894213
84 62 34.612669 42.225297
43 75 39.318402 44.420318
39 61 7.096811 7.402251
35 58 13.987444 17.383373
36 66 45.897532 44.997791
66 28 39.285389 42.942042
48 43 5.879989 6.224939
0 5 0.183346 2.236068
0 4 4.504573 5.099020
1 4 0.985302 66.640828
1 2 8.849029 63.063460
2 8 9.984022 40.706265
2 4 9.186034 45.011110
3 8 2.225930 32.388269
3 5 6.406467 18.788294
4 7 6.751458 42.638011
5 7 0.897928 43.139309
5 6 3.343074 8.062258
