9 11 30571 322 992 995 1.000000 20
34 60 39.281030 39.358352
68 1 34.390946 32.194114
84 62 31.016305 28.044283
43 75 49.737972 42.625570
39 61 36.666179 44.900786
35 58 27.383299 24.251002
36 66 42.345047 47.675930
66 28 50.166344 45.586922
48 43 38.381998 36.173059
0 5 3.777066 2.236068
0 4 6.495558 5.099020
1 4 8.549180 66.640828
1 2 4.695040 63.063460
2 8 7.711860 40.706265
2 4 9.888985 45.011110
3 8 7.977237 32.388269
3 5 4.497812 18.788294
4 7 2.184761 42.638011
5 7 5.076871 43.139309
5 6 3.789600 8.062258
