9 11 42096 398 996 997 1 20
34 60 26.655579 25.637467
68 1 14.782738 18.320846
84 62 28.999562 29.610406
43 75 3.281590 2.959075
39 61 39.274181 33.685765
35 58 21.732997 19.662191
36 66 14.291845 12.079606
66 28 33.559668 34.111391
48 43 48.743986 45.404777
0 5 41.237453 2.236068
0 4 49.141011 5.099020
1 4 48.239408 66.640828
1 2 48.261479 63.063460
2 8 40.670271 40.706265
2 4 44.800803 45.011110
3 8 40.046141 32.388269
3 5 46.088501 18.788294
4 7 43.908344 42.638011
5 7 42.178604 43.139309
5 6 43.948762 8.062258
