9 11 41458 676 995 997 1 20
34 60 21.408700 22.343007
68 1 9.030890 7.751858
84 62 0.755904 0.754967
43 75 24.174094 26.570004
39 61 16.992738 15.671278
35 58 57.371701 48.577171
36 66 28.899237 28.922689
66 28 33.348752 41.119299
48 43 34.504943 32.181610
0 5 46.493021 2.236068
0 4 43.145611 5.099020
1 4 42.904791 66.640828
1 2 47.916124 63.063460
2 8 49.715705 40.706265
2 4 46.804195 45.011110
3 8 42.863745 32.388269
3 5 44.221637 18.788294
4 7 40.307264 42.638011
5 7 49.830992 43.139309
5 6 43.448920 8.062258
