9 11 34754 1029 196 45 0.010000 20
34 60 8.605804 7.800697
68 1 45.643897 43.821650
84 62 43.783052 43.237607
43 75 33.815032 30.507457
39 61 9.250118 10.299053
35 58 34.627820 29.514691
36 66 3.386873 3.122087
66 28 13.115726 10.937658
48 43 20.315126 17.653703
0 5 35.381378 2.236068
0 4 41.600146 5.099020
1 4 39.816228 66.640828
1 2 36.847756 63.063460
2 8 42.875912 40.706265
2 4 41.148576 45.011110
3 8 40.771138 32.388269
3 5 42.020619 18.788294
4 7 37.497380 42.638011
5 7 37.171195 43.139309
5 6 44.421017 8.062258
