10 10 31263 832 142 25 0.001000 20
13 81 14.283523 13.729451
80 78 27.993999 26.510711
22 73 25.016302 25.239541
85 16 44.451803 42.708056
50 19 48.734250 49.491925
8 50 4.539982 3.826621
73 85 0.181604 0.226318
71 58 48.918224 42.980762
79 14 29.085708 25.655485
79 82 24.011534 20.078937
0 2 5.146812 12.041595
1 9 1.920134 4.123106
1 6 2.986901 9.899495
2 8 7.275806 82.036577
2 7 2.417811 51.244512
3 8 8.173866 6.324555
4 9 6.420160 69.354164
5 8 4.682246 79.605276
6 9 4.104477 6.708204
7 9 1.254129 25.298221
