9 11 25128 287 997 998 1.000000 20
34 60 25.227107 31.258320
68 1 46.828082 39.675988
84 62 17.026110 14.418680
43 75 15.203973 17.363418
39 61 45.546054 38.523887
35 58 43.596363 39.664160
36 66 48.033356 48.789030
66 28 3.658604 3.244344
48 43 16.182362 13.945085
0 5 43.479395 2.236068
0 4 45.960064 5.099020
1 4 49.127516 66.640828
1 2 47.605923 63.063460
2 8 47.368281 40.706265
2 4 44.741509 45.011110
3 8 40.221269 32.388269
3 5 47.787735 18.788294
4 7 42.248790 42.638011
5 7 47.058043 43.139309
5 6 45.266071 8.062258
