9 11 35000 564 43 9 0.001000 20
34 60 15.766729 19.494409
68 1 0.626421 0.702346
84 62 28.698985 25.972746
43 75 37.826646 33.282969
39 61 3.152358 3.376364
35 58 38.428759 37.264071
36 66 11.967517 13.256042
66 28 13.627887 15.112116
48 43 8.555661 9.730939
0 5 5.189269 2.236068
0 4 1.659103 5.099020
1 4 9.544523 66.640828
1 2 4.948576 63.063460
2 8 9.534841 40.706265
2 4 4.545052 45.011110
3 8 5.948626 32.388269
3 5 0.936246 18.788294
4 7 4.231751 42.638011
5 7 0.170300 43.139309
5 6 9.121712 8.062258
