9 11 36000 677 991 998 1.000000 20
34 60 42.660463 38.858431
68 1 6.643750 6.591599
84 62 40.470304 36.180169
43 75 45.288085 48.160658
39 61 40.143575 38.661551
35 58 1.610064 2.001197
36 66 23.920971 26.805402
66 28 31.589741 39.461235
48 43 7.462154 9.009427
0 5 1.208007 2.236068
0 4 5.510018 5.099020
1 4 4.244218 66.640828
1 2 0.493344 63.063460
2 8 5.713536 40.706265
2 4 7.361987 45.011110
3 8 6.382795 32.388269
3 5 9.158132 18.788294
4 7 6.076981 42.638011
5 7 3.999848 43.139309
5 6 5.530131 8.062258
