10 10 35097 357 41 5 0 20
13 81 40.960868 48.291239
80 78 2.083508 2.353224
22 73 48.970974 40.867207
85 16 19.569468 21.041576
50 19 34.994354 37.234577
8 50 36.029746 43.361322
73 85 29.167094 29.675694
71 58 23.058550 20.091403
79 14 22.200522 23.573033
79 82 39.225802 43.031108
0 2 4.502400 12.041595
1 9 4.215139 4.123106
1 6 8.403815 9.899495
2 8 9.399130 82.036577
2 7 9.355721 51.244512
3 8 5.349920 6.324555
4 9 3.062628 69.354164
5 8 0.778547 79.605276
6 9 8.010503 6.708204
7 9 9.849112 25.298221
