10 10 48162 1928 140 25 0 20
13 81 13.846048 17.092680
80 78 52.908742 48.457963
22 73 31.914941 26.801974
85 16 11.179076 11.574892
50 19 1.096311 1.025030
8 50 12.236774 14.880902
73 85 41.973754 44.931485
71 58 21.949626 24.967895
79 14 40.353353 42.369967
79 82 22.429057 20.340317
0 2 4.754249 12.041595
1 9 6.223735 4.123106
1 6 2.425107 9.899495
2 8 6.251603 82.036577
2 7 9.666276 51.244512
3 8 4.750180 6.324555
4 9 0.293900 69.354164
5 8 1.617740 79.605276
6 9 6.385033 6.708204
7 9 6.639349 25.298221
