10 10 45674 1821 93 9 0.000100 20
13 81 40.408332 34.081730
80 78 12.699974 11.180563
22 73 13.751824 12.901465
85 16 14.285073 12.231463
50 19 7.141210 8.712091
8 50 54.573598 47.662086
73 85 27.092371 25.879466
71 58 22.779695 25.165031
79 14 29.445928 30.102385
79 82 14.956503 13.440628
0 2 16.732606 12.041595
1 9 17.475619 4.123106
1 6 18.967290 9.899495
2 8 22.813677 82.036577
2 7 16.337558 51.244512
3 8 18.002991 6.324555
4 9 22.918485 69.354164
5 8 17.290819 79.605276
6 9 24.931580 6.708204
7 9 19.134682 25.298221
