10 10 44477 428 48 8 0 20
13 81 23.998502 21.730188
80 78 43.509054 43.949668
22 73 24.204141 26.667406
85 16 7.912815 7.511107
50 19 37.647114 39.616509
8 50 28.580107 28.800443
73 85 2.970069 2.946582
71 58 11.876461 10.529117
79 14 36.615149 34.334506
79 82 42.116303 40.396583
0 2 0.255088 12.041595
1 9 7.288191 4.123106
1 6 7.168715 9.899495
2 8 3.693093 82.036577
2 7 8.409886 51.244512
3 8 3.933803 6.324555
4 9 6.166167 69.354164
5 8 2.983835 79.605276
6 9 5.031976 6.708204
7 9 7.867636 25.298221
