10 10 26840 1058 991 995 1.000000 20
13 81 23.647327 19.730784
80 78 37.864718 32.881080
22 73 12.752706 15.193600
85 16 26.856286 28.199981
50 19 12.204427 12.846448
8 50 48.671461 43.440016
73 85 39.929956 47.202397
71 58 20.592588 22.809841
79 14 19.698490 20.269819
79 82 7.804103 6.696911
0 2 8.227669 12.041595
1 9 1.333200 4.123106
1 6 9.519727 9.899495
2 8 8.415445 82.036577
2 7 2.728549 51.244512
3 8 6.178044 6.324555
4 9 1.983958 69.354164
5 8 7.254046 79.605276
6 9 0.832461 6.708204
7 9 2.353846 25.298221
