9 11 48108 325 993 997 1 20
34 60 3.385401 3.782547
68 1 42.210040 44.263919
84 62 41.280895 38.547572
43 75 5.346859 4.758220
39 61 3.852103 4.122032
35 58 11.332232 10.899209
36 66 18.702837 21.565128
66 28 22.061225 21.266398
48 43 41.000393 34.300670
0 5 0.612751 2.236068
0 4 8.668532 5.099020
1 4 2.094707 66.640828
1 2 3.667408 63.063460
2 8 1.817157 40.706265
2 4 0.754183 45.011110
3 8 8.218459 32.388269
3 5 8.179789 18.788294
4 7 2.738233 42.638011
5 7 1.608585 43.139309
5 6 4.462629 8.062258
