10 10 42615 1021 140 27 0.001000 20
13 81 34.361776 38.230400
80 78 5.226547 5.235123
22 73 1.539151 1.844898
85 16 26.635544 29.333819
50 19 20.683557 22.012823
8 50 25.884865 21.580634
73 85 10.919817 11.913802
71 58 50.367131 44.056210
79 14 33.966943 37.677145
79 82 5.039007 5.683281
0 2 5.249311 12.041595
1 9 4.467789 4.123106
1 6 1.119977 9.899495
2 8 1.340993 82.036577
2 7 5.046288 51.244512
3 8 2.991280 6.324555
4 9 0.474879 69.354164
5 8 1.671082 79.605276
6 9 4.556904 6.708204
7 9 1.555433 25.298221
