10 10 33957 409 992 997 1.000000 20
13 81 48.090373 40.328578
80 78 29.054692 30.707028
22 73 46.197849 46.226234
85 16 15.908926 15.446381
50 19 18.624108 20.499043
8 50 16.221746 15.703568
73 85 24.880549 26.046433
71 58 15.393943 16.391320
79 14 2.486771 2.994121
79 82 23.230095 23.464847
0 2 7.361686 12.041595
1 9 8.408843 4.123106
1 6 7.261047 9.899495
2 8 3.540832 82.036577
2 7 4.914230 51.244512
3 8 3.951513 6.324555
4 9 3.154308 69.354164
5 8 5.519243 79.605276
6 9 5.046871 6.708204
7 9 8.982049 25.298221
