10 10 42250 267 43 7 0.001000 20
13 81 15.420322 17.721618
80 78 18.594910 22.377086
22 73 43.030260 40.777773
85 16 35.548085 40.183633
50 19 29.297520 25.648714
8 50 30.024776 35.995926
73 85 11.596037 10.148671
71 58 20.372394 17.456738
79 14 39.452738 43.223518
79 82 35.397254 41.506785
0 2 3.196601 12.041595
1 9 5.187449 4.123106
1 6 3.233717 9.899495
2 8 0.187439 82.036577
2 7 2.366315 51.244512
3 8 2.976070 6.324555
4 9 5.721951 69.354164
5 8 6.068423 79.605276
6 9 8.155610 6.708204
7 9 5.975519 25.298221
