9 11 48119 697 94 7 0.000100 20
34 60 51.106272 44.627795
68 1 18.618802 19.186985
84 62 24.076651 21.826348
43 75 27.331345 29.607126
39 61 54.011653 47.346653
35 58 40.765056 39.631494
36 66 20.315202 21.195977
66 28 13.117425 14.138526
48 43 44.566538 39.016638
0 5 20.293988 2.236068
0 4 23.429975 5.099020
1 4 19.729532 66.640828
1 2 24.316374 63.063460
2 8 22.096726 40.706265
2 4 22.550787 45.011110
3 8 21.624812 32.388269
3 5 24.775126 18.788294
4 7 23.068286 42.638011
5 7 20.885616 43.139309
5 6 18.992253 8.062258
