9 11 3487 260 148 28 0 20
34 60 2.755643 2.765079
68 1 48.769933 42.460969
84 62 18.563793 16.767077
43 75 29.589632 29.381088
39 61 41.409067 42.272390
35 58 29.354662 27.225635
36 66 35.592343 40.533630
66 28 5.941741 6.373819
48 43 28.086295 23.944770
0 5 8.689772 2.236068
0 4 3.839976 5.099020
1 4 0.402648 66.640828
1 2 0.750421 63.063460
2 8 7.214967 40.706265
2 4 3.034125 45.011110
3 8 8.949076 32.388269
3 5 5.775271 18.788294
4 7 3.999467 42.638011
5 7 8.161160 43.139309
5 6 3.415739 8.062258
