10 10 3764 609 146 29 0.010000 20
13 81 18.527199 17.537153
80 78 41.452312 49.573734
22 73 27.781155 29.731531
85 16 41.232360 40.688906
50 19 47.126630 39.313521
8 50 16.291272 19.949827
73 85 53.936160 47.709616
71 58 19.343197 20.535951
79 14 43.357488 44.803043
79 82 27.500190 32.482269
0 2 7.759508 12.041595
1 9 1.613472 4.123106
1 6 4.436538 9.899495
2 8 5.162893 82.036577
2 7 9.080873 51.244512
3 8 1.724851 6.324555
4 9 4.884428 69.354164
5 8 4.681832 79.605276
6 9 7.460887 6.708204
7 9 6.222159 25.298221
