9 11 41782 365 97 6 0.000100 20
34 60 35.468963 42.689859
68 1 46.935095 39.695487
84 62 24.953393 27.145850
43 75 5.823214 5.723099
39 61 13.556582 12.315491
35 58 22.620258 20.279155
36 66 4.547913 5.128148
66 28 25.808133 22.104710
48 43 21.993995 23.914409
0 5 22.894906 2.236068
0 4 24.530730 5.099020
1 4 23.159771 66.640828
1 2 24.700976 63.063460
2 8 22.716071 40.706265
2 4 22.093220 45.011110
3 8 21.617469 32.388269
3 5 23.107615 18.788294
4 7 15.305953 42.638011
5 7 17.188426 43.139309
5 6 20.551455 8.062258
