9 11 32581 1344 140 25 0 20
34 60 30.967443 33.837108
68 1 21.422377 19.557319
84 62 30.906426 30.670908
43 75 13.897172 15.044189
39 61 39.231666 45.360058
35 58 36.815943 36.640530
36 66 46.967794 42.025745
66 28 9.380908 10.970177
48 43 39.144803 43.047029
0 5 9.663693 2.236068
0 4 4.995433 5.099020
1 4 5.242845 66.640828
1 2 1.326001 63.063460
2 8 3.097898 40.706265
2 4 2.754677 45.011110
3 8 5.854675 32.388269
3 5 0.941395 18.788294
4 7 8.660848 42.638011
5 7 2.491253 43.139309
5 6 7.481185 8.062258
