10 10 48486 909 92 7 0 20
13 81 34.667309 40.586745
80 78 32.243887 30.723791
22 73 34.725035 32.284435
85 16 5.915129 5.179702
50 19 22.177200 18.577969
8 50 40.600544 49.939060
73 85 47.625847 40.323396
71 58 27.965401 34.551770
79 14 46.287954 47.143630
79 82 27.117453 27.447981
0 2 18.339144 12.041595
1 9 18.152941 4.123106
1 6 22.803514 9.899495
2 8 23.724826 82.036577
2 7 23.739633 51.244512
3 8 24.778748 6.324555
4 9 18.156511 69.354164
5 8 24.910581 79.605276
6 9 19.558825 6.708204
7 9 19.881165 25.298221
