9 11 47075 1584 992 998 1.000000 20
34 60 20.604907 18.463297
68 1 36.239112 40.431430
84 62 56.924038 47.945234
43 75 4.600455 4.791867
39 61 29.407405 33.387246
35 58 24.242315 28.186503
36 66 49.140083 41.888219
66 28 25.060746 25.860328
48 43 48.356983 43.838745
0 5 48.424820 2.236068
0 4 43.670818 5.099020
1 4 42.671618 66.640828
1 2 47.694238 63.063460
2 8 48.591626 40.706265
2 4 46.946067 45.011110
3 8 43.426946 32.388269
3 5 40.556250 18.788294
4 7 40.533739 42.638011
5 7 43.387760 43.139309
5 6 42.811425 8.062258
