9 11 29350 520 47 5 0.001000 20
34 60 2.803035 2.692790
68 1 4.587835 5.140082
84 62 42.883176 48.823849
43 75 37.924289 36.282293
39 61 25.720253 30.860852
35 58 32.272280 29.090057
36 66 3.864692 4.773588
66 28 46.195802 40.688384
48 43 3.169503 3.790676
0 5 3.955731 2.236068
0 4 4.257697 5.099020
1 4 6.219609 66.640828
1 2 0.580599 63.063460
2 8 4.134140 40.706265
2 4 5.005653 45.011110
3 8 3.146859 32.388269
3 5 2.200296 18.788294
4 7 9.955910 42.638011
5 7 9.947602 43.139309
5 6 7.258223 8.062258
