9 11 26840 1283 998 998 1.000000 20
34 60 28.383345 25.036760
68 1 17.911636 16.746791
84 62 23.915085 21.161114
43 75 0.125916 0.109373
39 61 17.648566 15.331578
35 58 32.797385 40.748446
36 66 35.198887 30.599069
66 28 33.652308 34.570101
48 43 19.063120 17.605641
0 5 1.016579 2.236068
0 4 0.150000 5.099020
1 4 1.440197 66.640828
1 2 5.393102 63.063460
2 8 7.336088 40.706265
2 4 3.655743 45.011110
3 8 6.697300 32.388269
3 5 0.186790 18.788294
4 7 1.391182 42.638011
5 7 7.166588 43.139309
5 6 9.464126 8.062258
