10 10 29596 468 193 46 0.001000 20
13 81 21.035825 20.273390
80 78 7.046296 6.288346
22 73 29.810868 35.451875
85 16 43.023658 37.361524
50 19 51.517633 48.421798
8 50 3.675972 3.775902
73 85 22.046170 19.019987
71 58 28.713549 35.156344
79 14 13.703900 13.530337
79 82 33.343042 28.702707
0 2 43.404832 12.041595
1 9 41.603049 4.123106
1 6 37.752762 9.899495
2 8 41.852711 82.036577
2 7 38.602447 51.244512
3 8 40.734389 6.324555
4 9 42.078960 69.354164
5 8 39.596406 79.605276
6 9 40.888015 6.708204
7 9 36.754546 25.298221
