9 11 40837 787 995 998 1.000000 20
34 60 23.943687 29.211306
68 1 17.431154 17.719531
84 62 28.972742 35.316829
43 75 25.786962 30.929148
39 61 16.516239 14.325787
35 58 27.684424 25.815936
36 66 50.484298 45.658680
66 28 41.887698 45.542794
48 43 6.989319 7.165633
0 5 42.717929 2.236068
0 4 46.496854 5.099020
1 4 40.137124 66.640828
1 2 49.433271 63.063460
2 8 42.530422 40.706265
2 4 42.951018 45.011110
3 8 40.322840 32.388269
3 5 44.388217 18.788294
4 7 49.520298 42.638011
5 7 48.974931 43.139309
5 6 49.950925 8.062258
