10 10 40297 869 996 998 1 20
13 81 11.831356 12.810350
80 78 45.699979 45.128025
22 73 42.955790 45.223583
85 16 20.381730 21.083802
50 19 4.730749 5.607877
8 50 46.857749 46.712388
73 85 23.374391 21.206098
71 58 30.698110 25.654043
79 14 56.354229 48.627532
79 82 32.869352 28.551747
0 2 3.083822 12.041595
1 9 4.219034 4.123106
1 6 3.745110 9.899495
2 8 1.112874 82.036577
2 7 3.029014 51.244512
3 8 3.896032 6.324555
4 9 5.488699 69.354164
5 8 7.522012 79.605276
6 9 8.961915 6.708204
7 9 9.648046 25.298221
