10 10 28250 2440 197 47 0.010000 20
13 81 34.966418 43.409489
80 78 2.144229 2.378681
22 73 36.732919 42.418341
85 16 13.022084 11.436698
50 19 56.503306 49.130743
8 50 40.904202 49.929939
73 85 33.652757 38.269506
71 58 15.983480 18.141048
79 14 48.672132 48.682687
79 82 28.517719 25.530025
0 2 40.521579 12.041595
1 9 42.684366 4.123106
1 6 38.956879 9.899495
2 8 37.613445 82.036577
2 7 35.348552 51.244512
3 8 42.640828 6.324555
4 9 38.807324 69.354164
5 8 38.621041 79.605276
6 9 38.568995 6.708204
7 9 43.936307 25.298221
