10 10 39974 723 997 996 1 20
13 81 0.289295 0.297133
80 78 45.922833 48.896805
22 73 39.640847 38.292048
85 16 34.666784 42.914055
50 19 15.638058 16.085288
8 50 44.509988 43.901400
73 85 18.779373 15.865728
71 58 34.881900 31.867648
79 14 46.473025 40.739099
79 82 45.187423 42.078611
0 2 43.308118 12.041595
1 9 40.483855 4.123106
1 6 44.675476 9.899495
2 8 48.767333 82.036577
2 7 40.503645 51.244512
3 8 45.638980 6.324555
4 9 41.428386 69.354164
5 8 44.913507 79.605276
6 9 40.207242 6.708204
7 9 48.009432 25.298221
