10 10 28050 991 143 29 0.010000 20
13 81 3.324918 3.027374
80 78 30.574111 34.406872
22 73 1.906357 2.041774
85 16 43.828206 49.574984
50 19 46.855781 43.685799
8 50 19.671260 17.620129
73 85 22.601464 23.185105
71 58 35.460567 30.884154
79 14 19.938727 23.077779
79 82 10.185939 9.776453
0 2 6.830590 12.041595
1 9 2.048438 4.123106
1 6 3.413190 9.899495
2 8 7.059036 82.036577
2 7 7.192656 51.244512
3 8 1.212928 6.324555
4 9 0.030908 69.354164
5 8 0.043876 79.605276
6 9 8.057075 6.708204
7 9 0.355238 25.298221
