10 10 29000 1273 148 26 0.010000 20
13 81 5.910050 6.559649
80 78 28.390103 35.292026
22 73 16.480285 17.109397
85 16 29.984045 31.966103
50 19 39.791526 38.280393
8 50 46.265403 41.718860
73 85 23.073809 21.039800
71 58 12.496809 14.607160
79 14 36.250821 44.543429
79 82 56.892261 48.340064
0 2 8.599626 12.041595
1 9 7.633385 4.123106
1 6 4.104640 9.899495
2 8 5.194968 82.036577
2 7 7.004941 51.244512
3 8 4.094818 6.324555
4 9 4.984983 69.354164
5 8 8.775023 79.605276
6 9 7.026363 6.708204
7 9 3.225379 25.298221
