9 11 5062 1140 997 997 1 20
34 60 44.073406 39.911124
68 1 4.159344 4.275888
84 62 41.920542 36.431449
43 75 48.507508 40.789436
39 61 2.154115 2.646449
35 58 7.462419 6.897850
36 66 48.009890 41.825277
66 28 41.077522 35.007758
48 43 31.909918 29.940144
0 5 0.785368 2.236068
0 4 2.283303 5.099020
1 4 6.546161 66.640828
1 2 0.982508 63.063460
2 8 3.030574 40.706265
2 4 9.377896 45.011110
3 8 1.237624 32.388269
3 5 5.432137 18.788294
4 7 7.057147 42.638011
5 7 9.720389 43.139309
5 6 0.879277 8.062258
