10 10 46707 656 45 8 0 20
13 81 20.412998 19.557332
80 78 9.326303 10.904914
22 73 23.263617 23.237219
85 16 21.046537 26.008900
50 19 23.120773 21.189894
8 50 32.853661 35.074731
73 85 23.289789 24.284976
71 58 53.697641 45.760589
79 14 22.977693 26.341629
79 82 51.645558 44.396173
0 2 4.643010 12.041595
1 9 3.987320 4.123106
1 6 9.580224 9.899495
2 8 8.719401 82.036577
2 7 2.871503 51.244512
3 8 0.257631 6.324555
4 9 9.068309 69.354164
5 8 3.473605 79.605276
6 9 0.038414 6.708204
7 9 6.869585 25.298221
