10 10 33851 698 993 995 1.000000 20
13 81 51.860868 45.793001
80 78 35.596161 33.516678
22 73 1.713240 1.813621
85 16 48.603072 42.998744
50 19 25.534623 22.622798
8 50 28.736625 26.560022
73 85 9.539791 8.877655
71 58 47.074315 42.474667
79 14 9.649611 10.704870
79 82 8.842833 10.146765
0 2 6.731415 12.041595
1 9 5.537469 4.123106
1 6 4.296055 9.899495
2 8 1.726506 82.036577
2 7 7.042484 51.244512
3 8 9.285295 6.324555
4 9 9.874183 69.354164
5 8 4.820538 79.605276
6 9 3.771202 6.708204
7 9 2.414279 25.298221
