10 10 41229 1240 48 9 0 20
13 81 43.262009 48.686621
80 78 8.107200 10.044978
22 73 10.762040 13.254856
85 16 25.169127 30.314483
50 19 14.051975 12.801673
8 50 32.992284 36.572149
73 85 32.837386 29.725507
71 58 17.162723 20.553596
79 14 42.927347 46.514433
79 82 37.164761 33.755794
0 2 0.506471 12.041595
1 9 4.474703 4.123106
1 6 9.624332 9.899495
2 8 0.850703 82.036577
2 7 1.106339 51.244512
3 8 9.804767 6.324555
4 9 0.866375 69.354164
5 8 2.681479 79.605276
6 9 2.415951 6.708204
7 9 7.748973 25.298221
