10 10 43095 516 992 998 1.000000 20
13 81 39.607206 33.753472
80 78 0.428238 0.408014
22 73 6.114244 6.926642
85 16 12.555614 13.651888
50 19 10.715942 10.506680
8 50 24.727835 27.187050
73 85 31.998604 33.466877
71 58 42.119275 39.256878
79 14 31.820035 37.872249
79 82 21.928137 25.647052
0 2 3.707297 12.041595
1 9 2.290423 4.123106
1 6 9.147788 9.899495
2 8 0.217067 82.036577
2 7 1.415119 51.244512
3 8 3.907235 6.324555
4 9 7.960768 69.354164
5 8 8.625388 79.605276
6 9 3.294087 6.708204
7 9 3.978527 25.298221
