10 10 49439 823 990 996 1.000000 20
13 81 36.301372 37.611436
80 78 42.104659 49.791124
22 73 14.919453 14.942269
85 16 20.882566 21.468837
50 19 54.630617 48.815178
8 50 24.853786 20.848803
73 85 44.984417 49.585758
71 58 8.490075 10.138591
79 14 17.685718 15.893510
79 82 45.477538 40.927152
0 2 2.901822 12.041595
1 9 0.714779 4.123106
1 6 5.213173 9.899495
2 8 5.750223 82.036577
2 7 2.962469 51.244512
3 8 1.783045 6.324555
4 9 7.097847 69.354164
5 8 2.626967 79.605276
6 9 4.100674 6.708204
7 9 0.633953 25.298221
