9 11 3365 296 998 995 1 20
34 60 1.726890 1.809265
68 1 4.726807 4.847098
84 62 41.008335 37.932643
43 75 9.301198 10.423456
39 61 35.165969 38.524047
35 58 22.552438 22.468040
36 66 35.435650 31.184803
66 28 12.754548 10.854203
48 43 32.354996 36.101661
0 5 8.617635 2.236068
0 4 1.318633 5.099020
1 4 6.340458 66.640828
1 2 1.806778 63.063460
2 8 4.906313 40.706265
2 4 5.828330 45.011110
3 8 6.121747 32.388269
3 5 8.767614 18.788294
4 7 3.638558 42.638011
5 7 8.213587 43.139309
5 6 3.394395 8.062258
