10 10 37777 551 43 8 0.000100 20
13 81 26.678559 32.883251
80 78 27.105820 25.996610
22 73 35.916634 36.545983
85 16 16.085059 13.955497
50 19 37.060529 34.080681
8 50 20.577853 17.341905
73 85 11.677062 9.884693
71 58 6.183670 6.889999
79 14 4.792148 4.942497
79 82 11.828938 12.920441
0 2 9.127840 12.041595
1 9 8.984227 4.123106
1 6 4.401133 9.899495
2 8 7.444090 82.036577
2 7 1.879017 51.244512
3 8 9.434343 6.324555
4 9 2.348834 69.354164
5 8 6.796981 79.605276
6 9 1.255358 6.708204
7 9 1.235211 25.298221
