9 11 35448 2975 196 48 0.010000 20
34 60 32.247243 31.848517
68 1 21.954409 25.839290
84 62 31.070885 36.765928
43 75 37.011823 32.106808
39 61 6.336945 6.642580
35 58 44.916081 45.905070
36 66 21.794498 19.647945
66 28 13.658761 12.849700
48 43 37.275821 41.580669
0 5 42.248676 2.236068
0 4 38.209082 5.099020
1 4 38.440882 66.640828
1 2 37.965121 63.063460
2 8 44.817592 40.706265
2 4 35.204534 45.011110
3 8 41.469247 32.388269
3 5 37.754324 18.788294
4 7 36.177778 42.638011
5 7 39.041703 43.139309
5 6 40.221664 8.062258
