10 10 26480 703 991 998 1.000000 20
13 81 27.064618 22.599832
80 78 19.992896 21.671841
22 73 7.154028 5.969178
85 16 5.375017 5.093882
50 19 41.474181 43.668109
8 50 42.914547 46.055632
73 85 46.919709 42.906367
71 58 13.079306 15.489561
79 14 24.710904 29.944072
79 82 12.554480 11.025818
0 2 43.789900 12.041595
1 9 48.187657 4.123106
1 6 43.137648 9.899495
2 8 46.573623 82.036577
2 7 42.791990 51.244512
3 8 49.820315 6.324555
4 9 45.035724 69.354164
5 8 44.185674 79.605276
6 9 40.921411 6.708204
7 9 47.901276 25.298221
