9 11 42102 255 998 997 1.000000 20
34 60 40.631285 42.186159
68 1 38.961878 42.248119
84 62 34.366689 28.996623
43 75 17.276889 14.983129
39 61 18.644429 20.618235
35 58 36.498877 31.034465
36 66 17.657111 20.988923
66 28 22.547361 19.881484
48 43 40.129183 43.870484
0 5 7.616953 2.236068
0 4 4.776713 5.099020
1 4 9.956533 66.640828
1 2 2.940378 63.063460
2 8 9.224994 40.706265
2 4 5.946910 45.011110
3 8 0.007928 32.388269
3 5 3.188599 18.788294
4 7 5.652903 42.638011
5 7 0.203480 43.139309
5 6 8.806143 8.062258
