9 11 39871 657 993 996 1 20
34 60 8.862469 9.218209
68 1 28.939001 28.978386
84 62 29.029751 30.197614
43 75 3.984863 3.824998
39 61 35.288077 42.477442
35 58 9.931392 10.106849
36 66 37.197876 31.673626
66 28 32.988052 28.181541
48 43 34.084762 37.298000
0 5 49.844148 2.236068
0 4 48.421471 5.099020
1 4 49.120957 66.640828
1 2 49.655751 63.063460
2 8 43.204603 40.706265
2 4 40.247633 45.011110
3 8 42.113869 32.388269
3 5 46.508159 18.788294
4 7 49.974623 42.638011
5 7 45.399471 43.139309
5 6 40.600726 8.062258
