10 10 38303 1663 94 9 0.000100 20
13 81 41.547610 37.284632
80 78 35.147195 29.588156
22 73 8.975697 7.789381
85 16 45.243588 46.744401
50 19 24.685149 27.275528
8 50 38.313043 33.788103
73 85 49.573573 45.740044
71 58 50.212033 48.017537
79 14 42.472942 42.992811
79 82 19.159045 22.984996
0 2 19.768635 12.041595
1 9 15.627572 4.123106
1 6 21.708919 9.899495
2 8 20.170277 82.036577
2 7 15.412396 51.244512
3 8 21.094883 6.324555
4 9 17.733767 69.354164
5 8 15.161162 79.605276
6 9 20.746260 6.708204
7 9 16.495009 25.298221
