9 11 32348 517 190 45 0 20
34 60 16.288505 14.502326
68 1 20.726230 25.836510
84 62 5.407155 6.024950
43 75 32.933135 39.023578
39 61 2.223317 2.621676
35 58 27.249249 27.043046
36 66 42.085607 44.695519
66 28 6.222192 5.935328
48 43 9.470199 8.981978
0 5 44.802907 2.236068
0 4 38.833858 5.099020
1 4 44.631823 66.640828
1 2 38.915293 63.063460
2 8 36.782301 40.706265
2 4 43.653126 45.011110
3 8 42.705567 32.388269
3 5 39.295818 18.788294
4 7 40.764097 42.638011
5 7 38.483181 43.139309
5 6 42.459933 8.062258
