9 11 3617 1673 994 995 1.000000 20
34 60 20.372280 21.968046
68 1 1.708069 1.710488
84 62 9.675172 8.763726
43 75 7.129491 7.774040
39 61 0.001050 0.000899
35 58 14.576192 17.635690
36 66 59.048984 49.995490
66 28 9.228570 8.539183
48 43 48.432881 47.004200
0 5 3.154189 2.236068
0 4 3.955241 5.099020
1 4 1.306060 66.640828
1 2 2.004022 63.063460
2 8 0.089592 40.706265
2 4 9.550143 45.011110
3 8 8.004309 32.388269
3 5 0.602693 18.788294
4 7 1.467530 42.638011
5 7 7.319037 43.139309
5 6 8.304102 8.062258
