10 10 35918 874 995 997 1.000000 20
13 81 1.617224 1.803487
80 78 6.449584 7.841796
22 73 33.400846 39.160887
85 16 35.396920 39.604202
50 19 17.501761 19.843029
8 50 40.001565 43.024749
73 85 20.477848 20.744942
71 58 23.083216 21.388302
79 14 15.251138 15.324625
79 82 43.489418 43.362513
0 2 1.565306 12.041595
1 9 9.974260 4.123106
1 6 1.903958 9.899495
2 8 6.540710 82.036577
2 7 1.347357 51.244512
3 8 3.187032 6.324555
4 9 1.282015 69.354164
5 8 7.573027 79.605276
6 9 3.096343 6.708204
7 9 0.671975 25.298221
