10 10 43928 544 48 7 0.000100 20
13 81 24.021797 22.831174
80 78 41.017847 39.808585
22 73 20.403609 24.935121
85 16 16.323339 17.134046
50 19 34.969062 34.394338
8 50 21.472027 20.836504
73 85 55.531632 48.830409
71 58 5.583921 5.559165
79 14 32.784482 34.934661
79 82 16.000180 14.791567
0 2 0.283731 12.041595
1 9 9.667195 4.123106
1 6 6.015774 9.899495
2 8 2.276798 82.036577
2 7 2.046918 51.244512
3 8 8.996174 6.324555
4 9 4.676991 69.354164
5 8 3.862485 79.605276
6 9 8.552491 6.708204
7 9 3.487852 25.298221
