9 11 28125 855 142 25 0.010000 20
34 60 32.601091 37.247440
68 1 37.031071 44.447521
84 62 39.076803 39.919044
43 75 27.012338 30.756006
39 61 17.622685 19.108692
35 58 1.228549 1.029452
36 66 11.519433 11.717665
66 28 21.288537 22.099484
48 43 8.375891 7.529205
0 5 2.047313 2.236068
0 4 3.869241 5.099020
1 4 8.640426 66.640828
1 2 8.941248 63.063460
2 8 0.719711 40.706265
2 4 9.599176 45.011110
3 8 5.997517 32.388269
3 5 9.037071 18.788294
4 7 1.816686 42.638011
5 7 9.472572 43.139309
5 6 7.573905 8.062258
