9 11 32558 1148 96 7 0 20
34 60 42.097256 41.520079
68 1 46.586294 39.210017
84 62 35.657507 36.245472
43 75 28.533871 33.384299
39 61 21.056055 22.691362
35 58 19.885527 18.346764
36 66 46.180560 46.231593
66 28 17.252868 18.538724
48 43 1.787198 2.022437
0 5 18.086152 2.236068
0 4 17.723150 5.099020
1 4 15.186823 66.640828
1 2 21.484076 63.063460
2 8 22.701985 40.706265
2 4 24.844053 45.011110
3 8 23.377190 32.388269
3 5 18.196531 18.788294
4 7 23.554804 42.638011
5 7 22.799089 43.139309
5 6 15.493438 8.062258
