10 10 45418 1086 144 27 0.001000 20
13 81 11.351206 11.896483
80 78 18.995283 17.410732
22 73 35.706693 31.789492
85 16 49.805403 46.339393
50 19 5.622345 5.288306
8 50 13.549674 16.334942
73 85 25.805815 29.172669
71 58 22.400633 26.218549
79 14 6.789730 6.877233
79 82 32.276507 29.597884
0 2 0.012059 12.041595
1 9 3.071890 4.123106
1 6 6.861490 9.899495
2 8 0.547793 82.036577
2 7 1.710072 51.244512
3 8 9.069794 6.324555
4 9 6.463898 69.354164
5 8 5.845907 79.605276
6 9 0.344974 6.708204
7 9 0.608604 25.298221
