10 10 32930 1918 98 8 0 20
13 81 33.864809 30.218934
80 78 52.113898 45.128178
22 73 52.448173 46.871466
85 16 25.730691 24.523061
50 19 4.535036 4.086794
8 50 28.142601 34.250381
73 85 34.483385 32.654010
71 58 15.884971 17.710808
79 14 4.098484 4.536781
79 82 22.673218 19.032069
0 2 21.823328 12.041595
1 9 18.739155 4.123106
1 6 18.291006 9.899495
2 8 16.239200 82.036577
2 7 20.648499 51.244512
3 8 24.609862 6.324555
4 9 16.540339 69.354164
5 8 20.914942 79.605276
6 9 16.428642 6.708204
7 9 21.623130 25.298221
