9 11 50789 679 197 48 0 20
34 60 13.132983 10.984900
68 1 6.478233 6.761301
84 62 33.958746 42.388396
43 75 19.491579 23.624864
39 61 37.070517 35.256567
35 58 38.634357 41.077836
36 66 18.403464 20.613672
66 28 3.074408 3.346164
48 43 28.533477 31.242810
0 5 35.157669 2.236068
0 4 39.746655 5.099020
1 4 35.420497 66.640828
1 2 37.713620 63.063460
2 8 35.579417 40.706265
2 4 41.620611 45.011110
3 8 37.348949 32.388269
3 5 37.761491 18.788294
4 7 37.851108 42.638011
5 7 35.814175 43.139309
5 6 39.272756 8.062258
