9 11 4065 789 90 5 0 20
34 60 21.939841 22.028594
68 1 33.544734 33.047261
84 62 45.354857 49.001272
43 75 10.056025 11.029965
39 61 21.187946 24.325339
35 58 21.430452 18.551386
36 66 10.113005 9.457573
66 28 9.144384 8.753740
48 43 24.860057 24.224804
0 5 15.004834 2.236068
0 4 16.016812 5.099020
1 4 24.088640 66.640828
1 2 15.949383 63.063460
2 8 24.151401 40.706265
2 4 18.724582 45.011110
3 8 23.147331 32.388269
3 5 22.599557 18.788294
4 7 22.760762 42.638011
5 7 19.882709 43.139309
5 6 17.559634 8.062258
