9 11 38232 258 991 995 1.000000 20
34 60 10.469523 9.000270
68 1 40.315215 35.516732
84 62 14.635936 13.218363
43 75 2.843943 3.500620
39 61 15.984745 16.630172
35 58 14.131314 15.703750
36 66 0.615432 0.559654
66 28 34.823539 33.109615
48 43 48.097766 45.216020
0 5 5.478744 2.236068
0 4 1.007510 5.099020
1 4 5.210672 66.640828
1 2 8.301640 63.063460
2 8 6.978459 40.706265
2 4 7.433146 45.011110
3 8 2.457302 32.388269
3 5 7.863647 18.788294
4 7 4.878315 42.638011
5 7 0.908001 43.139309
5 6 9.292299 8.062258
