10 10 28150 378 143 28 0.010000 20
13 81 23.195757 26.583274
80 78 44.187513 40.393539
22 73 12.206594 13.875774
85 16 10.330176 10.673160
50 19 38.276961 33.596560
8 50 10.657010 13.189597
73 85 21.289801 21.420298
71 58 8.721557 10.663534
79 14 30.205873 33.116776
79 82 26.236707 24.090639
0 2 0.409377 12.041595
1 9 0.692827 4.123106
1 6 5.792957 9.899495
2 8 8.938391 82.036577
2 7 3.977808 51.244512
3 8 1.875950 6.324555
4 9 4.355551 69.354164
5 8 7.661790 79.605276
6 9 4.937579 6.708204
7 9 8.376591 25.298221
