10 10 35487 2254 92 8 0 20
13 81 46.623645 45.783741
80 78 29.577497 28.985859
22 73 44.688179 45.807104
85 16 19.765350 19.394683
50 19 32.884884 32.864123
8 50 27.832011 24.592681
73 85 0.620091 0.758234
71 58 43.374377 42.063869
79 14 54.430687 46.867582
79 82 56.035566 49.397041
0 2 21.617241 12.041595
1 9 23.019492 4.123106
1 6 19.261570 9.899495
2 8 17.345567 82.036577
2 7 17.046972 51.244512
3 8 18.278760 6.324555
4 9 24.824078 69.354164
5 8 23.695378 79.605276
6 9 21.970474 6.708204
7 9 18.549670 25.298221
