9 11 33261 347 46 6 0.001000 20
34 60 33.778668 39.117381
68 1 9.754978 10.943317
84 62 7.669549 7.502173
43 75 33.363042 32.956161
39 61 15.127342 15.215571
35 58 5.076676 6.100860
36 66 19.898758 22.442406
66 28 25.060159 29.124042
48 43 42.707739 41.385408
0 5 8.521390 2.236068
0 4 0.229611 5.099020
1 4 9.323483 66.640828
1 2 8.261604 63.063460
2 8 2.703499 40.706265
2 4 4.941954 45.011110
3 8 1.387097 32.388269
3 5 0.843654 18.788294
4 7 0.236688 42.638011
5 7 2.394854 43.139309
5 6 3.869418 8.062258
