9 11 2590 4021 993 998 1.000000 20
34 60 9.475479 11.471039
68 1 9.175500 10.886127
84 62 33.201278 33.920383
43 75 11.338365 12.169442
39 61 19.941138 20.086861
35 58 1.288610 1.369720
36 66 26.020993 31.382059
66 28 2.900661 2.856735
48 43 8.539790 7.202814
0 5 4.224611 2.236068
0 4 4.536973 5.099020
1 4 7.947104 66.640828
1 2 6.642141 63.063460
2 8 3.853006 40.706265
2 4 7.149038 45.011110
3 8 2.668373 32.388269
3 5 3.228456 18.788294
4 7 0.948567 42.638011
5 7 3.962059 43.139309
5 6 4.817075 8.062258
