10 10 43333 403 191 48 0 20
13 81 27.252522 32.889381
80 78 22.610592 25.289159
22 73 25.243333 23.152641
85 16 42.306072 45.598497
50 19 17.069847 15.159601
8 50 46.511045 43.409090
73 85 29.804798 36.267960
71 58 16.036001 15.428248
79 14 13.104833 16.010542
79 82 10.672616 9.981531
0 2 44.592381 12.041595
1 9 43.596590 4.123106
1 6 40.809006 9.899495
2 8 37.524257 82.036577
2 7 35.654148 51.244512
3 8 40.809826 6.324555
4 9 44.062210 69.354164
5 8 38.517150 79.605276
6 9 42.824925 6.708204
7 9 44.097857 25.298221
