10 10 43261 842 994 996 1.000000 20
13 81 13.320565 14.979530
80 78 34.458151 35.403797
22 73 15.575399 14.228945
85 16 39.012686 46.361905
50 19 42.546692 37.912747
8 50 55.007051 48.980982
73 85 12.924667 11.222033
71 58 8.731510 9.298672
79 14 25.000771 22.385750
79 82 33.846754 39.774567
0 2 42.730493 12.041595
1 9 41.550901 4.123106
1 6 49.808896 9.899495
2 8 40.070426 82.036577
2 7 44.385847 51.244512
3 8 40.937088 6.324555
4 9 45.728212 69.354164
5 8 48.466473 79.605276
6 9 40.223698 6.708204
7 9 42.721694 25.298221
