9 11 38069 793 998 997 1.000000 20
34 60 14.424239 17.889896
68 1 9.838695 9.557506
84 62 28.033984 23.483448
43 75 35.063091 36.081905
39 61 22.977464 24.792379
35 58 40.937792 49.342688
36 66 48.186500 44.109502
66 28 0.918457 0.765543
48 43 34.391202 37.835012
0 5 44.872820 2.236068
0 4 47.987138 5.099020
1 4 46.538039 66.640828
1 2 47.462016 63.063460
2 8 42.917155 40.706265
2 4 47.663936 45.011110
3 8 43.281132 32.388269
3 5 44.363335 18.788294
4 7 46.488492 42.638011
5 7 41.117417 43.139309
5 6 44.059939 8.062258
