9 11 32458 1175 92 9 0.000100 20
34 60 34.845579 38.112166
68 1 22.325665 23.361476
84 62 19.928034 22.837497
43 75 24.895672 24.911619
39 61 26.129417 28.039068
35 58 37.104713 42.429263
36 66 5.624578 4.687153
66 28 31.461071 35.409383
48 43 42.098941 43.859241
0 5 18.624971 2.236068
0 4 22.182985 5.099020
1 4 21.009829 66.640828
1 2 18.135560 63.063460
2 8 20.925625 40.706265
2 4 20.823619 45.011110
3 8 22.060944 32.388269
3 5 22.306886 18.788294
4 7 20.436767 42.638011
5 7 16.057500 43.139309
5 6 16.593621 8.062258
