10 10 39688 2169 144 28 0.001000 20
13 81 42.001272 43.531730
80 78 2.657110 2.699639
22 73 13.177870 13.510894
85 16 4.671685 4.862467
50 19 19.810767 19.083224
8 50 9.068654 8.185023
73 85 5.355155 5.061498
71 58 39.764218 36.315763
79 14 5.655244 5.208780
79 82 9.379611 11.089809
0 2 3.733465 12.041595
1 9 4.687925 4.123106
1 6 6.882183 9.899495
2 8 7.413226 82.036577
2 7 7.269003 51.244512
3 8 0.832118 6.324555
4 9 7.300314 69.354164
5 8 4.972523 79.605276
6 9 9.888847 6.708204
7 9 2.574320 25.298221
