10 10 4000 3482 47 7 0.001000 20
13 81 48.130759 47.683409
80 78 18.661114 23.149263
22 73 18.688664 17.149692
85 16 48.335172 49.920636
50 19 28.052104 29.752648
8 50 1.705198 1.632581
73 85 9.013822 10.583753
71 58 28.063469 28.202150
79 14 25.269907 28.891295
79 82 29.894542 31.953708
0 2 6.947687 12.041595
1 9 1.777685 4.123106
1 6 9.715376 9.899495
2 8 4.698001 82.036577
2 7 9.687947 51.244512
3 8 2.748347 6.324555
4 9 2.970149 69.354164
5 8 4.181861 79.605276
6 9 3.720807 6.708204
7 9 9.463030 25.298221
