9 11 45093 730 93 7 0.000100 20
34 60 49.119863 47.213027
68 1 19.065502 16.706706
84 62 2.959220 3.075879
43 75 25.746883 26.489131
39 61 21.005890 18.442693
35 58 22.849256 26.766165
36 66 24.562781 26.462279
66 28 14.358148 15.006820
48 43 40.824259 34.936058
0 5 20.464739 2.236068
0 4 16.285733 5.099020
1 4 15.169048 66.640828
1 2 19.764132 63.063460
2 8 15.143732 40.706265
2 4 20.010918 45.011110
3 8 18.132951 32.388269
3 5 19.970457 18.788294
4 7 23.360672 42.638011
5 7 15.621333 43.139309
5 6 20.581359 8.062258
