10 10 26886 1377 996 999 1.000000 20
13 81 22.661743 27.753245
80 78 24.675124 25.726462
22 73 8.395274 8.493226
85 16 1.921347 2.276236
50 19 41.570812 46.938066
8 50 42.297897 48.032980
73 85 24.610736 29.212766
71 58 21.146849 25.002577
79 14 5.771401 6.418338
79 82 38.571452 32.495815
0 2 40.381429 12.041595
1 9 42.936117 4.123106
1 6 43.522955 9.899495
2 8 47.540528 82.036577
2 7 48.632501 51.244512
3 8 43.759203 6.324555
4 9 46.921151 69.354164
5 8 49.670092 79.605276
6 9 46.715061 6.708204
7 9 49.722045 25.298221
