10 10 48106 652 199 45 0.010000 20
13 81 27.261216 27.639280
80 78 32.162852 39.149426
22 73 28.962702 33.703130
85 16 10.578923 8.912314
50 19 27.077474 28.422706
8 50 9.669425 10.370528
73 85 32.377234 27.024649
71 58 46.253131 44.545575
79 14 27.980175 32.703925
79 82 22.893687 22.077029
0 2 36.261205 12.041595
1 9 36.946306 4.123106
1 6 40.648118 9.899495
2 8 38.028734 82.036577
2 7 36.760994 51.244512
3 8 39.155716 6.324555
4 9 39.877585 69.354164
5 8 43.197914 79.605276
6 9 36.599910 6.708204
7 9 38.457913 25.298221
