10 10 36750 798 142 29 0 20
13 81 43.902780 45.919887
80 78 5.814811 5.003145
22 73 50.210753 43.884317
85 16 2.201244 2.113645
50 19 26.274485 27.210373
8 50 21.842769 22.680085
73 85 33.580858 35.477456
71 58 9.744359 8.251959
79 14 34.705663 31.769838
79 82 6.786593 6.257977
0 2 9.353210 12.041595
1 9 3.936003 4.123106
1 6 9.149846 9.899495
2 8 8.013401 82.036577
2 7 1.311943 51.244512
3 8 5.459491 6.324555
4 9 5.995205 69.354164
5 8 9.532786 79.605276
6 9 8.898631 6.708204
7 9 5.050624 25.298221
