10 10 30230 1647 995 998 1.000000 20
13 81 38.821245 40.720141
80 78 30.748829 28.075306
22 73 7.783587 9.282624
85 16 20.048376 19.477298
50 19 32.930528 37.006551
8 50 2.248962 2.080344
73 85 7.423598 7.408371
71 58 6.957313 6.522372
79 14 6.296266 7.180640
79 82 37.273615 41.207172
0 2 40.309264 12.041595
1 9 41.769781 4.123106
1 6 46.822083 9.899495
2 8 42.038081 82.036577
2 7 45.744354 51.244512
3 8 44.988041 6.324555
4 9 49.382354 69.354164
5 8 46.274036 79.605276
6 9 48.219994 6.708204
7 9 42.770724 25.298221
