10 10 38685 1231 999 999 1 20
13 81 45.904919 39.843269
80 78 2.869651 2.844930
22 73 0.091599 0.099302
85 16 18.697095 19.107089
50 19 27.451098 33.454658
8 50 10.244407 9.665100
73 85 35.114368 31.305605
71 58 1.119028 1.082254
79 14 10.568453 12.876924
79 82 0.279963 0.302619
0 2 43.922337 12.041595
1 9 44.594687 4.123106
1 6 49.590499 9.899495
2 8 49.370779 82.036577
2 7 42.225408 51.244512
3 8 45.005826 6.324555
4 9 47.728575 69.354164
5 8 45.612747 79.605276
6 9 45.939704 6.708204
7 9 44.695854 25.298221
