9 11 35195 415 147 25 0.001000 20
34 60 4.617081 5.362444
68 1 16.096329 19.543123
84 62 50.963121 46.463586
43 75 10.133851 11.017312
39 61 26.314807 25.253634
35 58 43.962785 46.526592
36 66 24.992100 23.687482
66 28 1.239433 1.095818
48 43 19.465642 21.260909
0 5 8.762457 2.236068
0 4 0.807067 5.099020
1 4 4.903652 66.640828
1 2 6.312843 63.063460
2 8 8.615853 40.706265
2 4 1.540231 45.011110
3 8 4.051862 32.388269
3 5 2.963115 18.788294
4 7 9.245809 42.638011
5 7 2.829934 43.139309
5 6 2.502874 8.062258
