10 10 34390 679 998 997 1 20
13 81 28.709905 27.872777
80 78 14.530530 18.051706
22 73 10.881760 10.833847
85 16 22.691897 24.902590
50 19 31.160779 26.969058
8 50 4.465573 5.184304
73 85 5.547676 6.097886
71 58 36.343737 31.494478
79 14 17.114416 20.689058
79 82 52.599965 49.089577
0 2 45.912199 12.041595
1 9 47.946838 4.123106
1 6 43.350427 9.899495
2 8 49.968882 82.036577
2 7 40.224328 51.244512
3 8 42.473953 6.324555
4 9 43.923211 69.354164
5 8 47.747693 79.605276
6 9 41.207295 6.708204
7 9 47.266180 25.298221
