10 10 36071 479 142 25 0.001000 20
13 81 34.648673 31.272692
80 78 18.556298 17.881466
22 73 22.264380 22.061045
85 16 30.922071 32.554084
50 19 41.503866 36.347814
8 50 8.246695 9.163006
73 85 43.137112 39.438030
71 58 2.721118 2.541006
79 14 52.606260 48.123417
79 82 14.996304 13.421658
0 2 6.228454 12.041595
1 9 3.024984 4.123106
1 6 1.796020 9.899495
2 8 1.076575 82.036577
2 7 5.449328 51.244512
3 8 6.438826 6.324555
4 9 5.926863 69.354164
5 8 9.862876 79.605276
6 9 2.148041 6.708204
7 9 3.558868 25.298221
