9 11 25710 537 48 6 0.000100 20
34 60 56.908689 47.800977
68 1 18.062069 17.141020
84 62 29.452797 35.877523
43 75 17.071657 19.225991
39 61 42.894504 40.912385
35 58 13.048430 15.211609
36 66 23.148457 21.939698
66 28 15.165641 15.969342
48 43 13.088365 13.917494
0 5 5.590819 2.236068
0 4 6.503249 5.099020
1 4 6.808768 66.640828
1 2 4.598934 63.063460
2 8 8.418996 40.706265
2 4 7.911988 45.011110
3 8 0.333320 32.388269
3 5 7.423192 18.788294
4 7 8.796754 42.638011
5 7 2.569756 43.139309
5 6 5.982467 8.062258
