10 10 35755 560 994 999 1.000000 20
13 81 31.601991 33.825454
80 78 14.241734 16.852859
22 73 19.053428 21.560264
85 16 42.752373 47.640161
50 19 50.113249 49.685133
8 50 25.474711 30.958621
73 85 8.657785 10.036147
71 58 35.222423 36.794100
79 14 32.130703 36.115075
79 82 25.064594 25.968744
0 2 48.766355 12.041595
1 9 49.546892 4.123106
1 6 42.453653 9.899495
2 8 48.383435 82.036577
2 7 40.723902 51.244512
3 8 45.451665 6.324555
4 9 49.090460 69.354164
5 8 48.836825 79.605276
6 9 47.159467 6.708204
7 9 46.926016 25.298221
