10 10 35152 616 198 48 0.001000 20
13 81 15.855838 19.349172
80 78 36.988181 41.038118
22 73 26.452611 33.046872
85 16 22.254097 18.700873
50 19 9.505449 11.555485
8 50 38.604156 36.213934
73 85 18.878677 19.072785
71 58 25.942739 22.082332
79 14 28.019078 32.334001
79 82 55.516601 47.377399
0 2 44.574104 12.041595
1 9 39.370312 4.123106
1 6 44.337969 9.899495
2 8 37.518254 82.036577
2 7 39.053177 51.244512
3 8 44.564801 6.324555
4 9 43.136967 69.354164
5 8 44.033318 79.605276
6 9 42.787600 6.708204
7 9 36.527899 25.298221
