9 11 29521 986 995 995 1 20
34 60 12.581434 13.519328
68 1 23.052679 27.679247
84 62 34.393185 41.656450
43 75 15.704151 18.820158
39 61 40.007903 48.622159
35 58 24.182802 21.873696
36 66 28.562658 34.752167
66 28 27.519395 24.817601
48 43 2.039279 2.155920
0 5 0.885977 2.236068
0 4 8.237451 5.099020
1 4 1.764375 66.640828
1 2 3.547014 63.063460
2 8 2.380802 40.706265
2 4 3.762684 45.011110
3 8 7.289614 32.388269
3 5 6.969827 18.788294
4 7 3.553182 42.638011
5 7 8.379600 43.139309
5 6 0.583815 8.062258
