10 10 47475 385 149 28 0.001000 20
13 81 28.947754 29.190403
80 78 26.798586 26.451529
22 73 28.544274 34.186141
85 16 19.022532 22.016314
50 19 21.244419 21.960752
8 50 3.024562 2.940548
73 85 10.700716 10.904239
71 58 10.232119 11.286118
79 14 7.857423 7.024648
79 82 41.738136 38.354640
0 2 5.295941 12.041595
1 9 0.853074 4.123106
1 6 8.239648 9.899495
2 8 0.524277 82.036577
2 7 2.117176 51.244512
3 8 0.974962 6.324555
4 9 2.995346 69.354164
5 8 1.476912 79.605276
6 9 7.094080 6.708204
7 9 8.623540 25.298221
