9 11 51416 722 994 999 1 20
34 60 35.185252 36.892440
68 1 47.410212 46.457168
84 62 31.929082 36.277511
43 75 7.466106 7.338675
39 61 35.494166 41.268139
35 58 44.466508 47.820708
36 66 18.302669 19.369281
66 28 27.955475 25.420689
48 43 41.866927 38.247279
0 5 41.458038 2.236068
0 4 43.775477 5.099020
1 4 43.633223 66.640828
1 2 48.604717 63.063460
2 8 45.403905 40.706265
2 4 49.501150 45.011110
3 8 45.217727 32.388269
3 5 42.187728 18.788294
4 7 41.069967 42.638011
5 7 43.276164 43.139309
5 6 43.907750 8.062258
