10 10 37000 302 141 25 0.001000 20
13 81 38.063346 40.396623
80 78 35.601236 31.797849
22 73 14.534589 15.441515
85 16 1.796360 1.695158
50 19 2.847497 3.486077
8 50 19.321679 20.166843
73 85 32.992017 37.429982
71 58 39.210344 35.002841
79 14 43.774952 39.223928
79 82 10.293778 8.664732
0 2 3.041368 12.041595
1 9 0.936220 4.123106
1 6 7.181238 9.899495
2 8 5.817976 82.036577
2 7 2.231732 51.244512
3 8 0.722371 6.324555
4 9 3.012661 69.354164
5 8 2.224660 79.605276
6 9 0.365314 6.708204
7 9 8.483000 25.298221
