9 11 27825 452 44 7 0.001000 20
34 60 27.072381 26.363967
68 1 50.535894 46.987261
84 62 15.526080 14.396283
43 75 42.888056 47.270931
39 61 3.230035 3.930746
35 58 41.823113 43.296124
36 66 29.893746 26.670812
66 28 10.320707 10.721428
48 43 34.240171 39.958440
0 5 3.897938 2.236068
0 4 3.568240 5.099020
1 4 0.744881 66.640828
1 2 5.976228 63.063460
2 8 7.260921 40.706265
2 4 9.817905 45.011110
3 8 2.246552 32.388269
3 5 2.870389 18.788294
4 7 5.508595 42.638011
5 7 5.049784 43.139309
5 6 5.509545 8.062258
