10 10 32041 596 996 995 1.000000 20
13 81 14.316617 13.693846
80 78 39.564215 38.067272
22 73 15.141632 14.782208
85 16 31.908749 31.500637
50 19 36.484722 43.525514
8 50 38.757197 32.818360
73 85 19.061071 18.039628
71 58 40.118726 43.831119
79 14 13.237648 12.691817
79 82 26.734269 23.535549
0 2 44.425782 12.041595
1 9 44.433401 4.123106
1 6 44.650190 9.899495
2 8 47.810632 82.036577
2 7 49.962499 51.244512
3 8 41.677162 6.324555
4 9 42.624957 69.354164
5 8 42.275418 79.605276
6 9 45.483958 6.708204
7 9 42.527194 25.298221
