9 11 37222 963 194 45 0.010000 20
34 60 18.542968 16.742480
68 1 11.679450 11.715345
84 62 31.792417 31.659187
43 75 22.541334 23.334582
39 61 9.607383 9.342700
35 58 20.090808 17.009429
36 66 28.592087 32.703025
66 28 32.530484 38.546570
48 43 19.959340 24.446583
0 5 39.915349 2.236068
0 4 35.445400 5.099020
1 4 35.854307 66.640828
1 2 40.938509 63.063460
2 8 37.706475 40.706265
2 4 38.577778 45.011110
3 8 36.672756 32.388269
3 5 43.456668 18.788294
4 7 42.778811 42.638011
5 7 36.297240 43.139309
5 6 43.968498 8.062258
