10 10 41108 430 196 46 0.001000 20
13 81 20.109318 22.364978
80 78 39.832648 43.211605
22 73 26.599316 30.577229
85 16 24.246739 29.901691
50 19 2.073119 1.829430
8 50 10.492536 9.354737
73 85 14.277463 14.820394
71 58 45.800680 45.270350
79 14 51.739852 47.733925
79 82 49.229217 47.781389
0 2 44.815447 12.041595
1 9 40.857530 4.123106
1 6 39.789336 9.899495
2 8 39.637372 82.036577
2 7 40.848704 51.244512
3 8 40.760619 6.324555
4 9 44.731109 69.354164
5 8 37.618432 79.605276
6 9 35.241597 6.708204
7 9 39.256618 25.298221
