9 11 47950 818 92 5 0 20
34 60 29.035977 25.625112
68 1 35.385354 31.818818
84 62 7.629681 8.755973
43 75 10.952807 10.802441
39 61 34.939147 43.129356
35 58 18.625296 17.735404
36 66 39.641230 48.051812
66 28 36.403811 38.307517
48 43 47.462637 47.952414
0 5 19.335080 2.236068
0 4 20.840021 5.099020
1 4 17.016437 66.640828
1 2 24.620606 63.063460
2 8 18.533685 40.706265
2 4 16.736754 45.011110
3 8 21.748161 32.388269
3 5 16.156766 18.788294
4 7 22.280644 42.638011
5 7 18.437839 43.139309
5 6 21.378373 8.062258
