9 11 24048 1332 44 7 0.001000 20
34 60 0.552072 0.495014
68 1 23.307788 21.947787
84 62 30.093117 32.510361
43 75 36.856532 30.737010
39 61 4.203212 3.770119
35 58 16.247647 14.010407
36 66 19.544726 19.429730
66 28 32.571535 38.842114
48 43 38.942092 34.342579
0 5 1.784643 2.236068
0 4 5.594287 5.099020
1 4 8.751992 66.640828
1 2 7.183138 63.063460
2 8 1.623598 40.706265
2 4 2.091622 45.011110
3 8 8.840574 32.388269
3 5 7.827439 18.788294
4 7 3.317175 42.638011
5 7 1.317276 43.139309
5 6 4.844259 8.062258
