9 11 38000 448 192 48 0 20
34 60 55.935538 48.416382
68 1 7.440424 6.746311
84 62 39.095192 32.717700
43 75 26.591768 23.791863
39 61 39.998063 34.190034
35 58 3.039596 2.962400
36 66 1.921202 2.335732
66 28 22.453125 21.881055
48 43 20.507190 19.447651
0 5 41.986818 2.236068
0 4 41.935522 5.099020
1 4 41.302770 66.640828
1 2 43.381988 63.063460
2 8 42.105419 40.706265
2 4 42.016728 45.011110
3 8 39.510745 32.388269
3 5 35.110546 18.788294
4 7 42.336202 42.638011
5 7 42.547128 43.139309
5 6 36.355153 8.062258
