10 10 35673 822 93 8 0.000100 20
13 81 36.894406 31.793656
80 78 38.514694 37.012727
22 73 0.655830 0.620946
85 16 11.253684 11.224807
50 19 8.549783 9.049492
8 50 19.479814 20.510270
73 85 7.531918 6.307437
71 58 9.736176 9.002668
79 14 13.439946 12.495693
79 82 16.202933 19.638688
0 2 23.277499 12.041595
1 9 23.351616 4.123106
1 6 24.585617 9.899495
2 8 15.736411 82.036577
2 7 20.591871 51.244512
3 8 20.751567 6.324555
4 9 17.134464 69.354164
5 8 21.059625 79.605276
6 9 22.057992 6.708204
7 9 20.311789 25.298221
