9 11 25394 469 995 995 1.000000 20
34 60 33.103483 34.738953
68 1 4.371729 3.785368
84 62 0.267372 0.259658
43 75 5.112887 4.375692
39 61 34.220327 37.300046
35 58 35.783511 34.082902
36 66 26.573104 31.372913
66 28 13.647173 14.278875
48 43 10.138922 10.374831
0 5 42.794757 2.236068
0 4 45.688430 5.099020
1 4 49.835398 66.640828
1 2 46.913460 63.063460
2 8 44.274641 40.706265
2 4 40.269987 45.011110
3 8 42.093188 32.388269
3 5 44.558092 18.788294
4 7 49.934270 42.638011
5 7 48.511049 43.139309
5 6 41.029948 8.062258
