9 11 40534 1201 995 999 1.000000 20
34 60 13.368025 15.071913
68 1 32.062607 30.057789
84 62 40.419209 37.625666
43 75 1.902533 1.815316
39 61 23.005341 23.530129
35 58 35.131234 39.738334
36 66 1.337490 1.230982
66 28 25.001605 26.233896
48 43 48.829533 42.860724
0 5 43.130356 2.236068
0 4 43.996465 5.099020
1 4 49.867718 66.640828
1 2 47.361848 63.063460
2 8 44.417522 40.706265
2 4 46.895371 45.011110
3 8 40.752818 32.388269
3 5 44.692715 18.788294
4 7 45.366071 42.638011
5 7 43.839026 43.139309
5 6 44.210874 8.062258
