9 11 46051 802 193 47 0.001000 20
34 60 24.340369 22.458653
68 1 30.682207 28.671990
84 62 27.794088 34.517980
43 75 41.083606 39.576801
39 61 13.326713 15.928795
35 58 51.552229 43.435141
36 66 1.948250 1.845564
66 28 30.473236 28.906765
48 43 20.408004 20.726983
0 5 41.040802 2.236068
0 4 42.986488 5.099020
1 4 40.109795 66.640828
1 2 42.383144 63.063460
2 8 38.272420 40.706265
2 4 42.459152 45.011110
3 8 35.407510 32.388269
3 5 37.903608 18.788294
4 7 38.985147 42.638011
5 7 37.086656 43.139309
5 6 37.687132 8.062258
