9 11 43857 1018 92 9 0.000100 20
34 60 44.883154 42.890919
68 1 22.015484 20.862464
84 62 50.626215 46.544162
43 75 5.562448 5.303725
39 61 24.458445 27.432858
35 58 45.705109 38.663840
36 66 34.064794 34.688347
66 28 34.691781 35.684884
48 43 21.336267 19.485617
0 5 17.945458 2.236068
0 4 24.814848 5.099020
1 4 17.056804 66.640828
1 2 15.462792 63.063460
2 8 16.048957 40.706265
2 4 19.583126 45.011110
3 8 15.385714 32.388269
3 5 23.227495 18.788294
4 7 17.870233 42.638011
5 7 18.879505 43.139309
5 6 17.587427 8.062258
