10 10 31421 724 146 29 0.010000 20
13 81 43.526041 39.396294
80 78 39.022036 37.870299
22 73 36.489390 44.401530
85 16 18.823518 17.153265
50 19 51.199057 47.021916
8 50 27.041614 30.174880
73 85 31.334130 35.118044
71 58 29.296745 25.492922
79 14 2.799991 2.337910
79 82 26.935211 23.870098
0 2 0.726837 12.041595
1 9 9.030131 4.123106
1 6 9.187562 9.899495
2 8 6.704251 82.036577
2 7 2.143369 51.244512
3 8 1.592487 6.324555
4 9 9.725784 69.354164
5 8 8.906160 79.605276
6 9 2.752826 6.708204
7 9 9.251339 25.298221
