10 10 49326 597 43 5 0 20
13 81 46.934539 49.471203
80 78 22.805742 20.245089
22 73 23.488396 22.945787
85 16 50.069912 41.726924
50 19 34.480414 28.994768
8 50 10.194815 8.605387
73 85 3.515400 3.339154
71 58 32.468379 30.665467
79 14 39.665509 39.489804
79 82 18.156893 17.612902
0 2 1.509889 12.041595
1 9 9.090161 4.123106
1 6 7.386151 9.899495
2 8 5.703889 82.036577
2 7 4.716326 51.244512
3 8 0.451669 6.324555
4 9 3.406952 69.354164
5 8 6.379086 79.605276
6 9 2.974199 6.708204
7 9 4.918569 25.298221
