9 11 41916 628 995 995 1 20
34 60 31.647228 27.847939
68 1 44.182690 40.724250
84 62 36.080771 37.896256
43 75 21.987077 23.044875
39 61 36.793943 38.583662
35 58 28.893031 34.682668
36 66 42.587847 42.339291
66 28 43.347779 36.131800
48 43 34.489850 29.027696
0 5 42.319648 2.236068
0 4 43.190448 5.099020
1 4 49.539888 66.640828
1 2 40.507825 63.063460
2 8 45.847175 40.706265
2 4 48.804938 45.011110
3 8 43.956252 32.388269
3 5 43.244585 18.788294
4 7 45.462547 42.638011
5 7 49.055989 43.139309
5 6 48.772612 8.062258
