10 10 29150 1008 997 995 1.000000 20
13 81 13.124664 14.919316
80 78 19.625720 18.521664
22 73 13.556616 13.824372
85 16 43.223189 48.757976
50 19 39.403695 43.769271
8 50 44.244143 39.786280
73 85 22.634890 18.974024
71 58 21.925587 24.371352
79 14 37.603459 42.802098
79 82 13.183612 14.678039
0 2 3.612086 12.041595
1 9 0.165119 4.123106
1 6 3.293204 9.899495
2 8 8.111863 82.036577
2 7 7.208224 51.244512
3 8 7.336989 6.324555
4 9 6.493366 69.354164
5 8 7.285897 79.605276
6 9 9.987241 6.708204
7 9 6.936196 25.298221
