9 11 51777 898 148 28 0 20
34 60 35.739540 39.829359
68 1 10.878900 12.907360
84 62 39.001201 36.655648
43 75 20.930557 21.917951
39 61 22.885720 24.923648
35 58 22.663284 22.393153
36 66 8.400846 7.610576
66 28 37.268992 34.436775
48 43 34.543034 33.912582
0 5 6.678546 2.236068
0 4 5.500825 5.099020
1 4 5.187275 66.640828
1 2 2.649495 63.063460
2 8 1.684239 40.706265
2 4 1.304899 45.011110
3 8 0.317102 32.388269
3 5 6.434049 18.788294
4 7 3.480176 42.638011
5 7 0.757004 43.139309
5 6 7.490232 8.062258
