10 10 41000 460 48 7 0.001000 20
13 81 35.318944 43.869335
80 78 27.781561 23.404107
22 73 7.275666 8.330327
85 16 31.990699 32.354631
50 19 38.133531 35.885804
8 50 6.234220 6.541395
73 85 31.256870 31.083025
71 58 41.502759 41.924017
79 14 28.124247 26.348980
79 82 29.674057 36.317405
0 2 6.457861 12.041595
1 9 6.373655 4.123106
1 6 8.897507 9.899495
2 8 2.392929 82.036577
2 7 2.846145 51.244512
3 8 9.528176 6.324555
4 9 3.906936 69.354164
5 8 0.115759 79.605276
6 9 6.960051 6.708204
7 9 7.490079 25.298221
