9 11 2181 1519 149 28 0.010000 20
34 60 44.186721 45.514738
68 1 19.048984 22.088798
84 62 24.961835 23.209950
43 75 32.281043 32.199337
39 61 36.594069 39.511346
35 58 18.442027 21.019048
36 66 45.986634 42.798374
66 28 25.710840 26.923285
48 43 46.033281 40.955046
0 5 0.610025 2.236068
0 4 8.844665 5.099020
1 4 5.001997 66.640828
1 2 0.311427 63.063460
2 8 0.075907 40.706265
2 4 5.864941 45.011110
3 8 3.688426 32.388269
3 5 8.256016 18.788294
4 7 4.785962 42.638011
5 7 2.586851 43.139309
5 6 1.547144 8.062258
