10 10 39714 310 991 995 1.000000 20
13 81 36.631115 37.952944
80 78 14.823893 15.225852
22 73 22.570982 26.166743
85 16 31.181098 32.021261
50 19 38.854688 36.981103
8 50 9.028177 8.401826
73 85 0.650819 0.614792
71 58 45.324026 43.982272
79 14 14.015591 13.379756
79 82 12.819339 12.079024
0 2 6.645829 12.041595
1 9 8.785419 4.123106
1 6 5.086801 9.899495
2 8 6.739628 82.036577
2 7 1.805928 51.244512
3 8 6.888927 6.324555
4 9 7.963942 69.354164
5 8 3.299000 79.605276
6 9 2.005765 6.708204
7 9 5.213003 25.298221
