10 10 36277 2738 98 6 0 20
13 81 20.818477 22.987392
80 78 3.225413 3.071245
22 73 23.544062 29.257272
85 16 9.921702 9.993998
50 19 20.191100 20.296046
8 50 33.199923 30.775853
73 85 4.751685 5.548536
71 58 37.448124 37.710783
79 14 26.756333 31.444376
79 82 30.119550 27.605043
0 2 16.296504 12.041595
1 9 23.849724 4.123106
1 6 19.832465 9.899495
2 8 19.755043 82.036577
2 7 21.444091 51.244512
3 8 19.580113 6.324555
4 9 19.036644 69.354164
5 8 24.635841 79.605276
6 9 20.996214 6.708204
7 9 20.205612 25.298221
