9 11 46769 1284 993 999 1.000000 20
34 60 4.632818 5.450929
68 1 18.316346 16.715636
84 62 34.366646 38.423145
43 75 7.281948 7.272376
39 61 18.443336 19.316376
35 58 34.274506 38.488265
36 66 34.022770 31.217609
66 28 7.176014 6.115422
48 43 17.103117 15.717764
0 5 8.244714 2.236068
0 4 6.984191 5.099020
1 4 0.959295 66.640828
1 2 5.402095 63.063460
2 8 5.863736 40.706265
2 4 4.812369 45.011110
3 8 9.414646 32.388269
3 5 1.178065 18.788294
4 7 8.155837 42.638011
5 7 6.739471 43.139309
5 6 2.798792 8.062258
