10 10 49102 422 994 996 1 20
13 81 20.843807 25.754689
80 78 14.085887 17.351787
22 73 49.659271 44.197854
85 16 41.194906 39.647284
50 19 18.812235 18.879104
8 50 24.843186 25.023247
73 85 3.479165 4.207340
71 58 31.867800 26.912982
79 14 0.028596 0.031273
79 82 15.605861 18.976746
0 2 2.752584 12.041595
1 9 4.914764 4.123106
1 6 2.469949 9.899495
2 8 7.833671 82.036577
2 7 3.691487 51.244512
3 8 8.308703 6.324555
4 9 8.057825 69.354164
5 8 3.238248 79.605276
6 9 3.867229 6.708204
7 9 7.516999 25.298221
