10 10 46097 360 993 998 1 20
13 81 30.055646 25.445086
80 78 51.324366 43.618977
22 73 5.857156 5.926842
85 16 43.228661 39.844621
50 19 53.960294 45.549656
8 50 27.030892 28.341202
73 85 12.259414 13.255402
71 58 1.020817 1.026644
79 14 3.030079 2.987436
79 82 49.070852 44.719144
0 2 41.096866 12.041595
1 9 45.571845 4.123106
1 6 41.840960 9.899495
2 8 49.129161 82.036577
2 7 45.608934 51.244512
3 8 41.378475 6.324555
4 9 47.554533 69.354164
5 8 48.334623 79.605276
6 9 47.367666 6.708204
7 9 46.209976 25.298221
