9 11 31400 2699 94 8 0 20
34 60 39.978026 48.838268
68 1 6.798531 6.639799
84 62 42.806783 40.505023
43 75 7.478746 7.977142
39 61 13.271534 16.200959
35 58 17.379386 15.583859
36 66 10.567906 12.043521
66 28 17.854567 15.605167
48 43 10.115654 11.547931
0 5 21.619042 2.236068
0 4 19.382943 5.099020
1 4 18.569855 66.640828
1 2 24.127007 63.063460
2 8 20.434428 40.706265
2 4 21.808539 45.011110
3 8 23.419514 32.388269
3 5 20.998813 18.788294
4 7 20.644130 42.638011
5 7 24.055116 43.139309
5 6 18.278399 8.062258
