10 10 34000 1886 42 6 0.000100 20
13 81 3.136153 2.835581
80 78 3.572997 3.804839
22 73 1.602609 1.481510
85 16 9.904074 10.956650
50 19 46.499742 39.922407
8 50 23.142893 21.717919
73 85 6.179168 7.320983
71 58 9.819185 8.925670
79 14 51.561966 47.225343
79 82 16.055554 15.280561
0 2 2.859193 12.041595
1 9 7.959982 4.123106
1 6 1.709903 9.899495
2 8 3.153647 82.036577
2 7 3.519812 51.244512
3 8 0.615165 6.324555
4 9 3.343040 69.354164
5 8 7.515078 79.605276
6 9 5.165021 6.708204
7 9 5.223946 25.298221
