10 10 40186 2860 96 7 0.000100 20
13 81 36.030191 35.600964
80 78 48.046566 49.629115
22 73 33.851125 28.722937
85 16 27.968936 24.039111
50 19 32.781822 39.622739
8 50 11.863217 14.647042
73 85 23.146419 19.771538
71 58 21.254165 26.121161
79 14 50.706903 42.274093
79 82 12.682483 13.144759
0 2 24.450960 12.041595
1 9 17.589614 4.123106
1 6 21.898536 9.899495
2 8 24.603586 82.036577
2 7 24.226363 51.244512
3 8 16.028219 6.324555
4 9 17.310518 69.354164
5 8 20.099451 79.605276
6 9 15.933466 6.708204
7 9 23.870391 25.298221
