10 10 26235 609 199 46 0 20
13 81 42.305096 37.213175
80 78 48.520128 49.298033
22 73 12.696649 13.911574
85 16 49.183461 44.346729
50 19 10.139408 10.019415
8 50 25.156192 28.229520
73 85 43.524922 37.312980
71 58 11.001795 11.264855
79 14 31.163786 28.580280
79 82 49.386818 48.562429
0 2 38.236421 12.041595
1 9 43.421900 4.123106
1 6 40.674806 9.899495
2 8 43.048142 82.036577
2 7 35.367312 51.244512
3 8 44.153770 6.324555
4 9 41.650450 69.354164
5 8 36.168783 79.605276
6 9 43.635531 6.708204
7 9 43.861992 25.298221
