9 11 31875 593 144 26 0 20
34 60 4.462857 4.661336
68 1 20.600064 21.865823
84 62 51.668257 47.900258
43 75 15.116179 17.640045
39 61 27.421890 30.691079
35 58 27.151017 24.503207
36 66 6.225280 6.418587
66 28 3.091635 3.009746
48 43 32.096187 28.518784
0 5 7.748932 2.236068
0 4 4.032174 5.099020
1 4 8.894191 66.640828
1 2 7.813915 63.063460
2 8 4.204045 40.706265
2 4 3.553052 45.011110
3 8 2.728223 32.388269
3 5 9.911068 18.788294
4 7 0.733127 42.638011
5 7 6.146505 43.139309
5 6 2.375528 8.062258
