9 11 44181 459 999 997 1 20
34 60 39.382046 44.847192
68 1 43.774235 45.094909
84 62 38.309586 46.844447
43 75 21.919437 20.600595
39 61 48.712625 47.608279
35 58 36.675789 33.361185
36 66 33.888514 33.885233
66 28 29.897277 35.146961
48 43 4.306431 5.214566
0 5 8.191106 2.236068
0 4 6.570603 5.099020
1 4 9.580817 66.640828
1 2 3.536499 63.063460
2 8 2.378410 40.706265
2 4 7.796511 45.011110
3 8 0.840304 32.388269
3 5 3.331502 18.788294
4 7 0.940254 42.638011
5 7 1.395727 43.139309
5 6 9.123769 8.062258
