10 10 33684 1038 146 29 0 20
13 81 35.506550 37.049382
80 78 38.384110 42.668104
22 73 54.357759 45.944531
85 16 17.102702 20.174635
50 19 20.670708 17.942033
8 50 9.899337 9.361140
73 85 28.675543 32.636177
71 58 11.295421 10.212983
79 14 15.233645 15.689108
79 82 52.424536 44.557392
0 2 3.174141 12.041595
1 9 8.356892 4.123106
1 6 3.674432 9.899495
2 8 1.686023 82.036577
2 7 0.578637 51.244512
3 8 7.173418 6.324555
4 9 1.086132 69.354164
5 8 3.066437 79.605276
6 9 2.178406 6.708204
7 9 1.683228 25.298221
