9 11 32186 327 193 47 0 20
34 60 5.073289 4.898806
68 1 43.403500 39.943210
84 62 45.293523 39.401650
43 75 20.686980 20.686374
39 61 16.595097 18.440693
35 58 20.946093 19.114373
36 66 24.057590 22.615206
66 28 13.605987 15.622766
48 43 1.219300 1.119616
0 5 43.835191 2.236068
0 4 35.339326 5.099020
1 4 44.624373 66.640828
1 2 41.027731 63.063460
2 8 40.888527 40.706265
2 4 43.710712 45.011110
3 8 36.249876 32.388269
3 5 42.962651 18.788294
4 7 44.689534 42.638011
5 7 37.471052 43.139309
5 6 40.294941 8.062258
