9 11 41821 406 95 8 0.001000 20
34 60 2.844557 3.255062
68 1 19.915947 24.286866
84 62 9.288046 11.171678
43 75 23.797087 21.923402
39 61 17.342063 15.542094
35 58 19.596892 19.228500
36 66 47.723061 47.648648
66 28 32.969430 30.207802
48 43 22.906850 22.220017
0 5 16.130073 2.236068
0 4 18.531276 5.099020
1 4 22.210659 66.640828
1 2 20.180494 63.063460
2 8 23.712917 40.706265
2 4 22.285782 45.011110
3 8 22.073085 32.388269
3 5 15.906763 18.788294
4 7 22.821669 42.638011
5 7 22.843774 43.139309
5 6 17.649327 8.062258
