9 11 35560 346 198 49 0 20
34 60 6.354785 6.668886
68 1 25.392594 28.555155
84 62 31.934517 37.662073
43 75 32.002330 28.406817
39 61 1.616067 1.877392
35 58 15.990919 14.018359
36 66 0.871809 0.833191
66 28 7.937081 6.721777
48 43 2.775243 2.395379
0 5 38.805330 2.236068
0 4 39.366801 5.099020
1 4 39.858850 66.640828
1 2 43.972727 63.063460
2 8 38.294802 40.706265
2 4 43.648517 45.011110
3 8 35.825617 32.388269
3 5 42.779496 18.788294
4 7 43.898811 42.638011
5 7 41.719056 43.139309
5 6 37.495520 8.062258
