10 10 46463 1208 990 996 1 20
13 81 32.206667 34.162392
80 78 36.341213 32.946338
22 73 25.796466 28.239832
85 16 25.856990 29.142935
50 19 1.001896 1.016850
8 50 27.173241 26.359171
73 85 44.014701 37.831826
71 58 29.944957 25.932396
79 14 34.526589 28.899292
79 82 3.815834 3.567439
0 2 6.720059 12.041595
1 9 5.738525 4.123106
1 6 0.670764 9.899495
2 8 9.138114 82.036577
2 7 0.795797 51.244512
3 8 3.582321 6.324555
4 9 0.945891 69.354164
5 8 5.582593 79.605276
6 9 5.927478 6.708204
7 9 4.385061 25.298221
