10 10 35224 514 96 6 0.001000 20
13 81 1.433394 1.270593
80 78 14.902536 13.179137
22 73 0.239174 0.205836
85 16 2.410001 2.909209
50 19 55.132213 47.770299
8 50 30.552706 37.411433
73 85 13.486733 14.402037
71 58 29.458683 32.173327
79 14 6.906809 5.966670
79 82 21.485782 22.962051
0 2 20.377111 12.041595
1 9 23.550762 4.123106
1 6 19.618862 9.899495
2 8 20.768257 82.036577
2 7 16.988738 51.244512
3 8 19.336123 6.324555
4 9 24.875343 69.354164
5 8 24.590493 79.605276
6 9 15.680183 6.708204
7 9 16.660772 25.298221
