10 10 23594 1141 147 25 0.010000 20
13 81 4.431542 3.925614
80 78 31.850752 27.028532
22 73 6.048553 7.365215
85 16 8.466410 8.841207
50 19 1.027921 0.991392
8 50 4.008728 4.639662
73 85 53.735224 45.754744
71 58 1.960507 1.696847
79 14 2.110987 2.176051
79 82 6.850674 6.504276
0 2 1.084574 12.041595
1 9 6.868503 4.123106
1 6 9.822695 9.899495
2 8 2.206210 82.036577
2 7 0.875630 51.244512
3 8 8.858110 6.324555
4 9 7.734502 69.354164
5 8 1.245341 79.605276
6 9 3.051344 6.708204
7 9 5.337146 25.298221
