9 11 29400 1333 195 47 0.010000 20
34 60 32.150638 32.853636
68 1 44.529288 39.072610
84 62 33.843667 28.567793
43 75 8.218661 9.082986
39 61 45.418129 38.627617
35 58 43.299853 47.053505
36 66 24.941356 24.848881
66 28 19.687249 21.262598
48 43 29.704123 33.758173
0 5 41.733698 2.236068
0 4 39.053287 5.099020
1 4 42.082567 66.640828
1 2 42.607651 63.063460
2 8 43.358980 40.706265
2 4 44.180549 45.011110
3 8 39.904206 32.388269
3 5 38.411286 18.788294
4 7 36.257252 42.638011
5 7 44.465147 43.139309
5 6 36.917224 8.062258
