10 10 34560 562 998 997 1 20
13 81 33.746787 35.493801
80 78 29.023799 27.337000
22 73 11.159723 9.329336
85 16 43.715354 49.833108
50 19 38.088917 36.676038
8 50 49.984606 41.748320
73 85 21.053409 20.630581
71 58 9.837960 9.998871
79 14 14.835344 16.384373
79 82 17.783620 19.176864
0 2 41.716033 12.041595
1 9 42.467508 4.123106
1 6 43.595400 9.899495
2 8 47.806118 82.036577
2 7 49.731346 51.244512
3 8 45.881661 6.324555
4 9 43.362537 69.354164
5 8 46.541381 79.605276
6 9 48.652972 6.708204
7 9 47.242442 25.298221
