9 11 45729 720 993 997 1 20
34 60 20.681184 22.009553
68 1 9.902444 8.444347
84 62 1.508093 1.838991
43 75 14.161146 14.802379
39 61 44.316229 43.386151
35 58 27.783177 26.421349
36 66 40.237768 34.290989
66 28 11.086552 12.469797
48 43 32.110322 35.699057
0 5 47.964409 2.236068
0 4 43.987179 5.099020
1 4 46.059247 66.640828
1 2 45.859329 63.063460
2 8 48.086615 40.706265
2 4 41.534643 45.011110
3 8 41.907917 32.388269
3 5 44.351232 18.788294
4 7 44.979722 42.638011
5 7 45.359697 43.139309
5 6 42.916382 8.062258
