9 11 26860 496 995 995 1.000000 20
34 60 39.093643 41.832681
68 1 44.803340 44.061707
84 62 7.171422 6.364783
43 75 36.029677 42.421417
39 61 36.808601 33.341367
35 58 45.953685 45.066700
36 66 37.150893 37.772543
66 28 5.802103 5.571664
48 43 2.911115 2.607348
0 5 6.104440 2.236068
0 4 2.969849 5.099020
1 4 5.176124 66.640828
1 2 7.226321 63.063460
2 8 1.159419 40.706265
2 4 7.349946 45.011110
3 8 3.006384 32.388269
3 5 2.727096 18.788294
4 7 7.322576 42.638011
5 7 3.861050 43.139309
5 6 0.455833 8.062258
