9 11 28588 316 993 997 1 20
34 60 32.866407 30.512144
68 1 18.294683 17.551015
84 62 1.555241 1.878635
43 75 41.110379 40.493665
39 61 13.895696 13.544164
35 58 13.613378 14.308421
36 66 17.689274 14.919591
66 28 23.013967 19.515662
48 43 41.882146 35.449202
0 5 6.089439 2.236068
0 4 1.030083 5.099020
1 4 4.208065 66.640828
1 2 4.563716 63.063460
2 8 7.438921 40.706265
2 4 4.824113 45.011110
3 8 3.404113 32.388269
3 5 4.382783 18.788294
4 7 8.543680 42.638011
5 7 2.186130 43.139309
5 6 7.256521 8.062258
