10 10 26800 4512 193 47 0.010000 20
13 81 47.302945 49.558034
80 78 28.930258 27.387545
22 73 46.636902 40.709065
85 16 5.999825 5.063336
50 19 40.106421 46.865902
8 50 12.733358 11.696023
73 85 38.447736 44.728940
71 58 53.095026 47.964680
79 14 2.737536 2.673251
79 82 26.443176 22.228596
0 2 41.948434 12.041595
1 9 40.642450 4.123106
1 6 40.050891 9.899495
2 8 38.178948 82.036577
2 7 36.837061 51.244512
3 8 36.453089 6.324555
4 9 41.656924 69.354164
5 8 39.348097 79.605276
6 9 37.660479 6.708204
7 9 43.744092 25.298221
