10 10 2318 2898 192 49 0.010000 20
13 81 39.117662 45.886650
80 78 23.793022 28.814789
22 73 25.615408 22.941578
85 16 5.966058 6.966265
50 19 2.651135 2.367451
8 50 49.315606 44.270887
73 85 29.874911 28.419312
71 58 15.072152 16.003145
79 14 13.507276 11.931456
79 82 38.357454 34.476943
0 2 44.165799 12.041595
1 9 43.868806 4.123106
1 6 38.433886 9.899495
2 8 41.051792 82.036577
2 7 44.921253 51.244512
3 8 35.036294 6.324555
4 9 41.225205 69.354164
5 8 39.765314 79.605276
6 9 43.707266 6.708204
7 9 44.891779 25.298221
