9 11 46282 1654 991 999 1.000000 20
34 60 57.524596 49.422381
68 1 53.294600 46.407791
84 62 10.649893 11.950523
43 75 33.278189 37.287827
39 61 25.802348 28.657798
35 58 48.327994 45.104681
36 66 27.455590 23.720112
66 28 22.397001 20.052366
48 43 30.508576 36.052239
0 5 7.064248 2.236068
0 4 9.899454 5.099020
1 4 1.501232 66.640828
1 2 9.646566 63.063460
2 8 8.621005 40.706265
2 4 5.782442 45.011110
3 8 4.015705 32.388269
3 5 0.594574 18.788294
4 7 4.842908 42.638011
5 7 6.428293 43.139309
5 6 2.073915 8.062258
