10 10 49612 308 143 28 0 20
13 81 38.295676 47.552371
80 78 12.843782 13.588069
22 73 38.241414 46.736098
85 16 2.662405 2.811768
50 19 10.866386 10.326802
8 50 47.694633 43.131927
73 85 46.234355 41.825237
71 58 18.269465 19.351367
79 14 2.328163 2.346035
79 82 19.100492 16.690557
0 2 5.258476 12.041595
1 9 6.479880 4.123106
1 6 1.952293 9.899495
2 8 1.808800 82.036577
2 7 0.726348 51.244512
3 8 0.534304 6.324555
4 9 7.794709 69.354164
5 8 8.126061 79.605276
6 9 2.561340 6.708204
7 9 9.442588 25.298221
