9 11 27200 1153 47 6 0.001000 20
34 60 6.580499 7.441365
68 1 24.254869 22.367597
84 62 4.339941 3.819463
43 75 20.582400 19.250041
39 61 39.018441 33.663422
35 58 12.621215 13.865662
36 66 12.615229 14.488970
66 28 7.325092 7.488942
48 43 24.250162 27.581171
0 5 7.895187 2.236068
0 4 5.828540 5.099020
1 4 7.743607 66.640828
1 2 9.673143 63.063460
2 8 1.165492 40.706265
2 4 9.280493 45.011110
3 8 0.924558 32.388269
3 5 1.649313 18.788294
4 7 0.658239 42.638011
5 7 4.742939 43.139309
5 6 2.049470 8.062258
