10 10 27425 1054 998 997 1.000000 20
13 81 3.486974 3.526486
80 78 41.155973 49.926766
22 73 18.651751 19.142646
85 16 14.212503 14.496062
50 19 5.052320 5.854622
8 50 34.280871 35.143488
73 85 5.537552 5.001984
71 58 36.058490 30.833842
79 14 43.265443 46.928156
79 82 38.231683 39.311567
0 2 5.674390 12.041595
1 9 0.937492 4.123106
1 6 6.445563 9.899495
2 8 0.016200 82.036577
2 7 3.118227 51.244512
3 8 4.965851 6.324555
4 9 1.553881 69.354164
5 8 3.178389 79.605276
6 9 8.738859 6.708204
7 9 6.183952 25.298221
