9 11 43944 702 99 5 0 20
34 60 35.121017 39.508695
68 1 4.111939 5.036757
84 62 12.506585 10.974093
43 75 34.747958 37.502374
39 61 36.320212 42.808983
35 58 7.066083 8.755572
36 66 27.960137 33.758566
66 28 24.083531 29.397785
48 43 10.596628 11.745328
0 5 23.626326 2.236068
0 4 15.975392 5.099020
1 4 16.780298 66.640828
1 2 20.499054 63.063460
2 8 16.959380 40.706265
2 4 24.031903 45.011110
3 8 22.891419 32.388269
3 5 23.173184 18.788294
4 7 21.177370 42.638011
5 7 15.236614 43.139309
5 6 17.995014 8.062258
