10 10 27550 2663 142 28 0.010000 20
13 81 30.480095 26.164429
80 78 48.267590 46.677808
22 73 13.264782 14.584716
85 16 21.284232 21.368235
50 19 10.379748 9.142671
8 50 40.696472 34.271216
73 85 26.812682 30.993005
71 58 22.447382 24.704243
79 14 1.501369 1.339796
79 82 45.550702 39.944165
0 2 8.012698 12.041595
1 9 8.582061 4.123106
1 6 6.664688 9.899495
2 8 7.067194 82.036577
2 7 3.998781 51.244512
3 8 2.797304 6.324555
4 9 9.714076 69.354164
5 8 2.031898 79.605276
6 9 9.124417 6.708204
7 9 6.097917 25.298221
