9 11 41770 369 190 49 0 20
34 60 3.180346 3.010550
68 1 3.660380 3.181859
84 62 33.851358 34.181455
43 75 20.402908 18.698209
39 61 27.686468 34.339333
35 58 12.311050 14.773771
36 66 41.786164 36.222819
66 28 27.167930 33.641339
48 43 46.011455 39.065953
0 5 39.591476 2.236068
0 4 44.535541 5.099020
1 4 41.719308 66.640828
1 2 35.612096 63.063460
2 8 40.124245 40.706265
2 4 39.156293 45.011110
3 8 39.485056 32.388269
3 5 37.417059 18.788294
4 7 44.859542 42.638011
5 7 37.011604 43.139309
5 6 36.753721 8.062258
