9 11 35959 1709 194 47 0.010000 20
34 60 53.815245 47.069136
68 1 25.815064 24.895792
84 62 43.707172 38.593000
43 75 31.678843 38.134346
39 61 49.040544 43.353230
35 58 12.972783 11.978084
36 66 25.665831 29.089733
66 28 4.821708 4.271935
48 43 39.395015 44.374435
0 5 35.730651 2.236068
0 4 44.748849 5.099020
1 4 39.908075 66.640828
1 2 37.371642 63.063460
2 8 44.800649 40.706265
2 4 44.545218 45.011110
3 8 38.494701 32.388269
3 5 42.576337 18.788294
4 7 44.734098 42.638011
5 7 38.794319 43.139309
5 6 42.026264 8.062258
