10 10 48357 590 994 998 1.000000 20
13 81 3.757303 3.395414
80 78 10.716512 10.773930
22 73 28.508009 28.586786
85 16 5.889591 6.625592
50 19 6.023050 6.638993
8 50 5.628077 5.328071
73 85 1.833788 1.586955
71 58 19.740504 17.881054
79 14 0.222145 0.206037
79 82 45.369857 38.279716
0 2 7.162448 12.041595
1 9 6.903513 4.123106
1 6 0.545211 9.899495
2 8 1.517993 82.036577
2 7 2.269033 51.244512
3 8 5.553485 6.324555
4 9 9.707572 69.354164
5 8 6.943846 79.605276
6 9 3.625410 6.708204
7 9 1.449032 25.298221
