9 11 29500 252 997 998 1.000000 20
34 60 3.079574 3.546692
68 1 51.732852 48.589637
84 62 6.827475 7.917356
43 75 25.413870 30.934565
39 61 31.736766 29.283128
35 58 26.073239 25.785779
36 66 27.604510 24.120187
66 28 2.829347 3.144367
48 43 1.522323 1.277113
0 5 2.100819 2.236068
0 4 2.114592 5.099020
1 4 3.888408 66.640828
1 2 2.468661 63.063460
2 8 7.197204 40.706265
2 4 7.002950 45.011110
3 8 7.530121 32.388269
3 5 5.884828 18.788294
4 7 8.712897 42.638011
5 7 3.261530 43.139309
5 6 6.527172 8.062258
