10 10 33234 600 141 27 0.001000 20
13 81 2.305987 2.655025
80 78 9.080015 9.383853
22 73 9.443931 8.615472
85 16 8.061181 7.081891
50 19 24.790700 21.494419
8 50 4.390733 4.123820
73 85 37.072216 45.787749
71 58 30.169981 34.633711
79 14 31.979913 33.744509
79 82 36.060975 40.880212
0 2 7.528999 12.041595
1 9 4.663716 4.123106
1 6 1.961427 9.899495
2 8 6.447556 82.036577
2 7 6.740659 51.244512
3 8 3.208832 6.324555
4 9 1.702272 69.354164
5 8 9.402147 79.605276
6 9 7.664413 6.708204
7 9 9.020491 25.298221
