10 10 3142 1731 40 5 0.000100 20
13 81 23.536460 20.334266
80 78 4.369613 4.856362
22 73 2.805604 2.445135
85 16 41.827581 34.882358
50 19 37.483753 42.400161
8 50 35.531436 31.676954
73 85 14.614525 15.927419
71 58 17.551446 15.670407
79 14 42.629686 37.373308
79 82 34.706139 34.491449
0 2 2.325862 12.041595
1 9 5.603782 4.123106
1 6 2.432456 9.899495
2 8 0.284309 82.036577
2 7 3.416118 51.244512
3 8 4.801711 6.324555
4 9 2.771062 69.354164
5 8 8.652462 79.605276
6 9 7.558363 6.708204
7 9 1.664687 25.298221
