10 10 4677 308 991 996 1.000000 20
13 81 4.336832 5.109033
80 78 3.786112 3.438475
22 73 13.310965 12.574935
85 16 36.104207 38.516275
50 19 26.062340 26.131939
8 50 16.370891 15.160083
73 85 15.972466 17.736104
71 58 26.887555 23.665751
79 14 23.944685 27.260309
79 82 43.748275 40.201706
0 2 1.817231 12.041595
1 9 7.811870 4.123106
1 6 2.447216 9.899495
2 8 0.339909 82.036577
2 7 8.484159 51.244512
3 8 3.004386 6.324555
4 9 4.571985 69.354164
5 8 3.225124 79.605276
6 9 0.367286 6.708204
7 9 2.016053 25.298221
