10 10 66 289 41 7 0.001000 20
13 81 11.367798 12.022457
80 78 48.839845 48.898942
22 73 19.835252 24.315626
85 16 14.254593 16.785655
50 19 42.330872 49.730674
8 50 28.386272 27.716003
73 85 2.534857 2.514857
71 58 37.379670 39.355049
79 14 36.399204 32.294900
79 82 5.759651 6.239298
0 2 6.266050 12.041595
1 9 2.017341 4.123106
1 6 0.000140 9.899495
2 8 1.573157 82.036577
2 7 4.024097 51.244512
3 8 4.231229 6.324555
4 9 1.891247 69.354164
5 8 3.498174 79.605276
6 9 8.494916 6.708204
7 9 5.553795 25.298221
