10 10 27250 368 995 995 1 20
13 81 22.843800 25.236617
80 78 34.600087 33.066731
22 73 43.906525 49.335419
85 16 5.060455 4.664118
50 19 16.960018 14.324736
8 50 51.780453 49.222516
73 85 35.035451 33.906170
71 58 10.954046 10.224180
79 14 13.853426 15.987575
79 82 34.864014 37.486337
0 2 49.373188 12.041595
1 9 49.635026 4.123106
1 6 46.982904 9.899495
2 8 45.997063 82.036577
2 7 46.764222 51.244512
3 8 42.331105 6.324555
4 9 40.642395 69.354164
5 8 48.067823 79.605276
6 9 48.839237 6.708204
7 9 47.772708 25.298221
