9 11 45062 292 140 26 0 20
34 60 40.341418 45.990947
68 1 15.126527 17.886038
84 62 14.309486 12.801904
43 75 49.885400 47.402883
39 61 6.812387 8.166809
35 58 27.210591 29.154592
36 66 31.580314 29.482054
66 28 36.207156 44.691909
48 43 18.831507 20.964123
0 5 5.892417 2.236068
0 4 2.558775 5.099020
1 4 9.201893 66.640828
1 2 2.506948 63.063460
2 8 2.308206 40.706265
2 4 7.887383 45.011110
3 8 1.733199 32.388269
3 5 2.944387 18.788294
4 7 1.215715 42.638011
5 7 0.646427 43.139309
5 6 5.494859 8.062258
