9 11 45187 1049 96 7 0 20
34 60 24.329344 20.529625
68 1 51.803696 46.333984
84 62 43.232385 36.631991
43 75 2.853769 2.387385
39 61 10.827208 11.174875
35 58 2.560090 3.129024
36 66 12.544940 12.034188
66 28 28.839755 30.624820
48 43 32.300237 39.157089
0 5 17.127103 2.236068
0 4 19.322498 5.099020
1 4 21.962375 66.640828
1 2 22.017445 63.063460
2 8 18.655316 40.706265
2 4 23.234657 45.011110
3 8 22.822967 32.388269
3 5 18.878000 18.788294
4 7 21.388631 42.638011
5 7 15.430085 43.139309
5 6 24.570662 8.062258
