9 11 3794 991 48 7 0.001000 20
34 60 20.009946 22.179743
68 1 4.345580 4.344236
84 62 0.346573 0.357956
43 75 24.664689 24.972851
39 61 3.399352 2.864229
35 58 27.622360 31.773614
36 66 2.115667 2.566523
66 28 39.591207 47.339799
48 43 36.921806 38.476774
0 5 5.076815 2.236068
0 4 4.147199 5.099020
1 4 8.466451 66.640828
1 2 1.326765 63.063460
2 8 9.952742 40.706265
2 4 2.220179 45.011110
3 8 6.395082 32.388269
3 5 8.524662 18.788294
4 7 7.839924 42.638011
5 7 8.269118 43.139309
5 6 0.740529 8.062258
