10 10 45600 521 94 7 0.001000 20
13 81 8.767363 9.405607
80 78 44.912531 46.763039
22 73 2.870157 2.847179
85 16 9.178059 9.743194
50 19 18.046113 19.948382
8 50 29.281259 25.099036
73 85 26.008830 30.534495
71 58 34.669401 39.612706
79 14 32.238901 37.368919
79 82 1.657706 1.643677
0 2 16.451899 12.041595
1 9 24.647971 4.123106
1 6 23.279184 9.899495
2 8 22.646169 82.036577
2 7 16.885435 51.244512
3 8 23.886799 6.324555
4 9 20.455883 69.354164
5 8 17.997418 79.605276
6 9 18.102064 6.708204
7 9 21.581300 25.298221
