9 11 34243 1313 992 995 1.000000 20
34 60 6.706657 6.302918
68 1 18.831538 15.975868
84 62 40.670679 34.254678
43 75 53.539797 48.826532
39 61 25.060168 22.864573
35 58 6.362600 7.224215
36 66 16.825020 14.946639
66 28 12.544887 13.487776
48 43 16.743028 15.236895
0 5 0.589051 2.236068
0 4 3.481867 5.099020
1 4 5.153066 66.640828
1 2 7.000010 63.063460
2 8 7.424074 40.706265
2 4 0.359188 45.011110
3 8 1.814514 32.388269
3 5 3.659396 18.788294
4 7 2.032529 42.638011
5 7 1.292191 43.139309
5 6 3.447259 8.062258
