9 11 25842 283 999 999 1.000000 20
34 60 30.503921 37.534055
68 1 2.324091 2.285383
84 62 8.558065 9.534096
43 75 33.727118 32.110798
39 61 36.973905 33.392683
35 58 40.622051 47.120128
36 66 49.520500 46.384213
66 28 0.870685 0.948296
48 43 15.672328 19.087546
0 5 7.742466 2.236068
0 4 4.446072 5.099020
1 4 8.501964 66.640828
1 2 8.407589 63.063460
2 8 4.819783 40.706265
2 4 7.459616 45.011110
3 8 1.726566 32.388269
3 5 9.843633 18.788294
4 7 7.334882 42.638011
5 7 2.336334 43.139309
5 6 8.113723 8.062258
