10 10 24463 414 47 5 0.001000 20
13 81 25.977348 24.595951
80 78 9.127371 7.845665
22 73 55.086485 48.748246
85 16 14.245516 14.792692
50 19 27.717662 31.513422
8 50 25.481882 23.168074
73 85 4.081586 3.745672
71 58 43.969225 40.850585
79 14 1.416854 1.214254
79 82 3.719085 4.328494
0 2 9.581283 12.041595
1 9 3.095165 4.123106
1 6 3.457614 9.899495
2 8 3.727816 82.036577
2 7 1.703795 51.244512
3 8 4.738391 6.324555
4 9 8.230077 69.354164
5 8 1.575947 79.605276
6 9 4.907366 6.708204
7 9 3.119788 25.298221
