10 10 36238 952 991 996 1.000000 20
13 81 25.400415 28.480558
80 78 41.402220 49.944725
22 73 45.643755 48.002840
85 16 12.965206 10.950018
50 19 7.660446 8.502368
8 50 18.446894 18.236580
73 85 6.645202 6.319007
71 58 1.493117 1.637647
79 14 21.849232 20.228663
79 82 46.930540 41.007297
0 2 40.446908 12.041595
1 9 49.279546 4.123106
1 6 42.254389 9.899495
2 8 42.016576 82.036577
2 7 47.597576 51.244512
3 8 43.392592 6.324555
4 9 43.079842 69.354164
5 8 43.682568 79.605276
6 9 44.891261 6.708204
7 9 48.588004 25.298221
