10 10 46195 1170 193 46 0 20
13 81 17.198063 21.221091
80 78 39.488090 37.458475
22 73 20.443210 20.511802
85 16 36.640961 39.909348
50 19 8.554436 8.447276
8 50 12.521906 14.440407
73 85 54.205902 48.017996
71 58 27.207533 28.018271
79 14 26.749312 23.564879
79 82 19.312336 21.224596
0 2 40.452464 12.041595
1 9 40.762389 4.123106
1 6 40.182459 9.899495
2 8 41.259273 82.036577
2 7 43.237046 51.244512
3 8 42.488946 6.324555
4 9 42.790465 69.354164
5 8 37.281793 79.605276
6 9 39.803214 6.708204
7 9 42.612459 25.298221
