10 10 25815 937 96 7 0.000100 20
13 81 52.522362 48.605595
80 78 36.034613 36.690746
22 73 39.040936 43.251756
85 16 8.544429 10.112169
50 19 32.928356 28.822872
8 50 39.539301 38.124340
73 85 11.451578 10.766329
71 58 14.104857 15.505616
79 14 3.587565 3.717015
79 82 33.790060 37.439001
0 2 19.010793 12.041595
1 9 15.735923 4.123106
1 6 15.763514 9.899495
2 8 20.900801 82.036577
2 7 21.952604 51.244512
3 8 21.866444 6.324555
4 9 15.980850 69.354164
5 8 19.903568 79.605276
6 9 22.081743 6.708204
7 9 23.654505 25.298221
