10 10 47650 261 990 999 1 20
13 81 1.438102 1.746585
80 78 12.716865 15.419677
22 73 6.111829 6.540166
85 16 19.330993 23.241402
50 19 4.344681 3.996864
8 50 12.612294 13.425471
73 85 26.045042 31.094643
71 58 33.694869 41.315843
79 14 36.199462 34.051308
79 82 15.088105 13.067491
0 2 5.701547 12.041595
1 9 0.525777 4.123106
1 6 3.912767 9.899495
2 8 9.804143 82.036577
2 7 3.401799 51.244512
3 8 1.321978 6.324555
4 9 1.338232 69.354164
5 8 5.691893 79.605276
6 9 2.277683 6.708204
7 9 9.811920 25.298221
