9 11 26620 597 994 998 1.000000 20
34 60 34.584074 39.084998
68 1 18.872748 16.110302
84 62 32.875035 39.235043
43 75 6.208736 6.193496
39 61 8.818157 8.008601
35 58 30.588079 33.624584
36 66 5.273082 6.245451
66 28 41.340642 35.500818
48 43 8.349877 9.302912
0 5 6.994750 2.236068
0 4 4.843387 5.099020
1 4 1.745032 66.640828
1 2 2.333728 63.063460
2 8 3.068290 40.706265
2 4 2.520195 45.011110
3 8 1.503262 32.388269
3 5 8.930427 18.788294
4 7 1.556493 42.638011
5 7 1.965479 43.139309
5 6 8.431880 8.062258
