10 10 43289 422 142 25 0.010000 20
13 81 29.256372 29.345349
80 78 37.046848 31.971709
22 73 18.757307 21.313308
85 16 42.300299 37.758421
50 19 12.943025 11.491916
8 50 26.280596 23.885565
73 85 7.444378 7.478176
71 58 4.052930 3.807630
79 14 19.904535 24.016062
79 82 16.259228 15.233795
0 2 6.747822 12.041595
1 9 8.282995 4.123106
1 6 3.855515 9.899495
2 8 3.424742 82.036577
2 7 9.605185 51.244512
3 8 6.905533 6.324555
4 9 7.002560 69.354164
5 8 8.445825 79.605276
6 9 2.176252 6.708204
7 9 0.606713 25.298221
