10 10 27886 481 96 5 0.000100 20
13 81 32.119325 33.216950
80 78 20.192812 17.238122
22 73 7.367660 6.825492
85 16 45.592027 38.425750
50 19 43.256758 46.082702
8 50 17.762953 19.773668
73 85 28.198875 23.534616
71 58 43.104968 42.491411
79 14 30.615203 25.589784
79 82 17.709068 20.505562
0 2 22.501645 12.041595
1 9 18.562348 4.123106
1 6 18.033447 9.899495
2 8 16.549177 82.036577
2 7 20.677318 51.244512
3 8 19.470741 6.324555
4 9 23.901026 69.354164
5 8 21.592187 79.605276
6 9 22.757322 6.708204
7 9 24.134100 25.298221
