9 11 32767 964 197 48 0 20
34 60 30.459381 34.802215
68 1 17.683672 18.609897
84 62 26.782952 22.521794
43 75 22.702692 27.668307
39 61 20.213019 21.006750
35 58 47.715015 47.210474
36 66 15.157499 15.910647
66 28 11.267299 13.632644
48 43 6.067025 6.837708
0 5 39.471661 2.236068
0 4 41.951690 5.099020
1 4 44.476788 66.640828
1 2 36.563497 63.063460
2 8 38.762742 40.706265
2 4 44.273683 45.011110
3 8 37.219559 32.388269
3 5 38.677081 18.788294
4 7 44.419669 42.638011
5 7 39.722910 43.139309
5 6 42.374868 8.062258
