10 10 34567 466 96 5 0.000100 20
13 81 22.361445 20.058530
80 78 2.662021 3.252953
22 73 34.984558 29.159719
85 16 19.511262 20.330220
50 19 40.916737 40.005532
8 50 29.708772 26.685149
73 85 39.918278 48.900033
71 58 11.676283 11.555772
79 14 39.345019 33.951848
79 82 19.576400 22.658769
0 2 17.049322 12.041595
1 9 15.539839 4.123106
1 6 20.002047 9.899495
2 8 22.328182 82.036577
2 7 17.849218 51.244512
3 8 19.957006 6.324555
4 9 20.857924 69.354164
5 8 16.771346 79.605276
6 9 19.001148 6.708204
7 9 18.105962 25.298221
