9 11 49489 693 995 996 1 20
34 60 21.084633 18.404018
68 1 26.961182 28.397412
84 62 37.377703 36.140521
43 75 36.620676 35.180430
39 61 31.855900 36.548676
35 58 4.318314 4.962285
36 66 11.141106 13.916552
66 28 48.289234 47.463332
48 43 43.635945 41.512052
0 5 40.993234 2.236068
0 4 41.577473 5.099020
1 4 43.149557 66.640828
1 2 43.428387 63.063460
2 8 45.905911 40.706265
2 4 43.504800 45.011110
3 8 43.944125 32.388269
3 5 46.992705 18.788294
4 7 46.704420 42.638011
5 7 46.273811 43.139309
5 6 40.103617 8.062258
