10 10 44189 382 94 5 0.001000 20
13 81 14.545592 14.983987
80 78 34.787423 34.333969
22 73 59.118459 49.805978
85 16 26.937356 28.186207
50 19 51.102556 44.078952
8 50 32.579754 35.452587
73 85 30.296106 26.000214
71 58 44.680496 40.586525
79 14 11.812406 11.443162
79 82 48.239990 45.557611
0 2 20.236633 12.041595
1 9 24.186151 4.123106
1 6 20.853580 9.899495
2 8 20.116948 82.036577
2 7 15.318870 51.244512
3 8 16.876834 6.324555
4 9 20.309261 69.354164
5 8 19.936704 79.605276
6 9 22.298012 6.708204
7 9 22.326345 25.298221
