10 10 48135 2239 193 49 0 20
13 81 49.027272 48.298779
80 78 7.368431 8.979111
22 73 33.941674 28.986782
85 16 23.775392 27.863435
50 19 14.781287 13.589821
8 50 48.985143 49.751819
73 85 10.679322 9.182775
71 58 48.302456 40.553479
79 14 4.878023 4.619584
79 82 14.519157 14.355533
0 2 36.324213 12.041595
1 9 35.473689 4.123106
1 6 41.539696 9.899495
2 8 42.732289 82.036577
2 7 35.741563 51.244512
3 8 35.176044 6.324555
4 9 41.229167 69.354164
5 8 36.563650 79.605276
6 9 35.714712 6.708204
7 9 41.175605 25.298221
