9 11 44783 1206 994 998 1.000000 20
34 60 32.960296 41.187831
68 1 30.204020 27.306018
84 62 11.566353 11.076582
43 75 27.663308 34.242799
39 61 24.611547 30.432440
35 58 28.659853 25.453184
36 66 37.084697 37.502164
66 28 17.796265 18.515319
48 43 14.038343 11.839933
0 5 4.075010 2.236068
0 4 5.946036 5.099020
1 4 8.854834 66.640828
1 2 7.581893 63.063460
2 8 3.990182 40.706265
2 4 8.371198 45.011110
3 8 8.877014 32.388269
3 5 3.431040 18.788294
4 7 4.996413 42.638011
5 7 1.061525 43.139309
5 6 3.488483 8.062258
