9 11 47461 393 197 48 0.010000 20
34 60 19.781893 21.488735
68 1 38.742100 33.955745
84 62 35.878016 32.364330
43 75 19.687274 23.563392
39 61 11.037414 13.205323
35 58 31.609273 37.633627
36 66 30.130307 33.904576
66 28 16.631231 17.166003
48 43 27.640617 26.573993
0 5 43.584384 2.236068
0 4 41.999347 5.099020
1 4 40.664008 66.640828
1 2 43.813881 63.063460
2 8 43.202796 40.706265
2 4 42.784875 45.011110
3 8 36.461071 32.388269
3 5 40.274802 18.788294
4 7 44.764012 42.638011
5 7 39.889021 43.139309
5 6 39.573039 8.062258
