10 10 34378 752 993 998 1.000000 20
13 81 42.183081 43.332149
80 78 44.393614 42.503585
22 73 46.306524 41.144961
85 16 17.528756 20.755340
50 19 12.285182 10.630327
8 50 20.202731 16.950690
73 85 9.041345 9.342984
71 58 48.753505 48.908754
79 14 21.900660 24.104917
79 82 19.280150 21.666953
0 2 1.064796 12.041595
1 9 2.788007 4.123106
1 6 9.456463 9.899495
2 8 0.988884 82.036577
2 7 9.554791 51.244512
3 8 8.096846 6.324555
4 9 8.126670 69.354164
5 8 7.664506 79.605276
6 9 5.479490 6.708204
7 9 7.380248 25.298221
