9 11 35285 676 94 5 0.001000 20
34 60 4.114916 4.642770
68 1 16.021578 16.655701
84 62 28.604653 24.827164
43 75 40.994341 44.290643
39 61 27.282051 33.531592
35 58 41.254903 39.233111
36 66 22.388121 27.137493
66 28 50.551260 49.719645
48 43 36.028924 32.652308
0 5 15.859151 2.236068
0 4 20.100649 5.099020
1 4 20.155931 66.640828
1 2 20.060093 63.063460
2 8 19.500792 40.706265
2 4 18.785292 45.011110
3 8 19.838081 32.388269
3 5 22.798540 18.788294
4 7 20.284726 42.638011
5 7 19.397194 43.139309
5 6 16.006734 8.062258
