10 10 28518 1370 147 25 0.001000 20
13 81 18.931762 15.939040
80 78 36.705181 44.093931
22 73 5.774798 6.231120
85 16 33.137142 38.906308
50 19 29.808935 31.106113
8 50 11.138613 10.322741
73 85 29.515182 28.635328
71 58 30.821114 29.399586
79 14 8.499825 10.042361
79 82 33.534230 36.146746
0 2 1.198937 12.041595
1 9 5.735786 4.123106
1 6 1.780227 9.899495
2 8 2.920476 82.036577
2 7 9.998689 51.244512
3 8 4.574406 6.324555
4 9 7.186231 69.354164
5 8 3.266436 79.605276
6 9 0.937510 6.708204
7 9 8.262709 25.298221
