9 11 37725 1009 48 5 0 20
34 60 5.542239 6.549998
68 1 5.886485 5.582193
84 62 33.831044 34.090031
43 75 3.992338 3.613207
39 61 36.917071 31.620991
35 58 35.207129 36.316471
36 66 4.870572 5.435773
66 28 34.424780 41.108244
48 43 37.413031 32.815957
0 5 5.547100 2.236068
0 4 3.986917 5.099020
1 4 9.425559 66.640828
1 2 2.113289 63.063460
2 8 6.272146 40.706265
2 4 4.404982 45.011110
3 8 7.080348 32.388269
3 5 4.863160 18.788294
4 7 8.898321 42.638011
5 7 8.922000 43.139309
5 6 0.442617 8.062258
