9 11 35543 419 147 25 0.001000 20
34 60 30.572208 36.244894
68 1 21.838878 27.237514
84 62 0.490430 0.432898
43 75 31.593828 27.095314
39 61 17.374299 18.351410
35 58 12.849880 14.237962
36 66 35.300993 44.038503
66 28 22.920566 27.107427
48 43 11.139988 12.269016
0 5 4.882380 2.236068
0 4 7.369871 5.099020
1 4 2.251979 66.640828
1 2 8.126782 63.063460
2 8 2.933489 40.706265
2 4 6.020471 45.011110
3 8 1.650858 32.388269
3 5 5.312207 18.788294
4 7 8.564488 42.638011
5 7 5.072466 43.139309
5 6 9.920401 8.062258
