10 10 4869 1043 995 996 1 20
13 81 39.486517 41.717965
80 78 49.450154 44.676443
22 73 11.080628 9.272580
85 16 14.899657 14.550138
50 19 47.295308 46.555409
8 50 0.969736 0.921711
73 85 42.890175 45.506296
71 58 1.472834 1.536933
79 14 15.613809 18.791515
79 82 54.438563 45.384397
0 2 43.601614 12.041595
1 9 42.861460 4.123106
1 6 47.578279 9.899495
2 8 46.131379 82.036577
2 7 49.602147 51.244512
3 8 49.337369 6.324555
4 9 48.081818 69.354164
5 8 47.171559 79.605276
6 9 43.809865 6.708204
7 9 45.075348 25.298221
