9 11 512 1365 99 5 0.000100 20
34 60 27.406450 29.604606
68 1 25.637629 28.736280
84 62 48.783361 45.036960
43 75 34.442730 41.136705
39 61 27.062445 27.116007
35 58 11.364119 12.743567
36 66 17.857133 18.095118
66 28 43.397405 44.302335
48 43 7.648922 7.869276
0 5 22.343665 2.236068
0 4 15.034714 5.099020
1 4 15.955554 66.640828
1 2 19.941523 63.063460
2 8 19.754727 40.706265
2 4 24.847066 45.011110
3 8 16.812334 32.388269
3 5 17.788648 18.788294
4 7 23.883373 42.638011
5 7 24.412052 43.139309
5 6 20.292601 8.062258
