10 10 35877 982 142 25 0.010000 20
13 81 29.239282 32.639905
80 78 33.640223 36.017309
22 73 44.313349 39.181787
85 16 26.646612 23.267014
50 19 47.573774 41.296910
8 50 20.926766 18.760217
73 85 28.076869 34.263267
71 58 52.546339 44.801771
79 14 29.902980 32.583088
79 82 28.934423 32.394804
0 2 8.709877 12.041595
1 9 6.216680 4.123106
1 6 5.344021 9.899495
2 8 7.849718 82.036577
2 7 1.582256 51.244512
3 8 1.556086 6.324555
4 9 9.819359 69.354164
5 8 9.414346 79.605276
6 9 4.182286 6.708204
7 9 3.895951 25.298221
