9 11 35456 531 994 996 1.000000 20
34 60 32.088109 36.032949
68 1 2.602041 2.858389
84 62 12.625816 10.825315
43 75 12.726435 10.815653
39 61 29.237882 30.644569
35 58 33.734481 35.359560
36 66 10.105153 11.060672
66 28 7.035459 8.556169
48 43 5.718113 5.651604
0 5 1.669938 2.236068
0 4 8.229645 5.099020
1 4 5.571599 66.640828
1 2 1.851427 63.063460
2 8 8.372275 40.706265
2 4 5.594312 45.011110
3 8 8.709827 32.388269
3 5 4.407263 18.788294
4 7 4.448685 42.638011
5 7 0.737926 43.139309
5 6 3.397987 8.062258
