9 11 43684 1313 45 5 0.001000 20
34 60 25.923855 26.261202
68 1 55.889808 46.647168
84 62 17.032069 19.119080
43 75 1.741215 1.676575
39 61 51.104917 44.485043
35 58 27.607860 24.214183
36 66 9.017650 9.352135
66 28 47.236068 45.028677
48 43 44.905644 37.495461
0 5 3.540313 2.236068
0 4 1.772919 5.099020
1 4 0.351853 66.640828
1 2 7.297706 63.063460
2 8 6.664525 40.706265
2 4 6.874101 45.011110
3 8 3.822815 32.388269
3 5 9.558594 18.788294
4 7 6.767006 42.638011
5 7 5.741825 43.139309
5 6 5.702509 8.062258
