10 10 3428 847 195 47 0.001000 20
13 81 45.350658 38.978681
80 78 28.428537 27.886927
22 73 29.056833 35.545248
85 16 6.581471 6.109061
50 19 27.270431 29.217571
8 50 7.585814 6.682913
73 85 10.640282 10.499782
71 58 58.790740 49.674548
79 14 28.210038 26.827010
79 82 7.890588 9.852201
0 2 42.881933 12.041595
1 9 41.842669 4.123106
1 6 41.811929 9.899495
2 8 42.168273 82.036577
2 7 43.304301 51.244512
3 8 44.929617 6.324555
4 9 38.954104 69.354164
5 8 44.318046 79.605276
6 9 38.811953 6.708204
7 9 37.920176 25.298221
