9 11 31973 630 49 5 0.000100 20
34 60 23.365494 20.342141
68 1 23.866285 24.248144
84 62 37.552056 35.061045
43 75 38.347536 32.843419
39 61 18.034077 15.869945
35 58 39.949170 34.435823
36 66 7.246606 6.833287
66 28 18.226221 16.088269
48 43 55.720482 47.788203
0 5 4.407967 2.236068
0 4 2.549309 5.099020
1 4 0.723663 66.640828
1 2 9.656600 63.063460
2 8 1.187183 40.706265
2 4 3.510856 45.011110
3 8 6.579915 32.388269
3 5 7.855506 18.788294
4 7 8.468738 42.638011
5 7 6.540783 43.139309
5 6 9.091772 8.062258
