10 10 41535 1318 998 996 1.000000 20
13 81 32.286762 34.589031
80 78 38.637686 38.471703
22 73 24.907670 27.163232
85 16 21.245993 26.218046
50 19 5.008538 5.455981
8 50 2.845979 2.564840
73 85 48.970707 46.369849
71 58 18.333610 16.073369
79 14 2.793662 3.424363
79 82 5.808362 5.107140
0 2 3.691425 12.041595
1 9 7.310093 4.123106
1 6 5.753425 9.899495
2 8 9.714880 82.036577
2 7 8.292643 51.244512
3 8 2.462842 6.324555
4 9 6.853449 69.354164
5 8 4.601895 79.605276
6 9 9.177852 6.708204
7 9 2.529835 25.298221
