10 10 50868 1274 990 995 1 20
13 81 9.036001 9.254357
80 78 47.788208 46.296076
22 73 29.628781 34.271382
85 16 31.566588 35.417674
50 19 40.459226 44.953660
8 50 58.780027 49.188711
73 85 15.040877 17.952848
71 58 10.413777 12.221394
79 14 40.491482 34.187000
79 82 48.520165 45.776068
0 2 43.760832 12.041595
1 9 41.160286 4.123106
1 6 41.698240 9.899495
2 8 47.840891 82.036577
2 7 40.551899 51.244512
3 8 47.980602 6.324555
4 9 40.697511 69.354164
5 8 40.352088 79.605276
6 9 41.018040 6.708204
7 9 40.928223 25.298221
