9 11 44447 569 195 49 0.001000 20
34 60 14.874738 16.501185
68 1 19.096953 17.201539
84 62 7.180142 8.154598
43 75 21.380957 18.897869
39 61 17.788380 19.145011
35 58 5.128547 4.375553
36 66 24.706974 27.022135
66 28 45.998222 49.097586
48 43 9.055860 10.295877
0 5 43.812633 2.236068
0 4 40.999716 5.099020
1 4 41.674451 66.640828
1 2 37.112178 63.063460
2 8 42.176650 40.706265
2 4 35.376667 45.011110
3 8 36.755142 32.388269
3 5 37.093538 18.788294
4 7 39.050828 42.638011
5 7 41.949959 43.139309
5 6 40.416351 8.062258
