9 11 44216 294 45 9 0.001000 20
34 60 42.277432 40.366443
68 1 38.384172 40.635970
84 62 15.682067 14.883354
43 75 24.312036 20.398959
39 61 33.954020 39.549280
35 58 44.085121 44.203983
36 66 30.818603 34.615829
66 28 44.363606 37.276447
48 43 36.233870 32.371055
0 5 7.616629 2.236068
0 4 0.083828 5.099020
1 4 8.334128 66.640828
1 2 7.242171 63.063460
2 8 5.590732 40.706265
2 4 1.594477 45.011110
3 8 0.114482 32.388269
3 5 0.758920 18.788294
4 7 4.552420 42.638011
5 7 2.436856 43.139309
5 6 5.214506 8.062258
