9 11 31184 412 93 7 0.001000 20
34 60 43.903496 37.429617
68 1 27.507886 33.578724
84 62 1.881803 2.349143
43 75 30.785833 26.056652
39 61 33.569188 36.571696
35 58 38.311390 42.131514
36 66 8.303757 6.999255
66 28 39.349741 34.401546
48 43 28.240192 31.497724
0 5 22.183084 2.236068
0 4 17.126547 5.099020
1 4 23.644366 66.640828
1 2 15.706736 63.063460
2 8 17.024679 40.706265
2 4 19.997007 45.011110
3 8 17.820036 32.388269
3 5 23.282939 18.788294
4 7 18.577363 42.638011
5 7 22.301787 43.139309
5 6 15.551202 8.062258
