10 10 27925 328 48 6 0.001000 20
13 81 11.463070 13.648377
80 78 31.800038 33.521149
22 73 15.528653 15.125713
85 16 32.064090 39.291427
50 19 36.996634 32.443783
8 50 29.059590 31.618616
73 85 15.635469 15.796418
71 58 8.159516 9.043224
79 14 1.263115 1.219739
79 82 9.707808 10.126694
0 2 3.773646 12.041595
1 9 3.685788 4.123106
1 6 8.113404 9.899495
2 8 4.878369 82.036577
2 7 3.634231 51.244512
3 8 3.373584 6.324555
4 9 2.548232 69.354164
5 8 4.377174 79.605276
6 9 8.349346 6.708204
7 9 4.889413 25.298221
