10 10 48270 648 97 8 0 20
13 81 5.645040 6.580230
80 78 2.934732 2.537579
22 73 9.586415 8.633097
85 16 15.674101 15.150707
50 19 31.359757 39.007822
8 50 13.832809 15.562030
73 85 22.630204 20.621138
71 58 27.124839 28.888451
79 14 2.137410 2.209398
79 82 34.352256 32.297640
0 2 19.522771 12.041595
1 9 23.211129 4.123106
1 6 15.340130 9.899495
2 8 24.553556 82.036577
2 7 17.397376 51.244512
3 8 20.155973 6.324555
4 9 20.036328 69.354164
5 8 20.047387 79.605276
6 9 19.353553 6.708204
7 9 23.700900 25.298221
