9 11 42113 1025 196 48 0.010000 20
34 60 9.874713 9.657774
68 1 48.119059 48.466624
84 62 21.321495 23.899558
43 75 22.809055 23.383732
39 61 50.739291 42.443694
35 58 23.014056 23.654722
36 66 31.318293 36.063372
66 28 31.790106 28.370386
48 43 13.732102 14.163933
0 5 38.182409 2.236068
0 4 37.984995 5.099020
1 4 39.710253 66.640828
1 2 35.388164 63.063460
2 8 38.787260 40.706265
2 4 41.235865 45.011110
3 8 41.157064 32.388269
3 5 39.151781 18.788294
4 7 40.698784 42.638011
5 7 40.869523 43.139309
5 6 43.144708 8.062258
