10 10 45666 389 46 8 0.001000 20
13 81 29.267451 30.068942
80 78 10.049909 8.567348
22 73 41.717823 40.054550
85 16 17.321589 21.547410
50 19 42.949769 36.270114
8 50 0.479787 0.462280
73 85 47.657643 42.740835
71 58 34.394082 33.048053
79 14 18.150052 16.724311
79 82 11.724654 10.474657
0 2 0.059281 12.041595
1 9 1.154911 4.123106
1 6 4.064664 9.899495
2 8 6.717958 82.036577
2 7 7.658682 51.244512
3 8 5.640702 6.324555
4 9 2.360137 69.354164
5 8 7.740006 79.605276
6 9 3.832185 6.708204
7 9 3.687440 25.298221
