9 11 40302 723 194 47 0.001000 20
34 60 51.205226 42.809413
68 1 35.809734 35.550398
84 62 22.738002 28.337415
43 75 23.654912 20.241889
39 61 29.259553 24.795884
35 58 14.392236 12.785904
36 66 27.652252 25.767592
66 28 40.516647 43.611255
48 43 41.631755 42.692787
0 5 44.540673 2.236068
0 4 38.518558 5.099020
1 4 38.585617 66.640828
1 2 40.860230 63.063460
2 8 41.339532 40.706265
2 4 41.696144 45.011110
3 8 35.048966 32.388269
3 5 43.077020 18.788294
4 7 40.846362 42.638011
5 7 44.756116 43.139309
5 6 41.213825 8.062258
