10 10 29891 560 999 999 1 20
13 81 9.416008 10.232280
80 78 21.713433 25.268958
22 73 5.417891 6.080036
85 16 54.231335 48.443725
50 19 22.459493 20.990329
8 50 30.846248 31.545101
73 85 41.364880 46.884043
71 58 8.863748 8.207828
79 14 43.654321 36.527958
79 82 39.797916 36.208283
0 2 4.575754 12.041595
1 9 4.215540 4.123106
1 6 1.450762 9.899495
2 8 9.141328 82.036577
2 7 1.715076 51.244512
3 8 9.445136 6.324555
4 9 8.860769 69.354164
5 8 3.817724 79.605276
6 9 3.599685 6.708204
7 9 6.100295 25.298221
