9 11 2295 933 991 995 1.000000 20
34 60 57.779330 49.409485
68 1 2.288947 2.370029
84 62 34.610979 39.967002
43 75 47.373663 40.036730
39 61 34.690970 39.916387
35 58 45.035565 41.647710
36 66 44.398754 43.430504
66 28 46.480495 41.232487
48 43 30.700386 29.618978
0 5 45.097640 2.236068
0 4 44.609719 5.099020
1 4 47.968511 66.640828
1 2 40.247416 63.063460
2 8 45.772443 40.706265
2 4 47.380650 45.011110
3 8 43.985921 32.388269
3 5 45.894684 18.788294
4 7 44.113587 42.638011
5 7 41.802519 43.139309
5 6 45.529766 8.062258
