10 10 34641 1152 41 5 0.001000 20
13 81 33.843017 39.453768
80 78 22.352407 23.981439
22 73 31.405921 36.893276
85 16 16.611260 19.442676
50 19 41.814405 40.382805
8 50 25.278363 27.620406
73 85 43.212914 36.806455
71 58 4.278354 3.992355
79 14 11.363367 11.920068
79 82 32.438515 33.992164
0 2 7.340699 12.041595
1 9 1.744121 4.123106
1 6 9.369179 9.899495
2 8 0.580157 82.036577
2 7 2.207929 51.244512
3 8 4.662546 6.324555
4 9 8.947891 69.354164
5 8 9.816523 79.605276
6 9 5.728478 6.708204
7 9 2.626274 25.298221
