10 10 32860 1167 996 996 1 20
13 81 7.067791 7.939229
80 78 44.565165 43.778371
22 73 4.618271 5.367114
85 16 52.916466 45.538376
50 19 20.915802 23.695727
8 50 28.729420 33.130027
73 85 12.567477 14.077064
71 58 11.090165 9.344026
79 14 44.390716 37.502143
79 82 37.982492 38.617557
0 2 46.998115 12.041595
1 9 41.839375 4.123106
1 6 40.637457 9.899495
2 8 44.102617 82.036577
2 7 41.740972 51.244512
3 8 41.962519 6.324555
4 9 44.097705 69.354164
5 8 47.207883 79.605276
6 9 41.863859 6.708204
7 9 41.519554 25.298221
