10 10 28852 420 991 998 1 20
13 81 42.734870 36.248991
80 78 5.080973 4.712311
22 73 32.718764 32.194319
85 16 19.000894 15.873943
50 19 39.990674 45.639962
8 50 1.429835 1.733632
73 85 24.629626 21.262980
71 58 25.144263 24.382832
79 14 32.851918 29.752562
79 82 22.231480 22.426157
0 2 47.799860 12.041595
1 9 48.568701 4.123106
1 6 42.908458 9.899495
2 8 49.066457 82.036577
2 7 44.256125 51.244512
3 8 40.229521 6.324555
4 9 47.286898 69.354164
5 8 40.164037 79.605276
6 9 42.617975 6.708204
7 9 41.330623 25.298221
