9 11 45466 1030 90 7 0.001000 20
34 60 36.549425 35.445216
68 1 41.271191 47.166673
84 62 31.987451 27.004445
43 75 11.026410 9.487274
39 61 1.840469 2.101905
35 58 30.659858 28.796144
36 66 7.696300 8.813307
66 28 14.200579 12.876795
48 43 11.907493 10.947029
0 5 21.197664 2.236068
0 4 18.453450 5.099020
1 4 17.798326 66.640828
1 2 20.139932 63.063460
2 8 24.894866 40.706265
2 4 22.773316 45.011110
3 8 15.864077 32.388269
3 5 21.812718 18.788294
4 7 22.095753 42.638011
5 7 21.107891 43.139309
5 6 24.852315 8.062258
