9 11 28235 1296 996 998 1 20
34 60 5.537165 6.340013
68 1 12.639489 15.378921
84 62 3.870717 3.363731
43 75 47.765489 45.566697
39 61 34.636315 29.531458
35 58 18.643361 21.693169
36 66 38.122748 39.771566
66 28 45.197234 39.447663
48 43 31.986702 29.228713
0 5 40.089140 2.236068
0 4 47.523543 5.099020
1 4 44.463274 66.640828
1 2 48.805775 63.063460
2 8 45.086780 40.706265
2 4 45.488148 45.011110
3 8 47.964161 32.388269
3 5 42.034973 18.788294
4 7 41.760677 42.638011
5 7 44.844716 43.139309
5 6 43.058830 8.062258
