9 11 3000 2402 143 25 0 20
34 60 31.850959 32.235330
68 1 50.373852 43.347594
84 62 18.128606 22.188635
43 75 13.705667 12.768805
39 61 26.212482 22.250773
35 58 15.116776 15.731225
36 66 3.603225 3.093705
66 28 35.750749 42.139152
48 43 20.158404 18.092842
0 5 8.197846 2.236068
0 4 0.823322 5.099020
1 4 0.745556 66.640828
1 2 6.084897 63.063460
2 8 0.356697 40.706265
2 4 6.881967 45.011110
3 8 4.609541 32.388269
3 5 3.943960 18.788294
4 7 4.347200 42.638011
5 7 1.983079 43.139309
5 6 5.249954 8.062258
