10 10 45844 2851 98 9 0.001000 20
13 81 16.052872 15.234460
80 78 23.439680 25.165497
22 73 13.435413 14.338498
85 16 32.572035 35.355901
50 19 15.294671 13.071003
8 50 28.949334 25.721498
73 85 50.808965 45.781044
71 58 38.569656 39.966487
79 14 3.691293 3.306370
79 82 40.742068 40.305310
0 2 16.367283 12.041595
1 9 17.835694 4.123106
1 6 19.563492 9.899495
2 8 17.619757 82.036577
2 7 24.440728 51.244512
3 8 18.612945 6.324555
4 9 20.130654 69.354164
5 8 16.839029 79.605276
6 9 23.812718 6.708204
7 9 24.243759 25.298221
