10 10 32255 3016 999 998 1 20
13 81 44.741990 39.965338
80 78 17.914214 16.116571
22 73 8.331931 8.560455
85 16 23.666270 26.165109
50 19 8.185722 10.173289
8 50 18.179049 21.482884
73 85 40.390935 34.096670
71 58 31.299014 34.127717
79 14 11.182277 12.865368
79 82 38.884607 38.530429
0 2 47.583668 12.041595
1 9 42.121519 4.123106
1 6 42.086961 9.899495
2 8 42.519753 82.036577
2 7 47.853961 51.244512
3 8 40.245091 6.324555
4 9 42.982342 69.354164
5 8 40.270049 79.605276
6 9 40.875507 6.708204
7 9 49.788593 25.298221
