9 11 30641 1423 98 9 0.001000 20
34 60 3.440990 2.897163
68 1 51.975451 44.740654
84 62 3.137016 2.642188
43 75 29.746536 26.411195
39 61 33.751361 32.961724
35 58 36.935138 41.256862
36 66 32.565443 30.111503
66 28 57.736389 49.383409
48 43 25.443119 31.741882
0 5 23.106423 2.236068
0 4 20.797824 5.099020
1 4 23.212353 66.640828
1 2 16.551587 63.063460
2 8 18.120643 40.706265
2 4 22.241727 45.011110
3 8 15.690799 32.388269
3 5 23.457512 18.788294
4 7 20.349719 42.638011
5 7 19.112124 43.139309
5 6 21.110947 8.062258
