10 10 46902 3124 998 996 1 20
13 81 2.058715 2.123721
80 78 4.073345 3.859054
22 73 12.278362 15.192599
85 16 2.120917 2.372894
50 19 0.448663 0.525402
8 50 21.252796 19.721774
73 85 28.595508 34.114741
71 58 23.395190 21.311365
79 14 15.753043 14.270657
79 82 28.052683 25.576269
0 2 45.829426 12.041595
1 9 41.241922 4.123106
1 6 46.709942 9.899495
2 8 47.479952 82.036577
2 7 46.649141 51.244512
3 8 40.077293 6.324555
4 9 41.858794 69.354164
5 8 46.376910 79.605276
6 9 41.519195 6.708204
7 9 43.111060 25.298221
