9 11 3928 277 999 996 1.000000 20
34 60 41.259085 38.029232
68 1 26.558469 27.005087
84 62 16.863583 15.003601
43 75 13.794645 13.965694
39 61 6.962710 6.621961
35 58 25.358654 30.453778
36 66 53.026847 47.267021
66 28 0.497370 0.486412
48 43 17.414465 21.095108
0 5 0.389580 2.236068
0 4 6.030154 5.099020
1 4 2.098763 66.640828
1 2 4.810689 63.063460
2 8 4.876868 40.706265
2 4 0.098427 45.011110
3 8 5.511695 32.388269
3 5 2.647626 18.788294
4 7 1.908231 42.638011
5 7 6.259618 43.139309
5 6 1.359782 8.062258
