10 10 32152 803 197 45 0.010000 20
13 81 11.834045 12.831418
80 78 34.872303 33.014575
22 73 21.640974 23.825075
85 16 42.037321 46.653149
50 19 45.687171 44.979505
8 50 51.436101 48.366381
73 85 32.018017 31.383456
71 58 15.795885 15.878067
79 14 47.308022 43.757034
79 82 36.890642 31.936046
0 2 40.478573 12.041595
1 9 44.037035 4.123106
1 6 36.554240 9.899495
2 8 42.716783 82.036577
2 7 39.727828 51.244512
3 8 43.126190 6.324555
4 9 40.784877 69.354164
5 8 38.234496 79.605276
6 9 43.733939 6.708204
7 9 41.140165 25.298221
