10 10 47325 624 996 996 1.000000 20
13 81 54.078958 49.088398
80 78 42.732400 39.333297
22 73 17.618941 17.290986
85 16 2.911568 3.451295
50 19 34.923105 31.651337
8 50 52.498483 47.478051
73 85 11.622385 13.539686
71 58 5.070617 4.795763
79 14 4.633432 3.906724
79 82 5.254024 4.466863
0 2 40.406252 12.041595
1 9 40.168385 4.123106
1 6 42.155206 9.899495
2 8 46.777672 82.036577
2 7 45.445315 51.244512
3 8 41.866262 6.324555
4 9 41.354690 69.354164
5 8 47.702209 79.605276
6 9 41.768218 6.708204
7 9 49.084064 25.298221
