10 10 45266 2697 993 997 1.000000 20
13 81 17.846955 18.659432
80 78 41.787307 42.408084
22 73 32.426489 38.320903
85 16 25.336993 23.690451
50 19 36.294428 39.002303
8 50 19.207207 23.753507
73 85 9.857648 11.935476
71 58 31.234028 27.720783
79 14 8.335603 7.913526
79 82 27.048375 32.901975
0 2 0.474352 12.041595
1 9 3.867495 4.123106
1 6 8.464459 9.899495
2 8 2.545529 82.036577
2 7 1.020745 51.244512
3 8 8.560936 6.324555
4 9 6.475805 69.354164
5 8 5.281910 79.605276
6 9 8.632620 6.708204
7 9 2.713050 25.298221
