10 10 26900 312 991 999 1.000000 20
13 81 31.081488 32.620008
80 78 44.022595 41.036378
22 73 14.952683 16.532840
85 16 50.205913 43.184048
50 19 34.169756 30.453930
8 50 15.541591 15.639991
73 85 14.991617 13.312471
71 58 33.484093 40.328071
79 14 37.515741 32.346744
79 82 18.955992 22.347804
0 2 42.911750 12.041595
1 9 47.152929 4.123106
1 6 48.709184 9.899495
2 8 47.580364 82.036577
2 7 46.337596 51.244512
3 8 49.980835 6.324555
4 9 45.753327 69.354164
5 8 45.436428 79.605276
6 9 47.526737 6.708204
7 9 41.805390 25.298221
