10 10 43368 994 993 999 1.000000 20
13 81 34.847502 41.694684
80 78 32.373361 27.470830
22 73 22.196681 18.829330
85 16 25.324909 31.102940
50 19 24.486583 20.654505
8 50 34.291330 41.353698
73 85 10.581358 10.149236
71 58 44.781432 46.292541
79 14 27.340971 25.739152
79 82 5.076875 4.657724
0 2 42.990573 12.041595
1 9 44.427851 4.123106
1 6 42.300336 9.899495
2 8 42.930679 82.036577
2 7 44.735728 51.244512
3 8 42.422482 6.324555
4 9 42.601775 69.354164
5 8 41.143406 79.605276
6 9 40.737550 6.708204
7 9 44.799316 25.298221
