9 11 5600 3321 996 997 1.000000 20
34 60 16.701522 19.112720
68 1 28.299181 26.967004
84 62 3.349046 2.915407
43 75 46.204181 45.526426
39 61 39.362872 44.516899
35 58 25.358279 31.163433
36 66 20.522011 23.667203
66 28 28.243266 32.307472
48 43 14.494970 17.212504
0 5 40.100414 2.236068
0 4 44.920021 5.099020
1 4 49.840175 66.640828
1 2 43.797563 63.063460
2 8 48.859011 40.706265
2 4 44.966926 45.011110
3 8 46.469271 32.388269
3 5 42.172237 18.788294
4 7 40.505115 42.638011
5 7 48.026171 43.139309
5 6 48.630640 8.062258
