10 10 30717 330 41 5 0.001000 20
13 81 48.960799 46.401091
80 78 23.776739 24.025207
22 73 6.549075 6.148692
85 16 26.282373 24.773935
50 19 28.679953 30.231509
8 50 40.391632 39.266739
73 85 26.879545 32.258012
71 58 24.466358 24.144147
79 14 12.074108 10.461930
79 82 34.413940 29.545087
0 2 5.727405 12.041595
1 9 5.020402 4.123106
1 6 1.647692 9.899495
2 8 7.658245 82.036577
2 7 4.787798 51.244512
3 8 0.629409 6.324555
4 9 9.047926 69.354164
5 8 5.546726 79.605276
6 9 0.062291 6.708204
7 9 6.463878 25.298221
