9 11 39897 253 994 996 1 20
34 60 53.493390 44.612276
68 1 26.880107 29.734825
84 62 19.933409 17.377364
43 75 41.190573 45.198045
39 61 16.573471 18.059423
35 58 19.878265 16.788630
36 66 37.484526 41.822727
66 28 3.584944 4.102915
48 43 22.342005 26.652335
0 5 47.383335 2.236068
0 4 40.976018 5.099020
1 4 48.357761 66.640828
1 2 45.564455 63.063460
2 8 49.353689 40.706265
2 4 48.142541 45.011110
3 8 43.030586 32.388269
3 5 41.860300 18.788294
4 7 49.654409 42.638011
5 7 49.889614 43.139309
5 6 41.673365 8.062258
