10 10 31050 540 999 998 1 20
13 81 9.005121 9.230551
80 78 15.069113 13.324199
22 73 55.746975 49.318422
85 16 16.786534 19.798268
50 19 32.349041 27.451950
8 50 22.759627 25.204647
73 85 0.104511 0.111862
71 58 4.229883 5.229759
79 14 6.852393 5.880254
79 82 15.048543 13.554298
0 2 45.857673 12.041595
1 9 42.160981 4.123106
1 6 48.768067 9.899495
2 8 47.419684 82.036577
2 7 46.219893 51.244512
3 8 46.883413 6.324555
4 9 40.188661 69.354164
5 8 45.688947 79.605276
6 9 43.156082 6.708204
7 9 49.250365 25.298221
