9 11 27575 831 92 8 0 20
34 60 22.722900 24.139035
68 1 36.469671 30.508481
84 62 22.283315 20.928345
43 75 11.523547 10.819013
39 61 45.870442 46.172851
35 58 0.787900 0.700821
36 66 38.555477 46.253598
66 28 4.653818 3.899303
48 43 3.457904 3.523211
0 5 22.373488 2.236068
0 4 19.417295 5.099020
1 4 23.636591 66.640828
1 2 22.021715 63.063460
2 8 22.198090 40.706265
2 4 24.951920 45.011110
3 8 23.938557 32.388269
3 5 21.029095 18.788294
4 7 24.814007 42.638011
5 7 15.289497 43.139309
5 6 16.462712 8.062258
