9 11 28200 633 990 998 1.000000 20
34 60 33.734550 34.805947
68 1 13.130183 13.239855
84 62 7.910293 7.841250
43 75 23.062849 25.491076
39 61 19.750275 16.525930
35 58 34.082099 31.369960
36 66 11.284010 13.289361
66 28 40.517822 40.453898
48 43 30.548295 27.685688
0 5 6.372505 2.236068
0 4 0.861697 5.099020
1 4 1.343962 66.640828
1 2 4.206114 63.063460
2 8 9.391100 40.706265
2 4 2.450505 45.011110
3 8 6.122259 32.388269
3 5 5.176166 18.788294
4 7 7.739996 42.638011
5 7 2.858183 43.139309
5 6 8.375807 8.062258
