10 10 42318 460 149 29 0.010000 20
13 81 14.457140 14.933474
80 78 20.047988 23.996026
22 73 19.207485 18.937657
85 16 42.101838 45.249598
50 19 22.979496 22.352238
8 50 12.275668 13.576606
73 85 37.351938 34.605789
71 58 24.372624 27.867622
79 14 26.211741 25.119559
79 82 41.557323 35.009241
0 2 6.498788 12.041595
1 9 9.945453 4.123106
1 6 8.070878 9.899495
2 8 8.129417 82.036577
2 7 3.726207 51.244512
3 8 6.864543 6.324555
4 9 8.595571 69.354164
5 8 0.317488 79.605276
6 9 4.400335 6.708204
7 9 0.715533 25.298221
