10 10 39408 2157 991 996 1.000000 20
13 81 45.925383 41.163371
80 78 18.853229 22.275715
22 73 15.784854 15.432214
85 16 21.330412 22.635489
50 19 33.289471 38.551887
8 50 17.040412 16.863342
73 85 8.122750 9.567939
71 58 15.017437 18.538151
79 14 12.399409 15.465821
79 82 9.458960 11.778572
0 2 0.260289 12.041595
1 9 0.016183 4.123106
1 6 0.719687 9.899495
2 8 6.176859 82.036577
2 7 7.716003 51.244512
3 8 4.324830 6.324555
4 9 5.132103 69.354164
5 8 5.554307 79.605276
6 9 9.496300 6.708204
7 9 6.359598 25.298221
