9 11 31105 575 990 998 1.000000 20
34 60 37.583053 31.936206
68 1 18.384308 18.570448
84 62 30.385416 32.443742
43 75 27.464771 26.084123
39 61 22.650655 23.849845
35 58 29.618345 34.754088
36 66 48.242345 47.114502
66 28 3.321590 3.337193
48 43 25.804308 22.907228
0 5 7.169876 2.236068
0 4 4.111572 5.099020
1 4 8.796180 66.640828
1 2 2.058484 63.063460
2 8 6.000786 40.706265
2 4 9.156706 45.011110
3 8 5.913765 32.388269
3 5 6.681724 18.788294
4 7 9.873500 42.638011
5 7 1.733283 43.139309
5 6 7.343816 8.062258
