10 10 49816 762 997 998 1 20
13 81 39.274692 45.765604
80 78 11.542581 10.071584
22 73 10.711367 12.227084
85 16 40.507112 36.063163
50 19 6.422102 7.712087
8 50 12.204387 14.201651
73 85 10.117591 11.971245
71 58 15.234352 17.351587
79 14 46.477244 42.616153
79 82 51.718262 49.078233
0 2 47.056472 12.041595
1 9 42.456896 4.123106
1 6 45.788563 9.899495
2 8 40.451648 82.036577
2 7 46.645481 51.244512
3 8 40.632682 6.324555
4 9 49.440933 69.354164
5 8 49.073553 79.605276
6 9 46.344459 6.708204
7 9 49.302871 25.298221
