9 11 47275 438 149 25 0.001000 20
34 60 28.261861 31.849781
68 1 1.327514 1.196813
84 62 23.977929 22.255021
43 75 37.067757 41.272126
39 61 2.472180 2.579888
35 58 23.698686 25.958303
36 66 22.113482 22.004368
66 28 38.407468 32.587194
48 43 10.757515 10.125892
0 5 2.677866 2.236068
0 4 1.453485 5.099020
1 4 7.007657 66.640828
1 2 8.579374 63.063460
2 8 9.009504 40.706265
2 4 9.449437 45.011110
3 8 7.101425 32.388269
3 5 8.131071 18.788294
4 7 2.535323 42.638011
5 7 4.524151 43.139309
5 6 9.648399 8.062258
