10 10 38395 785 192 47 0.010000 20
13 81 12.665543 11.405576
80 78 34.584539 34.529247
22 73 5.569399 5.113388
85 16 33.138016 29.194418
50 19 12.064091 11.799397
8 50 49.854014 45.033954
73 85 46.479906 40.559802
71 58 20.975792 24.040059
79 14 20.408864 21.254410
79 82 35.210070 30.272087
0 2 38.484157 12.041595
1 9 40.358821 4.123106
1 6 40.291846 9.899495
2 8 35.639948 82.036577
2 7 44.331221 51.244512
3 8 35.605329 6.324555
4 9 38.973705 69.354164
5 8 40.837190 79.605276
6 9 39.247770 6.708204
7 9 42.429352 25.298221
