10 10 3357 1809 190 49 0.001000 20
13 81 9.394358 9.812609
80 78 43.391157 36.306936
22 73 13.584031 12.017140
85 16 22.588379 21.513028
50 19 35.381119 43.833602
8 50 26.563789 28.300360
73 85 31.660738 34.040899
71 58 18.876888 18.249976
79 14 40.122232 41.022471
79 82 2.943636 3.129615
0 2 39.831901 12.041595
1 9 35.682399 4.123106
1 6 41.846575 9.899495
2 8 39.531606 82.036577
2 7 44.251056 51.244512
3 8 44.523493 6.324555
4 9 43.559093 69.354164
5 8 37.804490 79.605276
6 9 38.861766 6.708204
7 9 39.895917 25.298221
