9 11 50815 4121 42 7 0 20
34 60 12.575539 10.853530
68 1 25.946331 26.511351
84 62 42.732953 39.192175
43 75 48.790967 41.597674
39 61 9.247245 10.382768
35 58 20.678482 19.892370
36 66 20.775105 20.227129
66 28 51.603442 46.392052
48 43 23.903605 22.974646
0 5 3.180734 2.236068
0 4 8.188387 5.099020
1 4 2.010593 66.640828
1 2 3.831063 63.063460
2 8 7.470525 40.706265
2 4 9.259312 45.011110
3 8 8.486619 32.388269
3 5 6.633009 18.788294
4 7 9.497120 42.638011
5 7 1.779119 43.139309
5 6 7.383975 8.062258
