9 11 40666 431 195 46 0.010000 20
34 60 12.046778 13.151302
68 1 48.360066 48.267858
84 62 23.041129 20.793148
43 75 20.397878 18.876651
39 61 21.932321 19.534886
35 58 47.883576 42.513158
36 66 36.663278 36.096942
66 28 13.973305 11.910133
48 43 44.086751 42.819478
0 5 43.117882 2.236068
0 4 44.669099 5.099020
1 4 40.077450 66.640828
1 2 37.984477 63.063460
2 8 36.635813 40.706265
2 4 37.915671 45.011110
3 8 43.832611 32.388269
3 5 43.411220 18.788294
4 7 38.985565 42.638011
5 7 42.159669 43.139309
5 6 36.010743 8.062258
