10 10 50236 651 46 9 0 20
13 81 42.405454 38.311007
80 78 43.828620 38.568117
22 73 8.540972 8.392101
85 16 10.088174 10.684651
50 19 25.163951 26.489450
8 50 51.115503 44.157306
73 85 37.723914 37.696477
71 58 39.376685 43.974546
79 14 49.868878 45.586253
79 82 11.790760 13.646883
0 2 9.927689 12.041595
1 9 0.653981 4.123106
1 6 1.568091 9.899495
2 8 2.399168 82.036577
2 7 2.998007 51.244512
3 8 1.827111 6.324555
4 9 9.117955 69.354164
5 8 0.383091 79.605276
6 9 2.531327 6.708204
7 9 0.644440 25.298221
