10 10 30564 757 194 46 0.010000 20
13 81 16.597651 19.241646
80 78 8.593164 9.571197
22 73 30.657269 37.476273
85 16 31.075599 28.849732
50 19 28.371828 26.662490
8 50 36.458330 40.037994
73 85 29.258609 28.375551
71 58 33.796163 28.179530
79 14 37.875114 44.747723
79 82 5.908006 5.724786
0 2 36.590972 12.041595
1 9 38.146012 4.123106
1 6 40.749551 9.899495
2 8 36.646170 82.036577
2 7 44.964024 51.244512
3 8 35.254379 6.324555
4 9 37.538437 69.354164
5 8 35.138922 79.605276
6 9 42.535638 6.708204
7 9 39.916085 25.298221
