9 11 35521 254 91 8 0.000100 20
34 60 14.521377 12.129713
68 1 5.572640 5.251847
84 62 0.129557 0.160520
43 75 33.496316 40.100754
39 61 31.639429 31.783061
35 58 10.277694 10.489763
36 66 1.419686 1.440799
66 28 58.102768 48.941126
48 43 30.295488 36.879345
0 5 17.374176 2.236068
0 4 15.858394 5.099020
1 4 17.380377 66.640828
1 2 20.540142 63.063460
2 8 20.407791 40.706265
2 4 18.509953 45.011110
3 8 18.767408 32.388269
3 5 24.554109 18.788294
4 7 17.916151 42.638011
5 7 21.834607 43.139309
5 6 18.053859 8.062258
