9 11 27350 778 999 997 1.000000 20
34 60 46.764820 43.511701
68 1 5.300097 6.469599
84 62 32.423517 29.017642
43 75 31.662232 31.746209
39 61 18.560860 16.955539
35 58 0.304475 0.352237
36 66 10.197574 9.970345
66 28 33.423388 38.888211
48 43 28.443130 24.841740
0 5 5.619244 2.236068
0 4 3.905435 5.099020
1 4 2.440165 66.640828
1 2 6.484723 63.063460
2 8 7.173188 40.706265
2 4 4.515778 45.011110
3 8 7.928308 32.388269
3 5 4.387525 18.788294
4 7 0.162275 42.638011
5 7 3.787690 43.139309
5 6 4.588205 8.062258
