9 11 27181 2399 990 998 1.000000 20
34 60 22.174117 21.063137
68 1 17.889874 21.172207
84 62 34.714840 40.568704
43 75 9.594350 8.806705
39 61 36.021016 30.634337
35 58 1.288989 1.237578
36 66 7.518643 8.082953
66 28 44.507587 39.970085
48 43 18.743751 17.373051
0 5 1.905174 2.236068
0 4 3.064773 5.099020
1 4 9.408517 66.640828
1 2 8.821058 63.063460
2 8 8.005785 40.706265
2 4 2.690146 45.011110
3 8 9.245381 32.388269
3 5 0.754685 18.788294
4 7 5.439746 42.638011
5 7 8.168020 43.139309
5 6 6.797669 8.062258
