9 11 32541 293 91 9 0.000100 20
34 60 39.441333 37.988129
68 1 44.460417 42.682927
84 62 29.907907 26.685846
43 75 48.563755 43.324607
39 61 19.808705 20.464771
35 58 6.239164 6.087723
36 66 35.451503 43.014119
66 28 40.508223 38.035857
48 43 13.488108 13.979082
0 5 22.129031 2.236068
0 4 19.988178 5.099020
1 4 20.250914 66.640828
1 2 21.421334 63.063460
2 8 24.709423 40.706265
2 4 20.020991 45.011110
3 8 19.173476 32.388269
3 5 17.188278 18.788294
4 7 23.497583 42.638011
5 7 19.611577 43.139309
5 6 24.121146 8.062258
