10 10 39461 535 42 6 0 20
13 81 25.221634 22.112258
80 78 12.745038 11.887654
22 73 34.017134 42.123195
85 16 39.850370 37.209205
50 19 15.058013 18.329403
8 50 13.123081 15.489037
73 85 43.171200 36.483097
71 58 28.664697 28.300210
79 14 42.002538 36.735373
79 82 17.104186 16.489350
0 2 9.063377 12.041595
1 9 6.288670 4.123106
1 6 6.695316 9.899495
2 8 0.058317 82.036577
2 7 1.842990 51.244512
3 8 1.788665 6.324555
4 9 7.682332 69.354164
5 8 6.732464 79.605276
6 9 7.035049 6.708204
7 9 9.955391 25.298221
