10 10 26764 493 995 998 1 20
13 81 31.755556 27.333652
80 78 3.817426 4.710150
22 73 39.241773 47.812855
85 16 26.696378 30.320478
50 19 36.112457 32.538459
8 50 10.202043 11.254695
73 85 25.950628 25.558230
71 58 21.863878 19.942100
79 14 21.603667 18.804593
79 82 0.040824 0.037630
0 2 0.626980 12.041595
1 9 2.645180 4.123106
1 6 5.542404 9.899495
2 8 7.125055 82.036577
2 7 3.298998 51.244512
3 8 3.017216 6.324555
4 9 0.026946 69.354164
5 8 3.086120 79.605276
6 9 1.901036 6.708204
7 9 0.661383 25.298221
