10 10 28323 1686 142 29 0 20
13 81 33.707688 28.977390
80 78 11.512491 11.107967
22 73 20.039859 16.807395
85 16 38.770500 35.204126
50 19 11.878628 11.241068
8 50 24.347311 27.947541
73 85 23.581808 22.705138
71 58 28.355956 33.432618
79 14 47.730960 46.246642
79 82 41.644333 37.336536
0 2 0.763145 12.041595
1 9 6.139102 4.123106
1 6 6.973716 9.899495
2 8 3.573777 82.036577
2 7 5.196962 51.244512
3 8 4.349683 6.324555
4 9 7.135140 69.354164
5 8 0.189520 79.605276
6 9 9.957460 6.708204
7 9 6.671515 25.298221
