9 11 41130 457 190 49 0.001000 20
34 60 2.349372 2.768590
68 1 4.655661 5.800193
84 62 29.466268 32.504824
43 75 28.440040 24.414766
39 61 35.037721 43.118363
35 58 19.272029 19.338653
36 66 33.250059 28.872725
66 28 39.493659 42.225686
48 43 3.007690 3.387528
0 5 35.211088 2.236068
0 4 41.824394 5.099020
1 4 44.175270 66.640828
1 2 35.681252 63.063460
2 8 38.444067 40.706265
2 4 38.350012 45.011110
3 8 44.299316 32.388269
3 5 35.470545 18.788294
4 7 42.028426 42.638011
5 7 43.878061 43.139309
5 6 38.617099 8.062258
