9 11 51222 1285 192 48 0 20
34 60 1.841321 1.931318
68 1 52.100377 48.052915
84 62 14.328688 16.464413
43 75 27.539417 28.497884
39 61 9.065508 10.404213
35 58 10.996137 11.100071
36 66 41.340899 45.894873
66 28 44.123767 40.679883
48 43 49.133257 49.365613
0 5 42.730238 2.236068
0 4 36.374286 5.099020
1 4 38.898045 66.640828
1 2 43.775769 63.063460
2 8 38.988588 40.706265
2 4 44.393958 45.011110
3 8 44.138846 32.388269
3 5 42.682759 18.788294
4 7 44.473717 42.638011
5 7 36.412456 43.139309
5 6 36.394547 8.062258
