9 11 47743 509 145 25 0.010000 20
34 60 34.476750 29.096914
68 1 29.070749 29.503209
84 62 34.783546 41.257052
43 75 11.786985 12.355766
39 61 2.972696 2.954518
35 58 35.750830 36.663537
36 66 21.954366 18.925320
66 28 2.116114 2.030840
48 43 4.612637 5.644075
0 5 0.269625 2.236068
0 4 8.005908 5.099020
1 4 4.075205 66.640828
1 2 1.632772 63.063460
2 8 2.432041 40.706265
2 4 0.112735 45.011110
3 8 6.399068 32.388269
3 5 5.281100 18.788294
4 7 7.141224 42.638011
5 7 8.524451 43.139309
5 6 5.204060 8.062258
