9 11 44710 1534 41 7 0.000100 20
34 60 18.616298 18.044523
68 1 49.597908 45.644781
84 62 5.250516 5.972696
43 75 20.797227 25.322554
39 61 5.516515 5.652089
35 58 4.436051 3.722300
36 66 39.094669 33.545152
66 28 38.450893 41.910511
48 43 5.319883 6.348032
0 5 6.380843 2.236068
0 4 5.626787 5.099020
1 4 8.724358 66.640828
1 2 3.819318 63.063460
2 8 4.559708 40.706265
2 4 0.169349 45.011110
3 8 6.954778 32.388269
3 5 5.967851 18.788294
4 7 5.678227 42.638011
5 7 7.393469 43.139309
5 6 5.558271 8.062258
