10 10 37518 475 999 998 1.000000 20
13 81 9.041778 9.953658
80 78 26.320587 26.948133
22 73 8.188523 7.386278
85 16 22.719814 20.943739
50 19 10.549176 10.185129
8 50 25.093205 24.636505
73 85 20.043636 23.641801
71 58 14.061568 13.242355
79 14 19.892447 24.018313
79 82 24.351765 22.675180
0 2 4.167696 12.041595
1 9 5.351119 4.123106
1 6 7.857608 9.899495
2 8 3.780099 82.036577
2 7 2.797250 51.244512
3 8 4.384096 6.324555
4 9 2.625229 69.354164
5 8 5.190163 79.605276
6 9 9.539591 6.708204
7 9 1.563371 25.298221
