9 11 44363 1704 195 48 0 20
34 60 44.847002 41.201657
68 1 50.600555 48.807416
84 62 34.606446 36.150003
43 75 4.352332 4.305858
39 61 0.796408 0.715871
35 58 3.753160 4.121012
36 66 40.055734 47.957039
66 28 11.791595 11.914557
48 43 51.066701 42.577410
0 5 38.094171 2.236068
0 4 41.826623 5.099020
1 4 35.728554 66.640828
1 2 43.520229 63.063460
2 8 44.716836 40.706265
2 4 42.312053 45.011110
3 8 39.127431 32.388269
3 5 38.166125 18.788294
4 7 44.762773 42.638011
5 7 35.082009 43.139309
5 6 35.286898 8.062258
