9 11 25500 359 193 46 0.001000 20
34 60 3.894326 3.767053
68 1 19.507859 23.752346
84 62 48.106421 44.700385
43 75 27.855163 26.998851
39 61 24.724868 25.318724
35 58 16.770391 16.413470
36 66 29.230803 24.462358
66 28 6.431263 7.955868
48 43 22.321578 24.652667
0 5 43.299730 2.236068
0 4 41.038263 5.099020
1 4 37.131189 66.640828
1 2 42.104708 63.063460
2 8 42.367166 40.706265
2 4 37.275694 45.011110
3 8 42.796134 32.388269
3 5 41.232299 18.788294
4 7 41.570561 42.638011
5 7 38.954270 43.139309
5 6 43.062086 8.062258
