9 11 27425 1916 998 998 1 20
34 60 28.682859 34.723407
68 1 16.140646 13.904480
84 62 27.081795 23.629205
43 75 27.542152 32.898306
39 61 40.535326 35.186831
35 58 39.758605 42.765608
36 66 51.239467 46.563413
66 28 42.862375 37.343512
48 43 4.844528 5.740455
0 5 1.147631 2.236068
0 4 8.035157 5.099020
1 4 0.108527 66.640828
1 2 8.234229 63.063460
2 8 6.114575 40.706265
2 4 4.189243 45.011110
3 8 0.857424 32.388269
3 5 9.913360 18.788294
4 7 8.467840 42.638011
5 7 5.805804 43.139309
5 6 4.555195 8.062258
