10 10 41543 2014 99 6 0.000100 20
13 81 48.354017 45.087923
80 78 36.089176 39.000930
22 73 21.479739 19.784633
85 16 37.127363 32.836329
50 19 37.682544 35.312494
8 50 15.851693 17.571220
73 85 40.117587 34.845615
71 58 19.811291 23.532183
79 14 4.181612 3.908505
79 82 35.306374 30.912134
0 2 16.485336 12.041595
1 9 22.255808 4.123106
1 6 20.063611 9.899495
2 8 18.420499 82.036577
2 7 20.270123 51.244512
3 8 17.054691 6.324555
4 9 15.751179 69.354164
5 8 23.812047 79.605276
6 9 17.325000 6.708204
7 9 20.092923 25.298221
