10 10 37250 1887 93 7 0.000100 20
13 81 14.263140 16.951183
80 78 44.070725 41.901380
22 73 44.578404 42.260262
85 16 28.457250 25.583172
50 19 11.002599 9.494214
8 50 32.963204 37.343779
73 85 37.255308 31.856801
71 58 8.532527 8.471463
79 14 26.834078 32.860605
79 82 17.914212 15.068927
0 2 16.829206 12.041595
1 9 17.586223 4.123106
1 6 21.624988 9.899495
2 8 16.347790 82.036577
2 7 24.413459 51.244512
3 8 18.971424 6.324555
4 9 23.712795 69.354164
5 8 24.180471 79.605276
6 9 15.389563 6.708204
7 9 18.347560 25.298221
