9 11 49775 433 141 26 0 20
34 60 2.492067 2.679898
68 1 25.854723 29.525305
84 62 32.013942 33.718038
43 75 6.078027 6.921528
39 61 31.459216 30.075023
35 58 19.979228 20.680391
36 66 2.417876 2.835986
66 28 7.350678 6.396965
48 43 16.300799 15.559444
0 5 8.643537 2.236068
0 4 6.156283 5.099020
1 4 6.349979 66.640828
1 2 6.933019 63.063460
2 8 8.627821 40.706265
2 4 6.277636 45.011110
3 8 1.627201 32.388269
3 5 9.537945 18.788294
4 7 5.875853 42.638011
5 7 4.093883 43.139309
5 6 1.610802 8.062258
