10 10 355 427 190 48 0.010000 20
13 81 40.300967 49.028552
80 78 39.117979 36.126166
22 73 12.819397 11.217556
85 16 36.478923 34.290905
50 19 27.673820 23.406975
8 50 27.828129 29.215705
73 85 21.043737 21.870101
71 58 26.032109 28.167671
79 14 31.352085 27.579191
79 82 20.176781 21.370820
0 2 37.446804 12.041595
1 9 44.050253 4.123106
1 6 44.623279 9.899495
2 8 43.639657 82.036577
2 7 41.663085 51.244512
3 8 41.199020 6.324555
4 9 38.267113 69.354164
5 8 41.651656 79.605276
6 9 39.991585 6.708204
7 9 39.795268 25.298221
