10 10 33063 3775 99 6 0.000100 20
13 81 48.073541 44.433736
80 78 16.450899 17.765619
22 73 2.695351 3.168498
85 16 51.191624 42.775499
50 19 32.176435 39.865154
8 50 42.174556 44.837839
73 85 33.689001 42.059589
71 58 9.189846 10.126884
79 14 12.480168 14.634100
79 82 10.701040 11.703143
0 2 22.650833 12.041595
1 9 15.531431 4.123106
1 6 15.479782 9.899495
2 8 24.373634 82.036577
2 7 18.041761 51.244512
3 8 20.164152 6.324555
4 9 22.661738 69.354164
5 8 18.923416 79.605276
6 9 23.320846 6.708204
7 9 24.230221 25.298221
