9 11 37900 327 997 996 1 20
34 60 10.999727 13.701710
68 1 9.430213 10.936447
84 62 44.967267 40.594344
43 75 6.294910 6.312524
39 61 2.364341 2.257118
35 58 22.150708 18.863698
36 66 12.333510 14.263635
66 28 5.844990 5.819863
48 43 29.746237 27.268898
0 5 45.090767 2.236068
0 4 48.719690 5.099020
1 4 45.852507 66.640828
1 2 40.595202 63.063460
2 8 43.582328 40.706265
2 4 41.412463 45.011110
3 8 40.949909 32.388269
3 5 44.915321 18.788294
4 7 42.356377 42.638011
5 7 41.947471 43.139309
5 6 47.755558 8.062258
