9 11 31973 484 999 997 1.000000 20
34 60 35.318658 29.990923
68 1 31.141083 31.218646
84 62 17.913199 19.319854
43 75 18.131928 15.352727
39 61 5.309425 5.690838
35 58 26.589120 22.605314
36 66 3.776265 3.616169
66 28 47.819838 42.513773
48 43 44.731706 45.531843
0 5 1.016787 2.236068
0 4 1.072953 5.099020
1 4 8.465231 66.640828
1 2 0.557159 63.063460
2 8 9.920293 40.706265
2 4 2.847944 45.011110
3 8 3.124585 32.388269
3 5 8.181266 18.788294
4 7 4.134066 42.638011
5 7 3.633531 43.139309
5 6 5.727415 8.062258
