9 11 41214 1202 98 5 0.001000 20
34 60 51.245026 43.431830
68 1 28.055987 33.969472
84 62 5.563962 5.494038
43 75 20.150880 17.003939
39 61 8.742179 9.255559
35 58 15.803371 17.632143
36 66 52.365036 45.335575
66 28 38.995911 45.161176
48 43 48.021511 40.357136
0 5 23.978180 2.236068
0 4 19.548481 5.099020
1 4 17.592950 66.640828
1 2 22.182429 63.063460
2 8 20.506500 40.706265
2 4 16.857260 45.011110
3 8 16.831920 32.388269
3 5 18.423238 18.788294
4 7 24.698211 42.638011
5 7 18.831937 43.139309
5 6 16.555277 8.062258
