10 10 28225 671 142 26 0.010000 20
13 81 24.808174 27.799727
80 78 27.540098 31.312761
22 73 6.956690 8.659959
85 16 33.324694 31.396427
50 19 37.762339 36.120874
8 50 6.355469 6.235965
73 85 18.668029 22.681569
71 58 42.322120 39.935553
79 14 38.463107 47.476699
79 82 35.246863 30.306822
0 2 6.939969 12.041595
1 9 6.831082 4.123106
1 6 2.545593 9.899495
2 8 9.591203 82.036577
2 7 7.357492 51.244512
3 8 5.599046 6.324555
4 9 9.435207 69.354164
5 8 3.019306 79.605276
6 9 4.395881 6.708204
7 9 3.122852 25.298221
