9 11 41142 526 98 7 0.001000 20
34 60 27.107142 30.428314
68 1 54.560699 47.121987
84 62 4.180084 5.115155
43 75 10.594780 10.506697
39 61 9.607102 9.806088
35 58 16.384696 19.600851
36 66 23.564730 27.438291
66 28 39.534011 40.962666
48 43 29.784759 28.748098
0 5 16.905270 2.236068
0 4 20.817382 5.099020
1 4 24.606493 66.640828
1 2 17.209849 63.063460
2 8 20.661792 40.706265
2 4 21.526213 45.011110
3 8 15.286993 32.388269
3 5 24.169918 18.788294
4 7 22.846728 42.638011
5 7 21.609879 43.139309
5 6 21.504196 8.062258
