10 10 2431 2112 43 9 0.001000 20
13 81 51.579911 47.039466
80 78 29.405370 30.417206
22 73 28.972941 32.082959
85 16 25.312693 22.789158
50 19 44.250137 41.651614
8 50 8.416816 10.007187
73 85 2.062583 1.738745
71 58 14.408432 17.304828
79 14 47.457023 47.169610
79 82 6.463077 6.019342
0 2 2.190613 12.041595
1 9 7.122194 4.123106
1 6 1.057605 9.899495
2 8 2.577789 82.036577
2 7 2.122737 51.244512
3 8 6.704553 6.324555
4 9 3.355639 69.354164
5 8 4.678377 79.605276
6 9 9.278257 6.708204
7 9 4.001629 25.298221
