10 10 31675 442 92 8 0 20
13 81 39.459639 42.202251
80 78 33.074235 40.768827
22 73 26.040171 22.232366
85 16 23.803700 22.445814
50 19 17.088948 15.722295
8 50 2.794204 2.936162
73 85 33.586850 31.635881
71 58 45.183620 41.855046
79 14 24.461138 21.063041
79 82 28.931733 24.197972
0 2 18.032443 12.041595
1 9 16.860079 4.123106
1 6 21.325896 9.899495
2 8 21.406009 82.036577
2 7 21.161672 51.244512
3 8 24.513127 6.324555
4 9 20.244761 69.354164
5 8 17.605066 79.605276
6 9 24.378821 6.708204
7 9 16.831511 25.298221
