9 11 32413 2726 197 46 0.010000 20
34 60 36.237724 39.731274
68 1 32.657456 36.956686
84 62 17.965112 19.761285
43 75 21.104543 23.352791
39 61 17.806795 21.299109
35 58 13.663581 13.739003
36 66 17.067206 15.156187
66 28 42.883511 40.169208
48 43 50.653223 43.567310
0 5 36.348693 2.236068
0 4 38.865941 5.099020
1 4 40.230870 66.640828
1 2 35.149792 63.063460
2 8 37.328682 40.706265
2 4 37.318296 45.011110
3 8 44.912957 32.388269
3 5 36.848119 18.788294
4 7 38.797622 42.638011
5 7 38.738726 43.139309
5 6 37.928548 8.062258
