9 11 38666 853 94 5 0.000100 20
34 60 20.965156 24.782733
68 1 49.755655 48.898694
84 62 1.270527 1.296553
43 75 36.255354 35.701667
39 61 25.389758 28.986181
35 58 33.662117 32.583835
36 66 45.612419 48.879812
66 28 12.367594 13.286657
48 43 30.340593 30.203252
0 5 15.945445 2.236068
0 4 17.689176 5.099020
1 4 16.131894 66.640828
1 2 16.313897 63.063460
2 8 16.810801 40.706265
2 4 19.211480 45.011110
3 8 18.989353 32.388269
3 5 15.273698 18.788294
4 7 18.843658 42.638011
5 7 24.126680 43.139309
5 6 20.752049 8.062258
