9 11 38393 1139 191 45 0.001000 20
34 60 21.291134 26.551008
68 1 22.328850 21.127925
84 62 32.052625 38.246671
43 75 49.819736 44.533501
39 61 3.018346 3.368198
35 58 55.465389 48.483351
36 66 35.262384 29.389168
66 28 18.400139 18.498388
48 43 23.399018 23.411690
0 5 36.576519 2.236068
0 4 43.877801 5.099020
1 4 36.660899 66.640828
1 2 41.567586 63.063460
2 8 42.554252 40.706265
2 4 35.995575 45.011110
3 8 43.942906 32.388269
3 5 37.192774 18.788294
4 7 40.078942 42.638011
5 7 44.196737 43.139309
5 6 42.337194 8.062258
