10 10 33071 1222 999 996 1.000000 20
13 81 32.555956 32.230740
80 78 6.360934 6.523689
22 73 12.340162 10.934503
85 16 52.745184 49.089807
50 19 22.789628 22.586636
8 50 22.237674 23.027103
73 85 29.080185 35.188506
71 58 38.171037 33.473182
79 14 1.369449 1.648348
79 82 7.554565 8.022582
0 2 49.787003 12.041595
1 9 42.049227 4.123106
1 6 47.451539 9.899495
2 8 47.799880 82.036577
2 7 40.278037 51.244512
3 8 49.847078 6.324555
4 9 41.708159 69.354164
5 8 43.766154 79.605276
6 9 40.108557 6.708204
7 9 43.787719 25.298221
