10 10 47000 1187 991 999 1.000000 20
13 81 20.092963 18.591320
80 78 19.431960 18.754481
22 73 35.016856 40.705323
85 16 9.905992 11.713953
50 19 0.355746 0.384451
8 50 27.555363 31.731011
73 85 1.376411 1.237078
71 58 25.700683 31.043684
79 14 6.148306 6.041021
79 82 3.449221 3.568826
0 2 2.718615 12.041595
1 9 8.838932 4.123106
1 6 7.393293 9.899495
2 8 5.457104 82.036577
2 7 7.883853 51.244512
3 8 9.643628 6.324555
4 9 8.465208 69.354164
5 8 6.167031 79.605276
6 9 2.113629 6.708204
7 9 7.044177 25.298221
