9 11 39538 313 992 999 1 20
34 60 4.229748 4.456944
68 1 11.361922 10.488995
84 62 51.688196 44.370143
43 75 32.367097 30.898788
39 61 8.609917 9.598889
35 58 44.928301 40.652983
36 66 9.098307 10.257577
66 28 25.452163 29.111779
48 43 18.164176 17.024773
0 5 8.280851 2.236068
0 4 9.811837 5.099020
1 4 1.615775 66.640828
1 2 6.485167 63.063460
2 8 9.803751 40.706265
2 4 3.408722 45.011110
3 8 5.021320 32.388269
3 5 8.097326 18.788294
4 7 6.640252 42.638011
5 7 6.526918 43.139309
5 6 5.779296 8.062258
