10 10 41964 680 995 998 1.000000 20
13 81 4.497031 4.197642
80 78 17.494401 18.624737
22 73 22.291892 24.194393
85 16 44.868595 37.462195
50 19 31.401760 31.929281
8 50 30.655153 36.064668
73 85 4.203752 4.553806
71 58 33.335671 37.822549
79 14 25.271416 29.786092
79 82 39.575173 44.442963
0 2 47.147018 12.041595
1 9 43.892927 4.123106
1 6 49.402224 9.899495
2 8 49.103749 82.036577
2 7 48.888567 51.244512
3 8 40.525462 6.324555
4 9 48.729921 69.354164
5 8 43.491161 79.605276
6 9 47.233206 6.708204
7 9 43.396287 25.298221
