10 10 44729 549 146 28 0.010000 20
13 81 12.713834 10.674320
80 78 50.217854 48.677270
22 73 25.923240 27.948779
85 16 7.260928 8.932059
50 19 11.184135 10.867961
8 50 48.319863 46.918501
73 85 11.995871 14.961993
71 58 11.004697 13.724129
79 14 28.240075 28.926019
79 82 23.247710 20.808526
0 2 3.521934 12.041595
1 9 9.657155 4.123106
1 6 3.163581 9.899495
2 8 5.773409 82.036577
2 7 7.416691 51.244512
3 8 9.587052 6.324555
4 9 5.236410 69.354164
5 8 0.308466 79.605276
6 9 4.029673 6.708204
7 9 0.049070 25.298221
