10 10 35551 872 999 996 1.000000 20
13 81 12.678988 14.363268
80 78 36.620386 37.939469
22 73 33.621768 29.570865
85 16 39.047274 34.832986
50 19 9.615330 8.389785
8 50 29.731134 25.750914
73 85 19.498524 23.521528
71 58 53.111621 49.420310
79 14 21.721947 23.034357
79 82 2.496540 3.044871
0 2 0.512055 12.041595
1 9 8.260816 4.123106
1 6 5.231589 9.899495
2 8 4.214088 82.036577
2 7 3.260013 51.244512
3 8 7.817669 6.324555
4 9 7.554793 69.354164
5 8 9.900031 79.605276
6 9 7.011085 6.708204
7 9 3.533124 25.298221
