10 10 37388 814 197 47 0.010000 20
13 81 24.400237 24.320796
80 78 30.388267 31.428725
22 73 8.656036 9.762483
85 16 33.642289 31.160318
50 19 2.369206 1.990834
8 50 41.709286 45.901640
73 85 21.160065 18.352337
71 58 9.760430 10.701828
79 14 3.670793 4.506780
79 82 39.900270 37.821886
0 2 37.771467 12.041595
1 9 35.368894 4.123106
1 6 42.736017 9.899495
2 8 44.853375 82.036577
2 7 43.570830 51.244512
3 8 40.930050 6.324555
4 9 38.034846 69.354164
5 8 41.133698 79.605276
6 9 40.161534 6.708204
7 9 42.453330 25.298221
