9 11 34216 318 143 29 0.001000 20
34 60 15.848114 17.930305
68 1 0.241807 0.235002
84 62 1.052880 0.914912
43 75 42.700531 35.754939
39 61 36.426279 42.408414
35 58 4.580102 4.977187
36 66 24.381379 29.694088
66 28 52.798485 46.897750
48 43 16.629046 20.560574
0 5 3.946372 2.236068
0 4 1.703576 5.099020
1 4 3.663162 66.640828
1 2 1.088460 63.063460
2 8 6.578698 40.706265
2 4 2.578761 45.011110
3 8 1.042100 32.388269
3 5 8.213609 18.788294
4 7 8.419014 42.638011
5 7 1.194754 43.139309
5 6 4.436099 8.062258
