9 11 37074 299 995 996 1.000000 20
34 60 25.635586 29.952909
68 1 29.430747 29.600185
84 62 37.119054 37.217144
43 75 12.693572 13.285424
39 61 9.643623 9.929525
35 58 42.437285 44.426457
36 66 37.258153 43.563821
66 28 34.552447 33.461926
48 43 0.799659 0.943403
0 5 48.483355 2.236068
0 4 45.580105 5.099020
1 4 49.793381 66.640828
1 2 41.762300 63.063460
2 8 44.007282 40.706265
2 4 41.737479 45.011110
3 8 45.567485 32.388269
3 5 44.854421 18.788294
4 7 44.934419 42.638011
5 7 47.959711 43.139309
5 6 45.442669 8.062258
