10 10 25684 355 141 29 0.001000 20
13 81 36.378246 44.726607
80 78 34.843934 29.162481
22 73 5.386655 6.355122
85 16 12.159009 13.578571
50 19 39.988829 49.506251
8 50 8.643220 7.537341
73 85 30.506855 28.107070
71 58 40.424518 36.494053
79 14 32.493783 30.680545
79 82 13.530956 14.215600
0 2 1.090792 12.041595
1 9 8.793611 4.123106
1 6 6.691108 9.899495
2 8 5.191948 82.036577
2 7 9.575837 51.244512
3 8 1.358090 6.324555
4 9 2.448943 69.354164
5 8 4.844311 79.605276
6 9 4.605236 6.708204
7 9 2.516335 25.298221
