9 11 43105 3419 199 47 0.010000 20
34 60 37.489073 41.082665
68 1 34.111864 35.639931
84 62 32.899213 29.164955
43 75 38.030653 33.289160
39 61 5.183891 4.617158
35 58 43.644387 48.368003
36 66 27.859075 23.954456
66 28 30.457039 25.963924
48 43 38.991311 34.693697
0 5 36.866926 2.236068
0 4 36.161926 5.099020
1 4 44.281782 66.640828
1 2 38.135552 63.063460
2 8 40.465973 40.706265
2 4 39.387055 45.011110
3 8 37.083094 32.388269
3 5 39.495501 18.788294
4 7 43.078892 42.638011
5 7 36.981178 43.139309
5 6 35.628063 8.062258
