10 10 30500 743 999 996 1.000000 20
13 81 23.982627 24.436108
80 78 21.828839 19.381709
22 73 2.378074 2.487334
85 16 0.296678 0.287070
50 19 41.989611 43.258211
8 50 10.735360 11.015565
73 85 34.400159 29.549338
71 58 15.475192 15.395943
79 14 24.918723 28.503900
79 82 10.224268 9.159918
0 2 8.621411 12.041595
1 9 3.174494 4.123106
1 6 1.530116 9.899495
2 8 3.255218 82.036577
2 7 0.563066 51.244512
3 8 2.495878 6.324555
4 9 4.114646 69.354164
5 8 6.132643 79.605276
6 9 3.590670 6.708204
7 9 1.444666 25.298221
