9 11 4225 267 97 6 0.000100 20
34 60 27.803275 31.446317
68 1 18.090166 21.267200
84 62 15.446059 13.505667
43 75 32.983056 35.163243
39 61 21.361793 22.958567
35 58 25.411366 30.612362
36 66 28.616869 27.978951
66 28 12.032472 11.520057
48 43 16.320988 17.621687
0 5 20.511319 2.236068
0 4 20.161015 5.099020
1 4 18.088845 66.640828
1 2 16.562278 63.063460
2 8 15.236710 40.706265
2 4 15.455225 45.011110
3 8 19.186335 32.388269
3 5 21.749879 18.788294
4 7 23.496087 42.638011
5 7 16.072280 43.139309
5 6 23.485298 8.062258
