10 10 46853 2058 190 48 0 20
13 81 34.794342 42.691610
80 78 22.860733 20.884843
22 73 10.635567 10.542785
85 16 30.529689 25.581318
50 19 32.612396 38.657431
8 50 40.825968 48.472406
73 85 31.699470 34.798463
71 58 26.110187 28.041349
79 14 25.224947 25.756038
79 82 9.606850 10.219632
0 2 41.549571 12.041595
1 9 43.251801 4.123106
1 6 43.269061 9.899495
2 8 39.427205 82.036577
2 7 43.920015 51.244512
3 8 44.105838 6.324555
4 9 35.818819 69.354164
5 8 38.270763 79.605276
6 9 37.135951 6.708204
7 9 42.280261 25.298221
