9 11 34621 265 140 28 0.001000 20
34 60 16.616098 18.915832
68 1 24.574933 26.466673
84 62 35.849125 30.548566
43 75 8.447846 7.915049
39 61 17.361750 19.535913
35 58 42.731714 41.397441
36 66 1.165746 1.106792
66 28 7.396376 6.628692
48 43 31.917665 36.934943
0 5 7.857268 2.236068
0 4 1.644299 5.099020
1 4 1.494597 66.640828
1 2 4.337831 63.063460
2 8 5.137255 40.706265
2 4 3.838173 45.011110
3 8 5.010075 32.388269
3 5 6.488330 18.788294
4 7 3.470320 42.638011
5 7 2.170864 43.139309
5 6 8.394874 8.062258
