10 10 34566 344 197 47 0.010000 20
13 81 24.753213 23.269059
80 78 51.091947 48.223328
22 73 24.362339 25.233720
85 16 3.243313 3.111559
50 19 41.936633 36.485547
8 50 44.954437 40.465092
73 85 0.820512 0.882522
71 58 9.784427 10.999487
79 14 26.677045 23.488829
79 82 40.816111 39.516471
0 2 40.266180 12.041595
1 9 38.460260 4.123106
1 6 43.218523 9.899495
2 8 40.319480 82.036577
2 7 40.625391 51.244512
3 8 37.938657 6.324555
4 9 36.140867 69.354164
5 8 43.724529 79.605276
6 9 43.346501 6.708204
7 9 38.042156 25.298221
