9 11 33042 707 149 28 0.001000 20
34 60 48.570038 44.649025
68 1 46.115590 43.497249
84 62 3.644398 3.286108
43 75 40.504997 35.167539
39 61 8.305109 9.303157
35 58 0.679181 0.799616
36 66 40.068216 38.013205
66 28 10.478534 11.700654
48 43 7.004996 6.600978
0 5 2.733733 2.236068
0 4 5.473470 5.099020
1 4 6.017165 66.640828
1 2 1.067313 63.063460
2 8 4.224890 40.706265
2 4 3.314552 45.011110
3 8 4.867559 32.388269
3 5 9.264273 18.788294
4 7 1.169454 42.638011
5 7 2.890078 43.139309
5 6 4.728232 8.062258
