9 11 4322 525 92 8 0.000100 20
34 60 28.875402 25.971542
68 1 9.913262 8.689584
84 62 41.766706 40.328439
43 75 33.792327 28.711813
39 61 42.211868 49.415131
35 58 32.924974 30.740250
36 66 28.570264 29.233905
66 28 5.079517 5.556689
48 43 20.449977 18.206222
0 5 20.940030 2.236068
0 4 21.237441 5.099020
1 4 19.698547 66.640828
1 2 16.607531 63.063460
2 8 16.763926 40.706265
2 4 23.939790 45.011110
3 8 16.957279 32.388269
3 5 16.157754 18.788294
4 7 16.871783 42.638011
5 7 23.534303 43.139309
5 6 22.889636 8.062258
