10 10 29913 1189 995 997 1 20
13 81 24.056485 21.949075
80 78 7.519834 6.478867
22 73 1.154135 1.265143
85 16 46.547686 40.352183
50 19 13.589107 15.204535
8 50 19.833511 16.752235
73 85 10.872625 11.832485
71 58 5.123412 4.517869
79 14 9.449201 8.259727
79 82 3.332541 3.983520
0 2 9.576203 12.041595
1 9 8.229514 4.123106
1 6 4.373603 9.899495
2 8 1.648771 82.036577
2 7 4.527490 51.244512
3 8 8.043488 6.324555
4 9 4.444498 69.354164
5 8 2.990757 79.605276
6 9 0.914844 6.708204
7 9 1.279532 25.298221
