10 10 27204 420 995 997 1.000000 20
13 81 20.901392 25.354326
80 78 16.079761 18.124479
22 73 9.942576 9.384652
85 16 4.468637 5.399729
50 19 5.215130 5.288888
8 50 12.705242 12.517253
73 85 4.873425 4.166482
71 58 20.789012 18.504557
79 14 48.974419 41.160575
79 82 31.054860 28.071946
0 2 47.440567 12.041595
1 9 44.102150 4.123106
1 6 45.347206 9.899495
2 8 45.154108 82.036577
2 7 42.120315 51.244512
3 8 46.860228 6.324555
4 9 47.629088 69.354164
5 8 42.056429 79.605276
6 9 46.723302 6.708204
7 9 49.563114 25.298221
