10 10 47282 430 45 9 0.001000 20
13 81 48.435127 49.313403
80 78 56.676060 47.273870
22 73 43.649642 46.638259
85 16 31.383503 33.583693
50 19 49.949279 45.586865
8 50 21.720003 19.440646
73 85 47.000315 48.670172
71 58 40.036894 36.095162
79 14 1.521577 1.417821
79 82 38.766275 41.097398
0 2 4.134398 12.041595
1 9 4.860739 4.123106
1 6 7.119661 9.899495
2 8 9.120181 82.036577
2 7 1.534440 51.244512
3 8 7.726490 6.324555
4 9 3.761834 69.354164
5 8 8.766722 79.605276
6 9 3.888409 6.708204
7 9 4.370842 25.298221
