10 10 42838 276 993 998 1 20
13 81 31.162523 29.039933
80 78 6.191994 6.656477
22 73 9.138626 8.278857
85 16 52.955142 46.340673
50 19 49.618658 47.889218
8 50 41.390037 35.260893
73 85 32.185449 35.634034
71 58 49.801263 47.200306
79 14 13.874649 12.469253
79 82 32.505522 27.112779
0 2 3.657438 12.041595
1 9 9.664407 4.123106
1 6 6.268606 9.899495
2 8 5.935043 82.036577
2 7 7.361110 51.244512
3 8 7.027464 6.324555
4 9 3.714150 69.354164
5 8 8.127612 79.605276
6 9 8.352092 6.708204
7 9 1.519019 25.298221
