9 11 41541 345 192 46 0 20
34 60 44.088599 47.871191
68 1 28.250720 34.573768
84 62 0.734003 0.841770
43 75 46.813834 42.926790
39 61 18.324369 17.813165
35 58 44.356221 37.921584
36 66 13.265927 12.369359
66 28 51.001950 46.952716
48 43 39.324382 36.299651
0 5 41.814890 2.236068
0 4 39.684180 5.099020
1 4 43.212784 66.640828
1 2 40.587969 63.063460
2 8 43.329355 40.706265
2 4 43.532918 45.011110
3 8 42.879943 32.388269
3 5 42.377308 18.788294
4 7 41.423122 42.638011
5 7 40.421550 43.139309
5 6 35.019163 8.062258
