10 10 46384 1289 140 26 0.001000 20
13 81 46.937525 39.734899
80 78 34.017716 36.306593
22 73 27.499516 31.442861
85 16 2.119589 2.447403
50 19 38.110166 35.081436
8 50 18.959245 18.016650
73 85 12.428636 12.689519
71 58 41.077274 41.919910
79 14 7.973908 8.894283
79 82 1.699386 1.853443
0 2 2.972691 12.041595
1 9 3.067017 4.123106
1 6 3.263964 9.899495
2 8 9.443898 82.036577
2 7 2.065022 51.244512
3 8 8.818156 6.324555
4 9 2.231195 69.354164
5 8 4.552987 79.605276
6 9 3.648282 6.708204
7 9 7.538942 25.298221
