9 11 3470 291 141 25 0.010000 20
34 60 38.398559 38.154453
68 1 29.931126 29.517759
84 62 43.805844 44.397555
43 75 11.995128 14.275812
39 61 19.217107 21.190154
35 58 14.986188 16.985019
36 66 36.066632 35.271763
66 28 13.495292 14.690770
48 43 20.282509 17.418244
0 5 9.806705 2.236068
0 4 8.070609 5.099020
1 4 6.727486 66.640828
1 2 1.852891 63.063460
2 8 0.547884 40.706265
2 4 7.204780 45.011110
3 8 1.440321 32.388269
3 5 1.241133 18.788294
4 7 1.451333 42.638011
5 7 5.759530 43.139309
5 6 8.759013 8.062258
