9 11 37629 573 993 995 1.000000 20
34 60 43.270814 38.696563
68 1 27.778310 33.709950
84 62 31.190713 27.435546
43 75 0.533794 0.471495
39 61 3.653075 3.196642
35 58 44.084268 48.202963
36 66 18.262638 20.593826
66 28 14.037605 15.104408
48 43 22.719601 24.665006
0 5 2.081086 2.236068
0 4 0.304176 5.099020
1 4 1.278027 66.640828
1 2 9.494784 63.063460
2 8 1.831104 40.706265
2 4 0.433672 45.011110
3 8 6.588142 32.388269
3 5 7.551368 18.788294
4 7 8.329540 42.638011
5 7 9.083221 43.139309
5 6 3.561467 8.062258
