10 10 45066 383 994 995 1.000000 20
13 81 18.222981 16.230415
80 78 36.973311 42.010995
22 73 23.006259 19.869659
85 16 39.603468 38.593629
50 19 28.616187 24.413266
8 50 40.935375 48.509268
73 85 42.062141 46.493170
71 58 9.376141 9.496789
79 14 42.097071 36.217177
79 82 31.339213 32.591597
0 2 48.302915 12.041595
1 9 43.978456 4.123106
1 6 48.643021 9.899495
2 8 43.064556 82.036577
2 7 48.557776 51.244512
3 8 49.681026 6.324555
4 9 45.600926 69.354164
5 8 47.013174 79.605276
6 9 49.999676 6.708204
7 9 40.766537 25.298221
