9 11 32229 370 191 49 0.001000 20
34 60 45.242336 41.606188
68 1 14.090536 12.832067
84 62 15.603025 15.261282
43 75 0.984128 0.965703
39 61 38.086437 36.849860
35 58 13.182984 14.003650
36 66 33.809361 35.474664
66 28 22.784264 19.029030
48 43 1.771620 2.059509
0 5 36.844051 2.236068
0 4 42.792578 5.099020
1 4 37.040661 66.640828
1 2 35.934432 63.063460
2 8 35.701799 40.706265
2 4 38.085773 45.011110
3 8 38.001830 32.388269
3 5 40.715928 18.788294
4 7 44.243631 42.638011
5 7 41.678641 43.139309
5 6 35.126373 8.062258
