10 10 38971 915 998 997 1 20
13 81 1.792492 1.878745
80 78 15.826515 18.556954
22 73 29.204727 25.694396
85 16 3.024786 3.364645
50 19 29.359238 27.324993
8 50 2.046359 2.376838
73 85 18.710749 22.104949
71 58 38.846175 32.748518
79 14 11.622784 12.317032
79 82 42.963438 41.086286
0 2 4.332163 12.041595
1 9 9.579634 4.123106
1 6 0.909616 9.899495
2 8 6.396807 82.036577
2 7 9.171596 51.244512
3 8 2.189709 6.324555
4 9 8.975295 69.354164
5 8 8.000845 79.605276
6 9 2.421502 6.708204
7 9 6.312832 25.298221
