9 11 4347 387 145 26 0 20
34 60 26.788652 24.329458
68 1 19.131510 21.042696
84 62 14.679340 17.463712
43 75 28.495590 30.076949
39 61 22.016823 19.716295
35 58 0.818745 0.745591
36 66 22.544617 27.366142
66 28 20.770137 20.144744
48 43 50.093563 48.329800
0 5 4.854045 2.236068
0 4 1.770559 5.099020
1 4 5.297124 66.640828
1 2 5.793777 63.063460
2 8 1.835783 40.706265
2 4 3.985669 45.011110
3 8 3.770127 32.388269
3 5 5.242317 18.788294
4 7 5.338970 42.638011
5 7 1.482409 43.139309
5 6 5.409775 8.062258
