10 10 24951 2059 996 998 1.000000 20
13 81 37.122737 42.170178
80 78 11.834665 14.667851
22 73 33.302218 30.052822
85 16 0.545958 0.517308
50 19 11.023595 13.491439
8 50 13.688844 14.314216
73 85 54.342935 45.617582
71 58 28.726547 31.631411
79 14 34.388435 29.394561
79 82 15.825346 17.113564
0 2 0.701758 12.041595
1 9 4.422850 4.123106
1 6 0.279166 9.899495
2 8 1.561885 82.036577
2 7 4.977837 51.244512
3 8 2.142299 6.324555
4 9 7.447065 69.354164
5 8 8.024522 79.605276
6 9 1.685328 6.708204
7 9 8.298403 25.298221
