9 11 4630 472 191 48 0 20
34 60 17.642284 17.009888
68 1 11.737103 10.366121
84 62 23.484640 21.987122
43 75 10.178966 8.536393
39 61 0.985988 0.951729
35 58 29.475846 27.349483
36 66 41.567442 44.399274
66 28 46.120123 38.877018
48 43 25.984770 22.925610
0 5 35.492654 2.236068
0 4 43.056585 5.099020
1 4 43.926101 66.640828
1 2 38.769721 63.063460
2 8 43.934048 40.706265
2 4 36.723509 45.011110
3 8 42.242890 32.388269
3 5 39.823925 18.788294
4 7 39.013062 42.638011
5 7 39.217692 43.139309
5 6 36.702256 8.062258
