10 10 31868 431 997 995 1.000000 20
13 81 26.540076 28.295347
80 78 10.090472 9.160930
22 73 16.745572 16.891264
85 16 23.879736 20.091643
50 19 3.778278 3.489786
8 50 3.091044 3.288767
73 85 7.932889 7.524964
71 58 27.853104 24.342736
79 14 31.974071 34.091070
79 82 46.454208 42.570217
0 2 0.536534 12.041595
1 9 8.791486 4.123106
1 6 2.979374 9.899495
2 8 0.010473 82.036577
2 7 9.406953 51.244512
3 8 8.436274 6.324555
4 9 1.034062 69.354164
5 8 5.008961 79.605276
6 9 0.196930 6.708204
7 9 5.176523 25.298221
