10 10 39163 1149 146 26 0.010000 20
13 81 30.724639 25.671218
80 78 9.651561 8.329571
22 73 35.900427 32.208855
85 16 24.808847 28.279917
50 19 54.679614 47.151657
8 50 0.726333 0.653501
73 85 9.361650 9.405479
71 58 5.370613 5.524573
79 14 22.288615 20.221685
79 82 22.138226 27.259992
0 2 0.077683 12.041595
1 9 8.626917 4.123106
1 6 3.886923 9.899495
2 8 5.830991 82.036577
2 7 0.915263 51.244512
3 8 3.060994 6.324555
4 9 4.255282 69.354164
5 8 6.883516 79.605276
6 9 3.694847 6.708204
7 9 5.866245 25.298221
