9 11 3882 277 994 995 1.000000 20
34 60 27.652942 24.629974
68 1 25.483146 28.796996
84 62 8.404917 9.334209
43 75 24.440482 28.801409
39 61 28.870114 29.134727
35 58 8.944443 9.976423
36 66 13.919942 16.734725
66 28 1.035218 1.253808
48 43 33.437964 40.285435
0 5 1.089808 2.236068
0 4 6.723181 5.099020
1 4 5.961625 66.640828
1 2 2.982589 63.063460
2 8 0.678304 40.706265
2 4 4.572250 45.011110
3 8 1.893586 32.388269
3 5 6.326120 18.788294
4 7 3.088558 42.638011
5 7 6.956442 43.139309
5 6 4.443394 8.062258
