10 10 44243 963 993 997 1.000000 20
13 81 28.773308 28.749344
80 78 17.318327 16.618688
22 73 49.738234 41.649814
85 16 36.160058 30.822014
50 19 24.360990 24.149279
8 50 44.947428 43.159674
73 85 6.603419 5.728635
71 58 27.164362 28.917717
79 14 10.087343 11.473149
79 82 32.813506 38.888849
0 2 7.527997 12.041595
1 9 0.742613 4.123106
1 6 7.251174 9.899495
2 8 6.784674 82.036577
2 7 7.303719 51.244512
3 8 9.680967 6.324555
4 9 8.241507 69.354164
5 8 6.917769 79.605276
6 9 8.384027 6.708204
7 9 2.943587 25.298221
