10 10 2681 681 93 9 0.001000 20
13 81 40.682393 35.371865
80 78 19.708753 19.522362
22 73 2.179066 2.568483
85 16 36.420189 40.045132
50 19 24.450263 29.607034
8 50 21.370287 20.543559
73 85 12.944447 13.317040
71 58 47.893812 46.253938
79 14 6.164035 7.420587
79 82 39.567942 38.322999
0 2 23.563012 12.041595
1 9 18.088164 4.123106
1 6 15.969860 9.899495
2 8 20.078709 82.036577
2 7 17.317240 51.244512
3 8 16.098701 6.324555
4 9 23.643134 69.354164
5 8 19.979037 79.605276
6 9 18.075947 6.708204
7 9 21.044696 25.298221
