10 10 50657 760 92 6 0 20
13 81 21.600896 24.428090
80 78 30.693234 32.951492
22 73 41.033787 41.228549
85 16 32.743829 33.879260
50 19 30.421388 25.519298
8 50 19.906162 24.050174
73 85 36.846491 39.468825
71 58 0.161908 0.181887
79 14 38.941497 46.100700
79 82 42.695350 49.604765
0 2 24.810857 12.041595
1 9 19.096546 4.123106
1 6 23.291633 9.899495
2 8 24.317213 82.036577
2 7 22.225887 51.244512
3 8 16.547028 6.324555
4 9 15.412218 69.354164
5 8 24.078547 79.605276
6 9 23.236361 6.708204
7 9 20.524075 25.298221
