10 10 40837 925 199 46 0 20
13 81 27.721725 29.869121
80 78 27.002359 31.495048
22 73 23.912983 24.015822
85 16 5.546730 4.861729
50 19 35.323673 41.868882
8 50 33.760986 29.204212
73 85 42.152015 49.815819
71 58 0.529022 0.643046
79 14 20.772320 19.098985
79 82 32.669680 37.407393
0 2 38.726303 12.041595
1 9 43.361208 4.123106
1 6 43.102569 9.899495
2 8 40.845561 82.036577
2 7 37.610590 51.244512
3 8 40.776611 6.324555
4 9 44.546335 69.354164
5 8 35.331671 79.605276
6 9 35.396935 6.708204
7 9 44.436051 25.298221
