9 11 39081 986 992 998 1.000000 20
34 60 40.915679 47.310102
68 1 5.457838 5.688823
84 62 34.137954 38.637791
43 75 30.694000 28.445159
39 61 22.100911 26.461475
35 58 18.563509 16.540040
36 66 30.413529 33.365401
66 28 15.159897 12.647142
48 43 17.521288 17.798057
0 5 0.462110 2.236068
0 4 8.036964 5.099020
1 4 5.929165 66.640828
1 2 5.956399 63.063460
2 8 0.207366 40.706265
2 4 1.163551 45.011110
3 8 4.498466 32.388269
3 5 6.947554 18.788294
4 7 7.914637 42.638011
5 7 0.859783 43.139309
5 6 0.278929 8.062258
