10 10 33947 1482 48 9 0 20
13 81 46.286063 44.543136
80 78 23.234058 21.401079
22 73 8.183113 6.937834
85 16 38.762212 46.123839
50 19 48.859975 46.409300
8 50 34.063865 37.418198
73 85 28.059216 33.418884
71 58 10.832577 12.747308
79 14 9.580274 8.022576
79 82 14.169451 17.263426
0 2 1.828312 12.041595
1 9 8.113841 4.123106
1 6 7.121268 9.899495
2 8 7.512140 82.036577
2 7 5.941969 51.244512
3 8 0.734489 6.324555
4 9 2.570804 69.354164
5 8 8.734640 79.605276
6 9 2.647864 6.708204
7 9 8.545682 25.298221
