10 10 36595 1704 192 47 0.001000 20
13 81 37.019877 39.078961
80 78 8.368218 7.461095
22 73 32.373761 39.379440
85 16 38.651648 40.752338
50 19 7.578880 8.332206
8 50 38.052258 43.593875
73 85 29.284383 33.879502
71 58 6.349658 6.238196
79 14 11.577095 11.557095
79 82 31.089081 38.062857
0 2 36.585275 12.041595
1 9 36.164186 4.123106
1 6 36.105442 9.899495
2 8 44.443105 82.036577
2 7 43.979685 51.244512
3 8 39.735072 6.324555
4 9 37.835806 69.354164
5 8 36.015387 79.605276
6 9 40.227881 6.708204
7 9 35.775219 25.298221
