10 10 39333 2047 145 25 0.001000 20
13 81 13.324620 16.008843
80 78 30.154960 37.239596
22 73 26.794952 28.013932
85 16 5.130190 4.993188
50 19 14.144230 12.814082
8 50 16.588960 16.356512
73 85 27.542487 33.181557
71 58 26.289006 31.174560
79 14 38.317127 36.278819
79 82 22.961885 20.974350
0 2 3.219762 12.041595
1 9 7.554307 4.123106
1 6 9.386513 9.899495
2 8 7.832890 82.036577
2 7 8.979606 51.244512
3 8 5.604088 6.324555
4 9 2.299872 69.354164
5 8 0.951004 79.605276
6 9 5.700152 6.708204
7 9 5.583785 25.298221
