10 10 43078 1330 199 46 0.010000 20
13 81 44.982295 43.609708
80 78 30.891544 34.300077
22 73 37.203297 35.068665
85 16 8.988177 7.967313
50 19 41.424108 37.621566
8 50 0.925061 0.861262
73 85 36.694661 42.117022
71 58 34.395423 30.354635
79 14 27.000748 30.958668
79 82 22.357281 18.636848
0 2 36.462775 12.041595
1 9 39.886605 4.123106
1 6 42.920026 9.899495
2 8 40.559703 82.036577
2 7 37.881859 51.244512
3 8 36.978287 6.324555
4 9 36.972753 69.354164
5 8 43.246948 79.605276
6 9 39.855503 6.708204
7 9 35.623179 25.298221
