9 11 45800 456 991 998 1.000000 20
34 60 21.364072 24.206428
68 1 35.341027 38.495181
84 62 50.673459 49.908081
43 75 31.015320 27.213913
39 61 50.501230 42.473750
35 58 35.628147 36.429125
36 66 23.788220 29.381642
66 28 43.285746 39.934771
48 43 37.750858 42.943202
0 5 8.628983 2.236068
0 4 8.967385 5.099020
1 4 3.487992 66.640828
1 2 5.386838 63.063460
2 8 1.513464 40.706265
2 4 7.464225 45.011110
3 8 1.265706 32.388269
3 5 5.217922 18.788294
4 7 6.064010 42.638011
5 7 7.984733 43.139309
5 6 4.367560 8.062258
