10 10 32760 446 996 996 1.000000 20
13 81 7.917933 8.870266
80 78 19.391713 20.860588
22 73 28.389479 26.137956
85 16 30.532005 33.360843
50 19 28.013532 32.456505
8 50 15.911257 14.510303
73 85 21.513604 18.309052
71 58 46.892971 47.652125
79 14 5.107707 6.336521
79 82 14.838781 16.076112
0 2 6.597481 12.041595
1 9 8.341616 4.123106
1 6 0.370944 9.899495
2 8 1.914585 82.036577
2 7 6.458533 51.244512
3 8 8.521599 6.324555
4 9 6.543804 69.354164
5 8 1.652422 79.605276
6 9 6.323282 6.708204
7 9 0.755907 25.298221
