9 11 33789 2664 992 999 1 20
34 60 24.374033 20.444952
68 1 17.715081 19.216232
84 62 30.678261 37.361504
43 75 3.614137 3.069808
39 61 39.595448 42.497254
35 58 57.975048 48.486385
36 66 17.120310 20.032716
66 28 16.878022 19.194634
48 43 4.214918 4.958208
0 5 0.850667 2.236068
0 4 0.619977 5.099020
1 4 8.044005 66.640828
1 2 1.850639 63.063460
2 8 0.738614 40.706265
2 4 0.994829 45.011110
3 8 4.024228 32.388269
3 5 4.524139 18.788294
4 7 1.406078 42.638011
5 7 9.839972 43.139309
5 6 7.223395 8.062258
