9 11 30487 630 990 998 1.000000 20
34 60 22.368644 21.235171
68 1 51.018266 43.197956
84 62 16.659881 20.250782
43 75 4.120793 4.287933
39 61 33.576000 39.998139
35 58 7.643088 8.275530
36 66 11.956444 11.364848
66 28 31.836218 38.924338
48 43 11.555053 14.181938
0 5 45.144793 2.236068
0 4 44.871073 5.099020
1 4 43.138666 66.640828
1 2 48.566076 63.063460
2 8 40.461497 40.706265
2 4 41.720234 45.011110
3 8 41.957561 32.388269
3 5 42.378882 18.788294
4 7 47.470052 42.638011
5 7 43.810846 43.139309
5 6 43.445052 8.062258
