10 10 43214 1420 991 995 1.000000 20
13 81 43.110028 38.815866
80 78 50.001487 46.916490
22 73 20.539977 23.324145
85 16 42.847658 45.751448
50 19 23.657084 25.802249
8 50 9.473859 7.906828
73 85 8.861740 9.604279
71 58 19.520254 16.718196
79 14 0.841746 0.834646
79 82 55.719155 47.567112
0 2 45.520455 12.041595
1 9 40.029033 4.123106
1 6 46.029869 9.899495
2 8 47.929203 82.036577
2 7 46.807724 51.244512
3 8 46.133149 6.324555
4 9 46.101437 69.354164
5 8 44.151518 79.605276
6 9 45.597275 6.708204
7 9 48.282551 25.298221
