9 11 41166 1974 46 6 0 20
34 60 3.308800 3.326515
68 1 17.898140 19.753659
84 62 26.513954 22.701911
43 75 39.319753 36.682882
39 61 26.150612 22.472557
35 58 48.365536 48.738303
36 66 6.229248 5.605995
66 28 53.763875 49.146812
48 43 16.258538 13.608225
0 5 4.563112 2.236068
0 4 3.135165 5.099020
1 4 1.523807 66.640828
1 2 0.828476 63.063460
2 8 4.742946 40.706265
2 4 5.748809 45.011110
3 8 4.338006 32.388269
3 5 5.795048 18.788294
4 7 1.418142 42.638011
5 7 1.709454 43.139309
5 6 8.789221 8.062258
