9 11 33157 458 93 7 0 20
34 60 1.119780 1.393578
68 1 13.507866 12.799229
84 62 35.482833 38.861259
43 75 10.699305 12.404179
39 61 25.490047 27.944728
35 58 54.152355 47.875108
36 66 23.312545 22.944494
66 28 1.358976 1.178243
48 43 9.913450 9.658053
0 5 20.759135 2.236068
0 4 19.806292 5.099020
1 4 17.737548 66.640828
1 2 24.725127 63.063460
2 8 24.622704 40.706265
2 4 24.974947 45.011110
3 8 21.886514 32.388269
3 5 21.755484 18.788294
4 7 22.456777 42.638011
5 7 15.812411 43.139309
5 6 19.195103 8.062258
