10 10 27275 315 92 6 0.001000 20
13 81 32.006899 38.644375
80 78 53.198028 48.174993
22 73 42.088653 48.904194
85 16 12.936222 11.075791
50 19 32.036236 27.013068
8 50 28.962783 28.108092
73 85 19.747621 22.452214
71 58 0.793303 0.918063
79 14 13.372746 13.444076
79 82 25.570219 30.911604
0 2 19.414211 12.041595
1 9 22.118917 4.123106
1 6 18.905788 9.899495
2 8 16.122880 82.036577
2 7 24.192492 51.244512
3 8 17.968967 6.324555
4 9 20.575146 69.354164
5 8 21.012476 79.605276
6 9 24.065375 6.708204
7 9 18.430943 25.298221
