10 10 36944 362 995 997 1 20
13 81 43.190506 41.519342
80 78 10.696459 9.305184
22 73 14.362323 15.955271
85 16 8.850423 8.201257
50 19 39.623437 43.621805
8 50 25.892308 22.503267
73 85 33.403277 33.204800
71 58 34.079738 28.399912
79 14 21.978640 24.103367
79 82 6.338078 5.600773
0 2 46.425839 12.041595
1 9 41.771425 4.123106
1 6 43.329650 9.899495
2 8 40.593651 82.036577
2 7 46.812099 51.244512
3 8 45.093286 6.324555
4 9 42.890996 69.354164
5 8 40.149506 79.605276
6 9 42.595122 6.708204
7 9 42.359919 25.298221
