10 10 44054 1020 990 996 1.000000 20
13 81 13.275284 14.399001
80 78 19.071844 23.770392
22 73 8.224655 8.790491
85 16 46.916385 47.102809
50 19 13.939350 12.419225
8 50 4.985790 5.914486
73 85 45.467172 40.461336
71 58 20.634219 19.284240
79 14 33.022699 40.794118
79 82 14.465095 14.386177
0 2 1.994931 12.041595
1 9 6.295537 4.123106
1 6 9.144819 9.899495
2 8 9.233330 82.036577
2 7 7.484451 51.244512
3 8 5.459935 6.324555
4 9 1.866545 69.354164
5 8 2.318996 79.605276
6 9 5.436392 6.708204
7 9 4.246076 25.298221
