9 11 40378 1140 140 26 0 20
34 60 18.661126 16.227636
68 1 25.669632 31.048509
84 62 28.369476 34.530984
43 75 53.946713 46.934263
39 61 35.859977 39.164649
35 58 38.955751 40.909261
36 66 9.967557 12.428613
66 28 21.391508 24.072936
48 43 39.115982 37.755389
0 5 6.626897 2.236068
0 4 9.676023 5.099020
1 4 1.150528 66.640828
1 2 0.141897 63.063460
2 8 8.785337 40.706265
2 4 4.258537 45.011110
3 8 5.520829 32.388269
3 5 7.976947 18.788294
4 7 5.559922 42.638011
5 7 1.103858 43.139309
5 6 7.475046 8.062258
