9 11 5812 715 190 48 0 20
34 60 32.375631 28.827125
68 1 19.686298 21.920519
84 62 35.066394 32.197889
43 75 12.551493 14.713741
39 61 4.281813 5.240168
35 58 44.648722 43.225343
36 66 58.591275 49.849912
66 28 25.038116 27.300200
48 43 9.830001 9.925824
0 5 43.232002 2.236068
0 4 39.394336 5.099020
1 4 42.190590 66.640828
1 2 39.375047 63.063460
2 8 35.610939 40.706265
2 4 41.805635 45.011110
3 8 35.035253 32.388269
3 5 36.586129 18.788294
4 7 41.592111 42.638011
5 7 42.575513 43.139309
5 6 37.132531 8.062258
