9 11 7447 2494 998 999 1.000000 20
34 60 16.469944 13.980593
68 1 34.437732 34.083853
84 62 44.119370 40.151360
43 75 34.806157 29.717536
39 61 43.566233 40.573967
35 58 33.084673 33.446901
36 66 20.917194 23.887679
66 28 28.846028 25.898397
48 43 22.644866 18.895718
0 5 3.166367 2.236068
0 4 8.933980 5.099020
1 4 3.128132 66.640828
1 2 2.106349 63.063460
2 8 5.747722 40.706265
2 4 3.666466 45.011110
3 8 5.281815 32.388269
3 5 3.363566 18.788294
4 7 0.632087 42.638011
5 7 0.038107 43.139309
5 6 6.769753 8.062258
