9 11 8358 1065 997 997 1.000000 20
34 60 2.865764 2.785442
68 1 20.677557 23.841589
84 62 22.351800 26.537146
43 75 30.816391 34.947847
39 61 28.408332 27.853232
35 58 4.302136 4.370781
36 66 36.879957 37.990762
66 28 3.917296 4.664830
48 43 17.450479 17.771403
0 5 45.468749 2.236068
0 4 46.322460 5.099020
1 4 49.306318 66.640828
1 2 41.102983 63.063460
2 8 49.722285 40.706265
2 4 45.764191 45.011110
3 8 49.705417 32.388269
3 5 43.110580 18.788294
4 7 44.196160 42.638011
5 7 49.646121 43.139309
5 6 43.657552 8.062258
