10 10 7921 1221 40 5 0.000100 20
13 81 19.051258 23.380498
80 78 0.494928 0.494366
22 73 25.320209 27.581928
85 16 24.714815 26.851329
50 19 32.674340 32.440324
8 50 13.798477 13.057720
73 85 9.370281 8.115274
71 58 5.242428 5.715052
79 14 51.079942 45.758895
79 82 20.418405 19.088577
0 2 0.453730 12.041595
1 9 6.567883 4.123106
1 6 4.394266 9.899495
2 8 9.845291 82.036577
2 7 8.490494 51.244512
3 8 3.954070 6.324555
4 9 9.808321 69.354164
5 8 2.401840 79.605276
6 9 1.349950 6.708204
7 9 3.299531 25.298221
