10 10 7000 2239 996 998 1 20
13 81 20.280521 20.100740
80 78 14.571313 16.377425
22 73 7.316509 8.403241
85 16 4.803829 4.404329
50 19 41.451670 34.578862
8 50 16.758803 17.718067
73 85 21.547087 25.848314
71 58 21.773740 24.282284
79 14 3.583077 3.965473
79 82 9.144132 8.478245
0 2 9.618675 12.041595
1 9 7.324814 4.123106
1 6 8.536860 9.899495
2 8 1.406679 82.036577
2 7 4.560703 51.244512
3 8 0.468802 6.324555
4 9 6.032916 69.354164
5 8 8.602392 79.605276
6 9 8.601062 6.708204
7 9 3.882098 25.298221
