9 11 6687 1599 198 45 0.001000 20
34 60 28.835195 32.054805
68 1 3.226211 3.794259
84 62 2.235286 2.691239
43 75 56.254542 47.439853
39 61 35.727222 34.303967
35 58 25.461272 24.365193
36 66 21.173629 26.083526
66 28 30.858437 31.941918
48 43 13.042571 15.221554
0 5 43.470917 2.236068
0 4 42.776976 5.099020
1 4 38.552126 66.640828
1 2 41.590959 63.063460
2 8 44.417088 40.706265
2 4 35.854892 45.011110
3 8 44.145223 32.388269
3 5 36.906656 18.788294
4 7 38.988797 42.638011
5 7 39.885227 43.139309
5 6 44.909578 8.062258
