9 11 6200 961 95 9 0.001000 20
34 60 30.751540 29.453870
68 1 13.638149 11.554275
84 62 40.784112 41.717321
43 75 34.874969 40.302324
39 61 4.335537 4.795643
35 58 34.790005 33.531103
36 66 42.071148 49.050162
66 28 21.772798 23.047912
48 43 37.359094 38.030212
0 5 21.975074 2.236068
0 4 21.784702 5.099020
1 4 24.307712 66.640828
1 2 24.202201 63.063460
2 8 23.668302 40.706265
2 4 24.100147 45.011110
3 8 15.923630 32.388269
3 5 20.710388 18.788294
4 7 24.794397 42.638011
5 7 22.256575 43.139309
5 6 20.966092 8.062258
