10 10 4761 757 43 6 0.001000 20
13 81 22.258405 23.968751
80 78 35.590159 37.975364
22 73 20.463047 20.585469
85 16 30.317311 29.966820
50 19 2.943102 3.390070
8 50 50.082941 47.612880
73 85 52.651562 46.754713
71 58 23.648297 23.065934
79 14 38.296604 37.281735
79 82 33.038328 39.201399
0 2 6.861819 12.041595
1 9 3.860793 4.123106
1 6 4.551775 9.899495
2 8 3.966409 82.036577
2 7 6.861411 51.244512
3 8 9.757811 6.324555
4 9 4.845240 69.354164
5 8 5.824580 79.605276
6 9 5.210361 6.708204
7 9 9.278146 25.298221
