9 11 6562 1410 96 6 0.000100 20
34 60 0.016844 0.017641
68 1 20.367294 22.356788
84 62 12.052965 14.005202
43 75 6.625434 6.327903
39 61 42.419239 43.256284
35 58 16.352861 16.890334
36 66 34.191678 32.280643
66 28 20.776548 18.892759
48 43 38.602467 37.847163
0 5 21.801556 2.236068
0 4 22.078432 5.099020
1 4 20.062811 66.640828
1 2 19.147322 63.063460
2 8 18.603659 40.706265
2 4 17.693610 45.011110
3 8 23.768090 32.388269
3 5 15.761069 18.788294
4 7 16.359098 42.638011
5 7 16.882653 43.139309
5 6 16.149869 8.062258
