9 11 6900 412 44 7 0 20
34 60 8.434192 7.863660
68 1 28.510851 24.610321
84 62 30.037937 27.456735
43 75 28.983025 28.780997
39 61 39.035634 44.017081
35 58 19.597497 21.119097
36 66 7.620528 8.641777
66 28 11.015647 9.286754
48 43 2.753327 3.287713
0 5 4.922070 2.236068
0 4 9.197854 5.099020
1 4 2.749056 66.640828
1 2 4.104192 63.063460
2 8 3.312427 40.706265
2 4 9.170144 45.011110
3 8 3.848961 32.388269
3 5 4.426776 18.788294
4 7 3.957481 42.638011
5 7 2.897030 43.139309
5 6 8.429895 8.062258
