9 11 5200 270 91 9 0.001000 20
34 60 12.552817 11.999160
68 1 44.722129 44.485726
84 62 26.262839 26.632278
43 75 16.369983 16.835417
39 61 47.745662 48.126601
35 58 30.063230 36.349723
36 66 53.154219 47.040707
66 28 28.511146 27.853784
48 43 43.833504 44.811454
0 5 16.641728 2.236068
0 4 22.980572 5.099020
1 4 18.125811 66.640828
1 2 20.809135 63.063460
2 8 23.238509 40.706265
2 4 19.127520 45.011110
3 8 22.090126 32.388269
3 5 16.593076 18.788294
4 7 24.017118 42.638011
5 7 20.169771 43.139309
5 6 21.341548 8.062258
