9 11 5628 1031 998 998 1.000000 20
34 60 22.780545 20.203272
68 1 0.127833 0.137475
84 62 31.644714 33.439993
43 75 8.370024 7.141873
39 61 7.028274 7.184043
35 58 20.910153 19.187067
36 66 21.929898 18.677797
66 28 26.947313 25.092635
48 43 40.556273 42.867546
0 5 9.852412 2.236068
0 4 7.754242 5.099020
1 4 8.689522 66.640828
1 2 3.636622 63.063460
2 8 1.879093 40.706265
2 4 0.904149 45.011110
3 8 8.609545 32.388269
3 5 0.650624 18.788294
4 7 6.674809 42.638011
5 7 6.832819 43.139309
5 6 0.076353 8.062258
