10 10 7631 1865 147 26 0.001000 20
13 81 40.863946 40.597255
80 78 59.125169 49.819942
22 73 24.387014 25.666740
85 16 4.569734 5.087881
50 19 27.016006 31.642623
8 50 20.600454 21.207639
73 85 30.941992 34.587398
71 58 51.650992 45.424942
79 14 40.139901 44.669649
79 82 24.908950 21.531430
0 2 0.795071 12.041595
1 9 0.027418 4.123106
1 6 7.441564 9.899495
2 8 3.236417 82.036577
2 7 4.022021 51.244512
3 8 4.505274 6.324555
4 9 7.605680 69.354164
5 8 8.203294 79.605276
6 9 8.398708 6.708204
7 9 8.949035 25.298221
