10 10 5729 547 195 47 0 20
13 81 3.634031 3.945322
80 78 29.298476 27.391327
22 73 8.559299 9.762331
85 16 11.931181 10.353316
50 19 21.515121 18.843758
8 50 47.909218 44.212208
73 85 24.237143 27.903701
71 58 36.006200 32.756470
79 14 14.248967 14.522419
79 82 22.278082 21.484250
0 2 41.457936 12.041595
1 9 36.145487 4.123106
1 6 42.101498 9.899495
2 8 44.228940 82.036577
2 7 41.509889 51.244512
3 8 43.515244 6.324555
4 9 39.917200 69.354164
5 8 35.091769 79.605276
6 9 41.965042 6.708204
7 9 44.659489 25.298221
