10 10 5354 830 146 28 0 20
13 81 52.797767 49.394562
80 78 8.518695 9.050707
22 73 52.397329 48.842699
85 16 11.091877 12.228763
50 19 21.861592 23.152395
8 50 16.607530 14.537356
73 85 10.801643 12.511228
71 58 41.349404 41.763262
79 14 32.369119 31.039060
79 82 10.360290 10.074921
0 2 8.285513 12.041595
1 9 0.828228 4.123106
1 6 6.638529 9.899495
2 8 8.622344 82.036577
2 7 2.102846 51.244512
3 8 3.846904 6.324555
4 9 7.775909 69.354164
5 8 3.345956 79.605276
6 9 4.129333 6.708204
7 9 0.032797 25.298221
