9 11 6709 300 995 995 1.000000 20
34 60 26.533910 24.914839
68 1 35.352452 42.694966
84 62 5.767339 5.567538
43 75 12.459044 10.436788
39 61 13.519881 12.181300
35 58 15.613096 13.452833
36 66 18.988968 18.682695
66 28 22.707599 24.955340
48 43 8.004601 6.749724
0 5 1.278973 2.236068
0 4 5.413740 5.099020
1 4 5.935763 66.640828
1 2 1.627504 63.063460
2 8 1.704299 40.706265
2 4 3.534118 45.011110
3 8 1.343006 32.388269
3 5 0.261493 18.788294
4 7 5.660686 42.638011
5 7 4.866505 43.139309
5 6 7.928774 8.062258
