10 10 6800 444 994 995 1.000000 20
13 81 5.130315 6.084351
80 78 0.901388 0.814237
22 73 21.067075 25.919287
85 16 13.821223 11.761333
50 19 8.156753 7.542709
8 50 3.099030 3.694179
73 85 38.168386 40.526611
71 58 46.871318 48.170512
79 14 40.865578 36.751284
79 82 39.683844 46.281628
0 2 43.957508 12.041595
1 9 46.147698 4.123106
1 6 49.978983 9.899495
2 8 40.979335 82.036577
2 7 45.483020 51.244512
3 8 45.614994 6.324555
4 9 44.913881 69.354164
5 8 49.039077 79.605276
6 9 45.612620 6.708204
7 9 44.303806 25.298221
