10 10 6375 1488 194 46 0 20
13 81 16.042653 17.855766
80 78 30.696555 32.833138
22 73 21.069579 23.937610
85 16 28.305813 29.309540
50 19 16.364543 13.762714
8 50 6.268135 7.388227
73 85 35.970335 36.032620
71 58 6.709535 7.380019
79 14 32.298523 37.766991
79 82 9.903614 8.857978
0 2 41.562288 12.041595
1 9 44.775286 4.123106
1 6 37.430754 9.899495
2 8 42.177635 82.036577
2 7 38.564755 51.244512
3 8 41.836910 6.324555
4 9 39.901414 69.354164
5 8 40.213821 79.605276
6 9 38.318195 6.708204
7 9 37.624779 25.298221
