9 11 878 660 146 28 0 20
34 60 19.375256 22.154881
68 1 22.466839 21.125650
84 62 12.182765 14.514875
43 75 20.846559 20.326089
39 61 26.567989 28.586238
35 58 39.654702 48.093287
36 66 21.219255 22.313866
66 28 4.202181 3.921892
48 43 27.894185 25.110671
0 5 4.319979 2.236068
0 4 1.888829 5.099020
1 4 7.551674 66.640828
1 2 4.019904 63.063460
2 8 4.743543 40.706265
2 4 7.226739 45.011110
3 8 9.651062 32.388269
3 5 3.782115 18.788294
4 7 2.941600 42.638011
5 7 1.217282 43.139309
5 6 1.570736 8.062258
