10 10 7815 1060 993 997 1.000000 20
13 81 14.420081 15.116389
80 78 9.761582 8.335108
22 73 7.095439 8.230199
85 16 40.433461 49.488299
50 19 39.855773 38.072029
8 50 34.888510 34.379352
73 85 10.076092 12.167037
71 58 44.636891 42.110970
79 14 3.721811 4.532304
79 82 40.128677 39.174440
0 2 41.176124 12.041595
1 9 42.956088 4.123106
1 6 41.069698 9.899495
2 8 43.007028 82.036577
2 7 44.344562 51.244512
3 8 43.536070 6.324555
4 9 46.569282 69.354164
5 8 45.160278 79.605276
6 9 40.126960 6.708204
7 9 43.132177 25.298221
