9 11 6327 1404 997 996 1.000000 20
34 60 17.999792 15.111131
68 1 3.504737 3.086358
84 62 7.694701 8.925487
43 75 5.029260 4.948371
39 61 31.066061 29.995627
35 58 20.899886 17.497749
36 66 28.151989 27.411676
66 28 42.156524 45.552582
48 43 45.292752 45.906073
0 5 47.726245 2.236068
0 4 46.783883 5.099020
1 4 44.151518 66.640828
1 2 45.993188 63.063460
2 8 42.854567 40.706265
2 4 41.641486 45.011110
3 8 47.268634 32.388269
3 5 46.710749 18.788294
4 7 49.860181 42.638011
5 7 49.739616 43.139309
5 6 43.907481 8.062258
