9 11 848 1516 993 995 1 20
34 60 36.608099 34.296585
68 1 2.912195 2.867246
84 62 56.922796 49.915778
43 75 3.624485 3.925735
39 61 43.088853 41.278511
35 58 16.188084 20.113840
36 66 5.083197 5.662968
66 28 4.218248 3.972110
48 43 40.408366 36.785114
0 5 42.395129 2.236068
0 4 41.668423 5.099020
1 4 44.977422 66.640828
1 2 40.995203 63.063460
2 8 45.772507 40.706265
2 4 48.043558 45.011110
3 8 45.247091 32.388269
3 5 44.908442 18.788294
4 7 47.840148 42.638011
5 7 46.246067 43.139309
5 6 47.818277 8.062258
