9 11 6225 701 995 998 1 20
34 60 16.422604 15.142373
68 1 5.789785 6.674247
84 62 34.330182 41.018441
43 75 3.643470 3.428584
39 61 42.174094 47.203119
35 58 48.806797 49.656987
36 66 32.007436 31.762486
66 28 53.641228 47.962645
48 43 27.509587 31.023062
0 5 2.225564 2.236068
0 4 4.103027 5.099020
1 4 6.912926 66.640828
1 2 4.503639 63.063460
2 8 7.419748 40.706265
2 4 2.169425 45.011110
3 8 7.941395 32.388269
3 5 0.909593 18.788294
4 7 8.062580 42.638011
5 7 8.465567 43.139309
5 6 6.558317 8.062258
