10 10 5500 2683 991 996 1 20
13 81 45.570985 41.462951
80 78 32.793938 36.282186
22 73 3.831814 4.197668
85 16 12.431199 11.310396
50 19 29.168578 35.001525
8 50 28.680085 25.380269
73 85 42.594552 41.972030
71 58 14.099041 16.522648
79 14 32.727928 33.748874
79 82 39.318963 34.288860
0 2 41.443341 12.041595
1 9 42.307813 4.123106
1 6 49.049150 9.899495
2 8 44.250393 82.036577
2 7 42.103288 51.244512
3 8 49.252739 6.324555
4 9 47.974986 69.354164
5 8 43.847188 79.605276
6 9 45.823465 6.708204
7 9 41.041361 25.298221
