10 10 5333 1135 143 28 0 20
13 81 20.659894 20.334004
80 78 40.577684 36.201746
22 73 52.208546 48.382027
85 16 40.531630 36.405121
50 19 13.608087 13.293961
8 50 37.061423 35.475375
73 85 35.279036 39.072114
71 58 25.326805 27.393614
79 14 7.378848 7.272912
79 82 3.626253 3.440458
0 2 3.165493 12.041595
1 9 0.550437 4.123106
1 6 0.197978 9.899495
2 8 4.485007 82.036577
2 7 6.307972 51.244512
3 8 6.288937 6.324555
4 9 8.534858 69.354164
5 8 0.565274 79.605276
6 9 5.349926 6.708204
7 9 5.722036 25.298221
