9 11 7315 660 191 48 0.001000 20
34 60 15.193722 14.394827
68 1 3.908462 4.219888
84 62 31.252440 35.438140
43 75 46.333185 46.898291
39 61 35.351372 35.889445
35 58 17.322597 18.464307
36 66 44.153636 46.207872
66 28 25.210171 21.265129
48 43 22.344034 21.237328
0 5 42.943484 2.236068
0 4 42.601618 5.099020
1 4 36.023334 66.640828
1 2 35.604492 63.063460
2 8 43.494694 40.706265
2 4 41.337799 45.011110
3 8 39.831770 32.388269
3 5 36.570070 18.788294
4 7 39.484319 42.638011
5 7 39.553749 43.139309
5 6 39.969232 8.062258
