9 11 6781 1960 992 997 1.000000 20
34 60 40.937163 38.782282
68 1 32.841882 29.400724
84 62 20.327150 19.992902
43 75 11.977240 10.602086
39 61 49.227087 41.729255
35 58 39.471572 33.836476
36 66 42.801077 36.656702
66 28 39.823998 34.227816
48 43 10.818379 12.949537
0 5 45.871281 2.236068
0 4 45.084744 5.099020
1 4 42.876364 66.640828
1 2 44.086658 63.063460
2 8 44.185688 40.706265
2 4 42.039361 45.011110
3 8 48.451258 32.388269
3 5 40.370211 18.788294
4 7 42.952837 42.638011
5 7 45.702135 43.139309
5 6 47.513993 8.062258
