10 10 609 1071 90 9 0.000100 20
13 81 18.460720 20.719185
80 78 2.121162 2.111364
22 73 30.312873 35.434852
85 16 10.387145 10.158743
50 19 46.238481 45.272324
8 50 26.488609 27.116685
73 85 20.971667 22.949974
71 58 25.046782 24.431239
79 14 53.065534 47.433624
79 82 34.670056 41.254271
0 2 24.398555 12.041595
1 9 19.681459 4.123106
1 6 23.354797 9.899495
2 8 15.090174 82.036577
2 7 16.269265 51.244512
3 8 20.101019 6.324555
4 9 17.978779 69.354164
5 8 18.553019 79.605276
6 9 17.933773 6.708204
7 9 21.162975 25.298221
