9 11 6490 509 992 998 1.000000 20
34 60 32.720760 31.784187
68 1 39.255840 34.448795
84 62 26.917181 27.512999
43 75 23.921999 21.614661
39 61 16.486071 17.934578
35 58 40.185638 41.669452
36 66 22.374403 18.918492
66 28 30.211584 29.881560
48 43 37.033157 41.499853
0 5 43.448462 2.236068
0 4 47.056853 5.099020
1 4 49.950915 66.640828
1 2 45.199072 63.063460
2 8 45.979608 40.706265
2 4 48.235511 45.011110
3 8 45.070968 32.388269
3 5 40.003428 18.788294
4 7 47.456093 42.638011
5 7 45.544397 43.139309
5 6 41.535293 8.062258
