9 11 7279 1875 999 999 1 20
34 60 26.523645 26.433430
68 1 45.004399 49.550088
84 62 31.356645 36.895293
43 75 56.134969 47.163859
39 61 19.235422 23.498932
35 58 24.202045 23.210515
36 66 34.059753 31.926317
66 28 43.318085 36.470794
48 43 30.298511 26.411442
0 5 4.361250 2.236068
0 4 4.899362 5.099020
1 4 2.634786 66.640828
1 2 4.923122 63.063460
2 8 9.027743 40.706265
2 4 7.551210 45.011110
3 8 4.998001 32.388269
3 5 0.930693 18.788294
4 7 9.267688 42.638011
5 7 9.482374 43.139309
5 6 5.863285 8.062258
