10 10 7421 821 147 29 0.001000 20
13 81 50.489397 49.325978
80 78 53.924184 45.360942
22 73 37.448659 43.737444
85 16 7.103315 7.398503
50 19 51.872455 45.990855
8 50 11.188207 13.817356
73 85 49.944842 49.435309
71 58 49.740382 44.483808
79 14 16.380138 17.532547
79 82 43.857470 40.325786
0 2 3.443998 12.041595
1 9 7.707818 4.123106
1 6 3.302021 9.899495
2 8 8.151112 82.036577
2 7 4.282456 51.244512
3 8 6.018997 6.324555
4 9 4.338312 69.354164
5 8 8.803820 79.605276
6 9 8.913413 6.708204
7 9 1.147501 25.298221
