10 10 787 328 145 25 0 20
13 81 9.580631 9.450083
80 78 33.583289 33.252084
22 73 34.118339 30.265601
85 16 23.758458 24.168070
50 19 31.316163 30.486133
8 50 9.171796 8.407861
73 85 8.864153 9.175330
71 58 25.524315 27.721966
79 14 26.839565 29.966033
79 82 12.892070 13.982870
0 2 3.074356 12.041595
1 9 7.479243 4.123106
1 6 3.949025 9.899495
2 8 4.751269 82.036577
2 7 4.119055 51.244512
3 8 6.629579 6.324555
4 9 3.271505 69.354164
5 8 5.431621 79.605276
6 9 7.980546 6.708204
7 9 9.175183 25.298221
