10 10 536 268 993 999 1.000000 20
13 81 21.523626 26.429265
80 78 33.500587 32.216623
22 73 33.717060 40.219070
85 16 8.540496 9.169404
50 19 11.510391 11.575233
8 50 28.440260 33.407646
73 85 9.577051 8.553381
71 58 34.278790 39.687134
79 14 19.294996 21.377363
79 82 48.106738 43.087488
0 2 5.203541 12.041595
1 9 5.247049 4.123106
1 6 3.856763 9.899495
2 8 0.423141 82.036577
2 7 4.210876 51.244512
3 8 1.228472 6.324555
4 9 6.540230 69.354164
5 8 1.768059 79.605276
6 9 1.425157 6.708204
7 9 6.727837 25.298221
