9 11 7710 299 49 6 0.000100 20
34 60 38.261971 35.698054
68 1 17.959623 15.858871
84 62 38.292808 32.990950
43 75 3.655193 3.711065
39 61 41.028955 42.652965
35 58 2.150833 2.402412
36 66 22.735269 25.337356
66 28 2.318595 2.014454
48 43 27.177413 29.708009
0 5 8.554210 2.236068
0 4 0.243787 5.099020
1 4 8.255266 66.640828
1 2 7.308038 63.063460
2 8 9.193382 40.706265
2 4 5.460247 45.011110
3 8 0.344296 32.388269
3 5 4.626936 18.788294
4 7 3.969350 42.638011
5 7 5.816663 43.139309
5 6 9.007206 8.062258
