10 10 6650 397 994 996 1 20
13 81 14.161270 11.824464
80 78 23.323055 27.625906
22 73 7.594064 6.363377
85 16 31.658785 26.531847
50 19 39.608993 35.106517
8 50 19.622886 24.527182
73 85 50.372458 48.592767
71 58 22.289211 26.508038
79 14 27.557187 23.022762
79 82 19.841327 17.020450
0 2 41.445420 12.041595
1 9 43.432610 4.123106
1 6 48.112108 9.899495
2 8 45.365114 82.036577
2 7 40.635818 51.244512
3 8 48.611268 6.324555
4 9 44.135226 69.354164
5 8 42.672588 79.605276
6 9 45.092649 6.708204
7 9 41.012653 25.298221
