10 10 8037 426 994 999 1.000000 20
13 81 47.026313 48.319687
80 78 33.423472 28.276040
22 73 41.613695 44.324980
85 16 35.491680 30.215525
50 19 12.157800 11.703597
8 50 30.031635 29.498342
73 85 32.748845 27.335219
71 58 33.755746 30.372903
79 14 29.034983 25.803209
79 82 33.353921 38.828720
0 2 49.200244 12.041595
1 9 46.648630 4.123106
1 6 46.108146 9.899495
2 8 48.001013 82.036577
2 7 44.642383 51.244512
3 8 42.923277 6.324555
4 9 49.550041 69.354164
5 8 43.016532 79.605276
6 9 46.808796 6.708204
7 9 40.038905 25.298221
