10 10 7789 525 997 998 1.000000 20
13 81 13.229303 12.379579
80 78 5.348629 6.042822
22 73 28.844758 29.316238
85 16 5.022965 5.576147
50 19 2.321276 2.349101
8 50 2.608784 3.155496
73 85 35.099973 41.861776
71 58 35.112154 39.661991
79 14 27.490080 26.399840
79 82 2.407837 2.250896
0 2 1.214614 12.041595
1 9 2.920132 4.123106
1 6 0.070458 9.899495
2 8 3.141685 82.036577
2 7 0.973407 51.244512
3 8 8.085463 6.324555
4 9 5.465640 69.354164
5 8 5.600862 79.605276
6 9 6.411869 6.708204
7 9 5.548291 25.298221
