10 10 7465 3110 998 998 1 20
13 81 10.672476 13.048088
80 78 0.941829 0.968725
22 73 45.636580 47.155697
85 16 31.667950 36.452587
50 19 10.424002 12.494492
8 50 16.874129 17.383824
73 85 16.633401 20.134688
71 58 7.820268 7.748719
79 14 39.726294 48.787048
79 82 26.920200 24.721537
0 2 2.347636 12.041595
1 9 7.476457 4.123106
1 6 0.515402 9.899495
2 8 7.154153 82.036577
2 7 7.390907 51.244512
3 8 5.112581 6.324555
4 9 4.875711 69.354164
5 8 9.804730 79.605276
6 9 6.518634 6.708204
7 9 9.580138 25.298221
