9 11 6625 1008 99 9 0.000100 20
34 60 39.653459 40.947582
68 1 30.699205 31.069759
84 62 40.729623 40.196626
43 75 15.683134 13.168470
39 61 37.825680 41.571344
35 58 18.736768 20.181891
36 66 3.123462 3.290532
66 28 30.666439 30.689100
48 43 26.570665 25.582236
0 5 17.813451 2.236068
0 4 20.360284 5.099020
1 4 15.510233 66.640828
1 2 16.298975 63.063460
2 8 23.967360 40.706265
2 4 19.631514 45.011110
3 8 16.098613 32.388269
3 5 22.057315 18.788294
4 7 15.170268 42.638011
5 7 17.700909 43.139309
5 6 18.419862 8.062258
