10 10 6312 1474 996 999 1.000000 20
13 81 37.682996 32.017028
80 78 10.865477 10.962813
22 73 23.056823 25.539606
85 16 10.064519 8.608206
50 19 27.416078 32.073642
8 50 34.739351 39.190910
73 85 4.174410 4.271482
71 58 33.729282 32.427637
79 14 10.527688 10.091479
79 82 2.426475 2.252643
0 2 5.988979 12.041595
1 9 2.774939 4.123106
1 6 0.269945 9.899495
2 8 1.093158 82.036577
2 7 5.122648 51.244512
3 8 2.842957 6.324555
4 9 5.394128 69.354164
5 8 1.865480 79.605276
6 9 0.867562 6.708204
7 9 1.100773 25.298221
