9 11 7488 924 197 48 0 20
34 60 16.496928 18.051545
68 1 12.354046 12.551061
84 62 18.700603 19.564140
43 75 23.504483 20.967359
39 61 22.972682 25.530660
35 58 4.575427 5.028419
36 66 26.904365 31.321160
66 28 23.897469 28.679778
48 43 42.157807 41.219314
0 5 42.151276 2.236068
0 4 43.980764 5.099020
1 4 42.397341 66.640828
1 2 36.184590 63.063460
2 8 41.309964 40.706265
2 4 44.818439 45.011110
3 8 37.303741 32.388269
3 5 37.439790 18.788294
4 7 44.550275 42.638011
5 7 42.559272 43.139309
5 6 39.256688 8.062258
