9 11 727 989 92 5 0 20
34 60 10.787162 11.742281
68 1 1.990364 1.909212
84 62 41.714615 41.302308
43 75 31.311847 26.984547
39 61 44.493484 47.105480
35 58 37.139322 37.471719
36 66 29.476486 24.900475
66 28 21.732266 19.663250
48 43 43.725407 41.253816
0 5 21.200787 2.236068
0 4 22.598519 5.099020
1 4 16.708489 66.640828
1 2 20.577563 63.063460
2 8 19.926153 40.706265
2 4 23.253348 45.011110
3 8 24.507523 32.388269
3 5 23.225994 18.788294
4 7 20.127452 42.638011
5 7 19.527943 43.139309
5 6 23.222604 8.062258
