10 10 7302 1520 45 5 0 20
13 81 28.871095 28.226263
80 78 48.469103 47.476429
22 73 33.928562 31.958343
85 16 49.046918 49.443963
50 19 30.639666 29.579255
8 50 41.167228 35.760606
73 85 7.665133 6.451689
71 58 21.474050 21.699177
79 14 24.873746 21.447579
79 82 2.894198 2.616424
0 2 9.910568 12.041595
1 9 9.713243 4.123106
1 6 8.372102 9.899495
2 8 5.204328 82.036577
2 7 8.632097 51.244512
3 8 8.652312 6.324555
4 9 8.123426 69.354164
5 8 4.966662 79.605276
6 9 7.887695 6.708204
7 9 8.711553 25.298221
