10 10 4833 656 42 7 0.001000 20
13 81 4.973638 5.524515
80 78 19.684450 19.683768
22 73 15.486062 19.050572
85 16 15.961123 17.634857
50 19 3.450426 3.203552
8 50 23.663730 25.685652
73 85 39.980788 34.432308
71 58 3.756259 4.408620
79 14 6.196863 5.311610
79 82 34.024372 29.298274
0 2 9.652486 12.041595
1 9 8.537991 4.123106
1 6 6.479433 9.899495
2 8 6.537575 82.036577
2 7 2.250419 51.244512
3 8 3.637404 6.324555
4 9 4.630646 69.354164
5 8 6.397205 79.605276
6 9 4.477261 6.708204
7 9 8.029321 25.298221
