10 10 6437 448 43 8 0.000100 20
13 81 40.212356 46.450940
80 78 14.550717 15.969494
22 73 53.891837 47.553198
85 16 11.393512 13.772451
50 19 38.867322 41.686824
8 50 23.928425 21.279258
73 85 38.907958 43.066662
71 58 43.503690 44.493732
79 14 19.064445 22.026587
79 82 1.271208 1.549873
0 2 5.692940 12.041595
1 9 9.944096 4.123106
1 6 5.908430 9.899495
2 8 6.616071 82.036577
2 7 9.873715 51.244512
3 8 7.594143 6.324555
4 9 0.253568 69.354164
5 8 2.190214 79.605276
6 9 2.210066 6.708204
7 9 3.616632 25.298221
