10 10 5571 801 49 7 0.001000 20
13 81 24.280316 26.188266
80 78 51.603567 43.189336
22 73 14.867554 14.716143
85 16 10.704033 10.509554
50 19 7.734570 7.357874
8 50 22.005171 22.445002
73 85 51.330544 44.635742
71 58 15.386550 17.634027
79 14 12.318532 11.633596
79 82 31.725691 34.316250
0 2 2.969651 12.041595
1 9 2.239527 4.123106
1 6 0.899762 9.899495
2 8 8.999238 82.036577
2 7 7.048066 51.244512
3 8 4.818990 6.324555
4 9 4.833219 69.354164
5 8 2.688577 79.605276
6 9 2.000332 6.708204
7 9 9.262140 25.298221
