9 11 7078 681 992 997 1.000000 20
34 60 42.527412 40.534929
68 1 2.491752 3.104604
84 62 37.363303 40.294016
43 75 17.532831 19.753231
39 61 39.490982 40.390749
35 58 52.092397 47.277908
36 66 11.168934 12.505783
66 28 26.211421 30.685227
48 43 37.280757 34.559634
0 5 43.085070 2.236068
0 4 42.441459 5.099020
1 4 47.400066 66.640828
1 2 42.442913 63.063460
2 8 40.412205 40.706265
2 4 48.149194 45.011110
3 8 48.463156 32.388269
3 5 43.752629 18.788294
4 7 45.741504 42.638011
5 7 46.446702 43.139309
5 6 44.597342 8.062258
