9 11 4690 703 190 45 0.010000 20
34 60 9.580851 10.796917
68 1 5.218161 6.029165
84 62 22.363399 19.909705
43 75 6.034166 5.358694
39 61 2.799081 2.857572
35 58 12.464664 14.821487
36 66 8.605174 9.139312
66 28 40.271811 39.538926
48 43 25.697419 31.789802
0 5 40.383232 2.236068
0 4 38.650707 5.099020
1 4 44.634128 66.640828
1 2 44.424204 63.063460
2 8 35.732465 40.706265
2 4 37.250126 45.011110
3 8 38.993615 32.388269
3 5 39.327021 18.788294
4 7 40.785916 42.638011
5 7 40.861974 43.139309
5 6 44.270882 8.062258
