10 10 7289 708 995 995 1.000000 20
13 81 10.521881 10.647417
80 78 55.024053 48.450638
22 73 49.452498 43.102308
85 16 21.130703 24.955273
50 19 29.905403 26.291848
8 50 16.021476 15.570290
73 85 39.727318 36.409281
71 58 27.894286 25.660213
79 14 39.357546 39.544070
79 82 34.885792 42.615088
0 2 1.923299 12.041595
1 9 6.791954 4.123106
1 6 8.116688 9.899495
2 8 7.285965 82.036577
2 7 8.223325 51.244512
3 8 9.404281 6.324555
4 9 3.500205 69.354164
5 8 5.557033 79.605276
6 9 6.522673 6.708204
7 9 4.134945 25.298221
