9 11 5977 2855 47 8 0.000100 20
34 60 40.416922 39.735287
68 1 43.119697 46.223289
84 62 55.159986 49.819194
43 75 45.786050 48.327686
39 61 30.282796 33.675419
35 58 29.086614 31.542345
36 66 49.363420 44.782729
66 28 16.565947 19.314861
48 43 16.178642 13.822320
0 5 0.212154 2.236068
0 4 5.613005 5.099020
1 4 0.869591 66.640828
1 2 1.594477 63.063460
2 8 8.714774 40.706265
2 4 9.624222 45.011110
3 8 8.424548 32.388269
3 5 5.117819 18.788294
4 7 0.408045 42.638011
5 7 5.642960 43.139309
5 6 5.603702 8.062258
