9 11 7232 1244 198 49 0 20
34 60 14.912733 13.213095
68 1 3.439350 3.379750
84 62 43.761340 46.131247
43 75 23.070872 23.450718
39 61 1.998753 2.094696
35 58 13.369329 14.730425
36 66 26.621599 26.068710
66 28 26.099205 32.237787
48 43 15.053308 12.969872
0 5 44.932341 2.236068
0 4 42.818727 5.099020
1 4 40.372721 66.640828
1 2 39.155870 63.063460
2 8 40.055117 40.706265
2 4 42.013453 45.011110
3 8 44.797316 32.388269
3 5 43.069135 18.788294
4 7 36.151487 42.638011
5 7 35.388014 43.139309
5 6 41.346854 8.062258
