10 10 5971 472 992 995 1.000000 20
13 81 8.671651 10.056754
80 78 10.828899 10.364919
22 73 1.848587 1.593920
85 16 12.620550 15.308116
50 19 32.644586 28.152024
8 50 21.346795 21.193070
73 85 0.539655 0.593624
71 58 4.936807 4.921841
79 14 47.492720 46.134356
79 82 6.397882 6.700803
0 2 7.847970 12.041595
1 9 3.592763 4.123106
1 6 5.819912 9.899495
2 8 6.257099 82.036577
2 7 4.279469 51.244512
3 8 2.874281 6.324555
4 9 7.079152 69.354164
5 8 0.991875 79.605276
6 9 1.413137 6.708204
7 9 3.549068 25.298221
