10 10 6963 449 990 999 1.000000 20
13 81 49.020915 40.985390
80 78 9.839224 9.624486
22 73 41.195790 46.047142
85 16 47.924128 48.559653
50 19 44.800020 39.541119
8 50 21.144549 17.750019
73 85 33.804586 31.903184
71 58 38.553089 37.669815
79 14 31.010733 26.982161
79 82 43.097672 46.896305
0 2 43.570438 12.041595
1 9 44.354805 4.123106
1 6 41.239958 9.899495
2 8 49.226696 82.036577
2 7 41.170805 51.244512
3 8 45.040687 6.324555
4 9 40.184390 69.354164
5 8 49.931587 79.605276
6 9 48.251488 6.708204
7 9 42.724709 25.298221
