10 10 7770 448 996 998 1.000000 20
13 81 18.112693 20.444504
80 78 2.284276 2.167374
22 73 9.846944 10.049952
85 16 12.841148 11.578262
50 19 18.612056 18.795231
8 50 6.907434 7.305578
73 85 39.513152 41.884781
71 58 10.345829 9.074412
79 14 17.468462 15.970192
79 82 37.458590 36.076273
0 2 42.249712 12.041595
1 9 46.213575 4.123106
1 6 43.863539 9.899495
2 8 46.389345 82.036577
2 7 46.702019 51.244512
3 8 42.169113 6.324555
4 9 41.137308 69.354164
5 8 43.219965 79.605276
6 9 44.847775 6.708204
7 9 45.565013 25.298221
