9 11 9578 998 190 46 0 20
34 60 2.416124 2.212392
68 1 38.983661 37.337886
84 62 30.561409 36.496832
43 75 29.790682 35.508594
39 61 33.433518 29.067861
35 58 37.945722 38.226566
36 66 8.846954 9.821301
66 28 23.452261 25.193065
48 43 33.868391 40.384795
0 5 36.491732 2.236068
0 4 43.155321 5.099020
1 4 37.843355 66.640828
1 2 44.406036 63.063460
2 8 38.522705 40.706265
2 4 43.423156 45.011110
3 8 38.217613 32.388269
3 5 40.212538 18.788294
4 7 36.849341 42.638011
5 7 42.676171 43.139309
5 6 41.962149 8.062258
