9 11 8583 471 41 9 0.001000 20
34 60 15.159333 15.002081
68 1 40.033914 48.157139
84 62 18.931560 17.668060
43 75 15.183250 16.249038
39 61 40.367713 39.374618
35 58 27.375134 22.926714
36 66 45.039312 42.332758
66 28 1.894278 1.748467
48 43 22.067509 25.654963
0 5 3.544510 2.236068
0 4 2.087392 5.099020
1 4 3.965524 66.640828
1 2 3.779134 63.063460
2 8 1.534570 40.706265
2 4 3.969698 45.011110
3 8 8.565122 32.388269
3 5 0.605549 18.788294
4 7 8.684860 42.638011
5 7 5.759775 43.139309
5 6 5.854487 8.062258
