9 11 8763 1539 148 27 0 20
34 60 14.772468 16.240311
68 1 13.121681 13.077676
84 62 23.036160 23.764845
43 75 0.040756 0.046256
39 61 0.095528 0.088189
35 58 22.801663 26.541883
36 66 36.766033 37.449349
66 28 35.319314 37.222198
48 43 3.545798 3.588914
0 5 4.543153 2.236068
0 4 4.505591 5.099020
1 4 3.067532 66.640828
1 2 6.770431 63.063460
2 8 6.127729 40.706265
2 4 0.207663 45.011110
3 8 2.690468 32.388269
3 5 0.979605 18.788294
4 7 7.554859 42.638011
5 7 4.928714 43.139309
5 6 6.603233 8.062258
