9 11 8479 911 997 999 1.000000 20
34 60 6.425581 5.581371
68 1 7.488282 8.220527
84 62 16.853112 20.178262
43 75 2.755785 2.722609
39 61 37.464134 33.572206
35 58 20.415511 18.131245
36 66 29.035943 28.837849
66 28 5.254274 5.410985
48 43 36.530257 30.860424
0 5 42.054040 2.236068
0 4 46.718188 5.099020
1 4 49.625425 66.640828
1 2 43.611987 63.063460
2 8 40.015919 40.706265
2 4 42.005666 45.011110
3 8 45.927457 32.388269
3 5 45.373559 18.788294
4 7 41.094225 42.638011
5 7 40.718884 43.139309
5 6 44.356552 8.062258
