9 11 1153 347 144 25 0 20
34 60 19.887444 19.911905
68 1 3.647209 3.328000
84 62 28.620206 34.843867
43 75 45.724748 41.801392
39 61 38.900832 32.687009
35 58 24.058820 25.748533
36 66 29.252563 26.126651
66 28 21.756169 26.038748
48 43 2.954462 3.348524
0 5 3.486108 2.236068
0 4 4.755264 5.099020
1 4 3.894944 66.640828
1 2 2.522124 63.063460
2 8 0.407840 40.706265
2 4 2.882111 45.011110
3 8 2.419090 32.388269
3 5 7.315975 18.788294
4 7 7.568745 42.638011
5 7 9.146261 43.139309
5 6 6.007147 8.062258
