10 10 7833 408 999 999 1.000000 20
13 81 46.791678 41.100675
80 78 12.556249 14.667439
22 73 14.767925 16.250868
85 16 26.219934 27.028114
50 19 49.054015 41.108505
8 50 54.046197 48.412856
73 85 34.489728 34.519429
71 58 23.503498 20.998322
79 14 41.551506 37.380275
79 82 34.102689 30.390391
0 2 9.848786 12.041595
1 9 9.962412 4.123106
1 6 4.100083 9.899495
2 8 7.064196 82.036577
2 7 4.112578 51.244512
3 8 5.661153 6.324555
4 9 8.957866 69.354164
5 8 9.392929 79.605276
6 9 3.563493 6.708204
7 9 0.711150 25.298221
