10 10 10241 854 198 47 0 20
13 81 30.306826 33.763726
80 78 42.226409 47.853155
22 73 0.350135 0.327608
85 16 39.012292 35.490122
50 19 14.886255 17.105421
8 50 25.054213 24.712149
73 85 27.977924 32.239838
71 58 21.876070 23.985803
79 14 30.027674 25.176590
79 82 13.204216 15.750605
0 2 39.659056 12.041595
1 9 39.888750 4.123106
1 6 43.108824 9.899495
2 8 42.470893 82.036577
2 7 38.638384 51.244512
3 8 42.411051 6.324555
4 9 37.665789 69.354164
5 8 37.589323 79.605276
6 9 37.267631 6.708204
7 9 36.335809 25.298221
