10 10 9897 685 143 25 0.001000 20
13 81 29.531819 28.819821
80 78 33.862154 29.446045
22 73 16.495996 15.868502
85 16 41.630855 41.742512
50 19 25.534323 24.108088
8 50 11.577603 12.216285
73 85 43.684192 46.500780
71 58 26.823248 27.450476
79 14 11.452636 10.072057
79 82 4.871666 5.644262
0 2 3.061518 12.041595
1 9 6.400237 4.123106
1 6 3.914815 9.899495
2 8 4.967195 82.036577
2 7 7.259110 51.244512
3 8 4.878448 6.324555
4 9 1.524566 69.354164
5 8 5.265277 79.605276
6 9 4.992057 6.708204
7 9 3.885101 25.298221
