9 11 9487 370 990 998 1.000000 20
34 60 10.131142 9.124252
68 1 3.248790 3.857552
84 62 14.973722 13.578474
43 75 32.781059 40.262871
39 61 0.803973 0.705247
35 58 15.397934 16.119213
36 66 6.284807 6.144506
66 28 13.195408 15.610798
48 43 49.488563 46.931802
0 5 47.290795 2.236068
0 4 46.349453 5.099020
1 4 42.367053 66.640828
1 2 45.647368 63.063460
2 8 47.991405 40.706265
2 4 42.549274 45.011110
3 8 46.674434 32.388269
3 5 42.333500 18.788294
4 7 44.161285 42.638011
5 7 45.061883 43.139309
5 6 41.460291 8.062258
