10 10 8528 1168 993 997 1.000000 20
13 81 40.201111 49.973745
80 78 5.314383 5.071361
22 73 20.120427 20.468520
85 16 16.263667 14.281872
50 19 33.523287 40.973418
8 50 28.279471 29.427698
73 85 47.862911 41.308927
71 58 58.313831 49.347297
79 14 36.020280 42.405326
79 82 25.106720 27.443485
0 2 44.167032 12.041595
1 9 47.312545 4.123106
1 6 44.528874 9.899495
2 8 49.909331 82.036577
2 7 47.659390 51.244512
3 8 44.324641 6.324555
4 9 49.303984 69.354164
5 8 45.739625 79.605276
6 9 45.418992 6.708204
7 9 44.134911 25.298221
