10 10 7906 442 99 8 0 20
13 81 37.326494 38.353382
80 78 34.370973 36.205906
22 73 28.835517 30.315837
85 16 22.187841 21.227311
50 19 1.546501 1.394129
8 50 12.038267 13.738606
73 85 6.052692 5.914378
71 58 18.700792 20.720362
79 14 4.633523 5.514125
79 82 39.270160 37.913610
0 2 21.749627 12.041595
1 9 15.258133 4.123106
1 6 17.239777 9.899495
2 8 16.718761 82.036577
2 7 17.937838 51.244512
3 8 15.772404 6.324555
4 9 17.891804 69.354164
5 8 24.300309 79.605276
6 9 17.225680 6.708204
7 9 22.964214 25.298221
