10 10 7541 1770 993 995 1.000000 20
13 81 22.812859 19.449490
80 78 30.323486 25.637605
22 73 47.336942 43.390487
85 16 39.997755 40.782734
50 19 20.308243 24.700688
8 50 29.409072 31.674625
73 85 42.676624 35.606941
71 58 17.888597 20.893926
79 14 35.287763 29.893836
79 82 29.266808 29.196465
0 2 8.333332 12.041595
1 9 1.818501 4.123106
1 6 7.948999 9.899495
2 8 6.950270 82.036577
2 7 6.867113 51.244512
3 8 7.024555 6.324555
4 9 6.824917 69.354164
5 8 0.270529 79.605276
6 9 8.816959 6.708204
7 9 0.830378 25.298221
