9 11 780 756 141 29 0.001000 20
34 60 7.735586 7.351559
68 1 40.187056 47.748630
84 62 20.448511 20.700769
43 75 40.702726 36.480592
39 61 23.211438 22.230746
35 58 8.234311 7.112270
36 66 34.028677 34.010932
66 28 14.046213 12.033053
48 43 45.294885 46.071606
0 5 5.808169 2.236068
0 4 4.170821 5.099020
1 4 5.183515 66.640828
1 2 5.208292 63.063460
2 8 8.444192 40.706265
2 4 3.421472 45.011110
3 8 8.473142 32.388269
3 5 0.606463 18.788294
4 7 0.081466 42.638011
5 7 0.214167 43.139309
5 6 6.586222 8.062258
