10 10 7000 602 991 997 1.000000 20
13 81 46.623047 42.971994
80 78 4.869606 4.084415
22 73 2.305651 2.848075
85 16 35.930080 30.897473
50 19 49.613793 44.946015
8 50 40.167825 34.803675
73 85 43.689651 37.140257
71 58 11.371658 12.455515
79 14 1.207966 1.323700
79 82 44.104495 41.416486
0 2 8.321206 12.041595
1 9 7.788375 4.123106
1 6 6.575300 9.899495
2 8 1.595952 82.036577
2 7 3.096246 51.244512
3 8 2.197694 6.324555
4 9 2.497841 69.354164
5 8 0.460123 79.605276
6 9 3.865835 6.708204
7 9 2.223517 25.298221
