9 11 7687 621 140 29 0.010000 20
34 60 29.112970 32.940265
68 1 46.846144 49.552557
84 62 19.466236 21.151583
43 75 8.998425 10.340832
39 61 24.579612 22.642823
35 58 16.950849 16.052821
36 66 28.718027 32.260543
66 28 1.541908 1.686647
48 43 4.973550 5.075898
0 5 4.805980 2.236068
0 4 3.961206 5.099020
1 4 5.783390 66.640828
1 2 1.212754 63.063460
2 8 9.109083 40.706265
2 4 7.155111 45.011110
3 8 5.635251 32.388269
3 5 3.877988 18.788294
4 7 3.003273 42.638011
5 7 1.813206 43.139309
5 6 1.840086 8.062258
