9 11 9000 704 94 7 0 20
34 60 6.165069 5.400073
68 1 29.799521 31.022794
84 62 26.437843 23.138915
43 75 22.477060 26.871759
39 61 9.263685 11.502793
35 58 49.908405 46.822278
36 66 45.282159 45.722519
66 28 37.761132 33.059046
48 43 43.346319 43.327751
0 5 18.483294 2.236068
0 4 24.189397 5.099020
1 4 23.461282 66.640828
1 2 18.089018 63.063460
2 8 24.649622 40.706265
2 4 18.037703 45.011110
3 8 16.702570 32.388269
3 5 16.890035 18.788294
4 7 17.043938 42.638011
5 7 17.848366 43.139309
5 6 24.198977 8.062258
