10 10 8698 1569 146 28 0.001000 20
13 81 35.811528 30.829212
80 78 4.752395 4.985665
22 73 18.563729 16.380075
85 16 11.515967 10.495203
50 19 32.752959 28.984302
8 50 23.185408 26.408649
73 85 19.876366 18.305529
71 58 43.993100 37.192958
79 14 12.226298 10.405198
79 82 3.180554 3.386108
0 2 8.481664 12.041595
1 9 1.152952 4.123106
1 6 1.847810 9.899495
2 8 1.143292 82.036577
2 7 9.067710 51.244512
3 8 8.822879 6.324555
4 9 3.375418 69.354164
5 8 3.659735 79.605276
6 9 5.444684 6.708204
7 9 9.521915 25.298221
