9 11 8789 1380 140 27 0 20
34 60 4.969134 5.839142
68 1 19.813522 21.649516
84 62 22.978746 25.278044
43 75 8.002430 9.898566
39 61 31.938620 28.901991
35 58 14.561070 17.861582
36 66 31.252153 33.158501
66 28 52.362559 45.769576
48 43 18.598508 21.733330
0 5 0.152667 2.236068
0 4 1.245252 5.099020
1 4 8.548618 66.640828
1 2 7.235688 63.063460
2 8 5.593116 40.706265
2 4 2.715305 45.011110
3 8 1.097156 32.388269
3 5 6.335523 18.788294
4 7 6.130952 42.638011
5 7 3.903227 43.139309
5 6 0.650693 8.062258
