9 11 9666 471 96 7 0.000100 20
34 60 12.435410 11.120308
68 1 49.283417 49.145759
84 62 30.469673 29.538003
43 75 21.043011 22.598713
39 61 36.305903 39.214033
35 58 5.914273 7.003440
36 66 9.941587 8.388968
66 28 2.273077 2.154593
48 43 41.083028 40.668381
0 5 24.179730 2.236068
0 4 18.828266 5.099020
1 4 15.808865 66.640828
1 2 21.692813 63.063460
2 8 19.060077 40.706265
2 4 16.068147 45.011110
3 8 19.851098 32.388269
3 5 17.727514 18.788294
4 7 15.137213 42.638011
5 7 19.071142 43.139309
5 6 21.728512 8.062258
