10 10 9973 3574 199 47 0 20
13 81 31.460396 29.678838
80 78 20.962962 19.641657
22 73 47.556222 48.072869
85 16 13.841358 14.345591
50 19 34.698623 33.962590
8 50 30.262661 37.133614
73 85 35.537267 37.361775
71 58 17.926881 21.145057
79 14 5.691485 5.878586
79 82 2.108738 2.097459
0 2 36.282870 12.041595
1 9 35.040737 4.123106
1 6 39.992730 9.899495
2 8 35.318346 82.036577
2 7 36.996326 51.244512
3 8 36.493588 6.324555
4 9 38.480782 69.354164
5 8 39.719278 79.605276
6 9 42.109590 6.708204
7 9 40.108886 25.298221
