10 10 9289 1669 143 27 0 20
13 81 44.431511 37.145764
80 78 27.317934 26.423289
22 73 12.076487 11.611417
85 16 30.581953 38.045711
50 19 23.066863 24.321242
8 50 24.450950 21.755640
73 85 40.998900 38.325897
71 58 8.255782 9.347557
79 14 15.328353 12.971902
79 82 29.975239 30.285553
0 2 5.893800 12.041595
1 9 9.792087 4.123106
1 6 5.017581 9.899495
2 8 0.446083 82.036577
2 7 2.171589 51.244512
3 8 9.199378 6.324555
4 9 7.954619 69.354164
5 8 0.840320 79.605276
6 9 8.865673 6.708204
7 9 4.825970 25.298221
