10 10 9631 4261 41 5 0 20
13 81 39.822263 47.638982
80 78 48.569190 46.607516
22 73 26.010171 22.523534
85 16 32.299496 27.745598
50 19 36.658006 41.924416
8 50 6.489252 7.897979
73 85 30.758580 27.862938
71 58 19.984230 19.029924
79 14 11.698773 10.092994
79 82 13.663053 15.596090
0 2 2.856956 12.041595
1 9 2.903396 4.123106
1 6 3.192118 9.899495
2 8 6.162290 82.036577
2 7 1.441676 51.244512
3 8 7.447503 6.324555
4 9 3.397112 69.354164
5 8 3.119145 79.605276
6 9 0.452952 6.708204
7 9 7.622089 25.298221
