10 10 9315 919 147 28 0 20
13 81 51.755217 43.793269
80 78 19.672968 19.092221
22 73 14.844421 15.984767
85 16 31.170603 37.180937
50 19 3.917252 4.262177
8 50 20.345286 18.150714
73 85 8.295505 7.396693
71 58 27.676413 26.124069
79 14 27.061060 27.372295
79 82 11.528095 14.366975
0 2 6.294319 12.041595
1 9 8.068903 4.123106
1 6 0.379347 9.899495
2 8 3.367142 82.036577
2 7 9.871761 51.244512
3 8 0.690607 6.324555
4 9 9.128988 69.354164
5 8 2.107132 79.605276
6 9 5.202211 6.708204
7 9 0.539224 25.298221
