9 11 7627 1064 996 997 1 20
34 60 50.156492 42.017948
68 1 7.887882 9.007154
84 62 43.402929 46.191958
43 75 36.558511 31.986632
39 61 56.424630 49.685061
35 58 0.411049 0.400438
36 66 51.377023 45.837626
66 28 8.961408 10.763040
48 43 28.293512 35.095197
0 5 40.117231 2.236068
0 4 42.152740 5.099020
1 4 48.612967 66.640828
1 2 49.441970 63.063460
2 8 42.199912 40.706265
2 4 43.071978 45.011110
3 8 44.811339 32.388269
3 5 40.786050 18.788294
4 7 43.764445 42.638011
5 7 47.074503 43.139309
5 6 44.916665 8.062258
