9 11 7312 484 92 6 0.001000 20
34 60 31.428564 32.727380
68 1 22.340072 23.255565
84 62 31.251872 29.173191
43 75 36.595042 31.282434
39 61 6.180552 5.509020
35 58 32.045859 34.351856
36 66 2.598105 2.528281
66 28 14.750646 15.974045
48 43 28.455332 25.304039
0 5 16.008639 2.236068
0 4 22.857094 5.099020
1 4 22.924212 66.640828
1 2 21.955188 63.063460
2 8 17.674200 40.706265
2 4 17.373078 45.011110
3 8 24.749199 32.388269
3 5 20.079415 18.788294
4 7 18.284942 42.638011
5 7 17.971664 43.139309
5 6 16.836089 8.062258
