10 10 7520 1084 93 8 0.001000 20
13 81 10.698462 9.402653
80 78 6.486823 6.979528
22 73 51.653639 46.910383
85 16 22.238234 27.203547
50 19 27.137232 30.061746
8 50 40.077846 42.253705
73 85 30.115512 28.788439
71 58 38.057962 41.092103
79 14 35.410404 36.537969
79 82 27.773794 25.092424
0 2 22.958289 12.041595
1 9 21.710629 4.123106
1 6 16.241059 9.899495
2 8 23.563514 82.036577
2 7 22.709081 51.244512
3 8 22.128186 6.324555
4 9 20.038082 69.354164
5 8 24.029020 79.605276
6 9 17.972956 6.708204
7 9 16.288935 25.298221
