10 10 8187 312 91 7 0.001000 20
13 81 42.861486 42.632098
80 78 46.637631 39.307625
22 73 30.225373 33.289754
85 16 13.340331 11.376744
50 19 27.068030 30.770580
8 50 38.043038 42.618269
73 85 31.111398 33.416622
71 58 25.427357 21.796407
79 14 31.147755 27.047550
79 82 10.847452 10.379454
0 2 24.266791 12.041595
1 9 23.331677 4.123106
1 6 16.823828 9.899495
2 8 23.062724 82.036577
2 7 23.642391 51.244512
3 8 22.596241 6.324555
4 9 16.405912 69.354164
5 8 21.386696 79.605276
6 9 15.498623 6.708204
7 9 19.623471 25.298221
