9 11 7604 1868 41 5 0.001000 20
34 60 38.641318 46.829628
68 1 5.952303 6.340775
84 62 4.692910 4.366630
43 75 44.468927 43.357508
39 61 12.119471 13.491826
35 58 2.166412 2.327668
36 66 34.319935 38.631866
66 28 39.825290 47.343023
48 43 33.384268 29.376713
0 5 9.799318 2.236068
0 4 0.880999 5.099020
1 4 2.694077 66.640828
1 2 0.678520 63.063460
2 8 7.611110 40.706265
2 4 8.555450 45.011110
3 8 4.586926 32.388269
3 5 8.182915 18.788294
4 7 0.711825 42.638011
5 7 0.431805 43.139309
5 6 6.614406 8.062258
