10 10 8157 898 46 5 0 20
13 81 24.426348 20.517173
80 78 36.367499 40.806657
22 73 24.330903 20.602179
85 16 25.545118 23.183979
50 19 27.729366 23.145739
8 50 22.696380 21.635772
73 85 35.509799 42.857742
71 58 24.114695 24.210892
79 14 24.737391 30.446962
79 82 9.811932 10.922602
0 2 5.698525 12.041595
1 9 5.919392 4.123106
1 6 1.077891 9.899495
2 8 2.427251 82.036577
2 7 5.631733 51.244512
3 8 3.119391 6.324555
4 9 7.522958 69.354164
5 8 7.118339 79.605276
6 9 3.588860 6.708204
7 9 3.014667 25.298221
