9 11 1102 958 199 46 0 20
34 60 32.976953 36.466854
68 1 5.784762 5.901576
84 62 27.166144 27.139599
43 75 16.776056 18.166602
39 61 44.613520 43.098249
35 58 46.575781 47.802500
36 66 8.604611 9.871758
66 28 44.965750 39.875580
48 43 7.966417 7.354281
0 5 44.605791 2.236068
0 4 40.442974 5.099020
1 4 42.346862 66.640828
1 2 39.360159 63.063460
2 8 36.058420 40.706265
2 4 36.206662 45.011110
3 8 43.720389 32.388269
3 5 41.756162 18.788294
4 7 42.600488 42.638011
5 7 41.097834 43.139309
5 6 40.811593 8.062258
