10 10 7666 600 193 49 0.010000 20
13 81 56.489767 47.849478
80 78 35.212914 42.382521
22 73 4.910551 4.858150
85 16 32.602834 36.887109
50 19 42.837630 47.919555
8 50 3.815140 4.622407
73 85 19.680611 21.717919
71 58 43.207682 41.804917
79 14 14.113295 12.649495
79 82 43.095835 44.018965
0 2 39.353349 12.041595
1 9 39.774850 4.123106
1 6 41.680447 9.899495
2 8 36.503311 82.036577
2 7 35.628317 51.244512
3 8 43.494927 6.324555
4 9 38.487382 69.354164
5 8 37.081112 79.605276
6 9 35.276413 6.708204
7 9 44.683182 25.298221
