10 10 10377 623 44 9 0.000100 20
13 81 33.836002 34.502647
80 78 30.330618 33.558162
22 73 10.782089 12.130856
85 16 19.920501 16.875709
50 19 30.880636 30.816297
8 50 4.011065 3.574934
73 85 25.439037 27.352835
71 58 18.909742 19.433961
79 14 22.293407 21.897434
79 82 33.132781 35.468174
0 2 9.574276 12.041595
1 9 7.016553 4.123106
1 6 8.698431 9.899495
2 8 4.168072 82.036577
2 7 2.267995 51.244512
3 8 0.144177 6.324555
4 9 3.033303 69.354164
5 8 4.160864 79.605276
6 9 7.455034 6.708204
7 9 3.167699 25.298221
