9 11 10245 2893 143 25 0.001000 20
34 60 45.490381 41.367966
68 1 18.366260 17.655615
84 62 31.865657 28.782382
43 75 40.092778 45.428489
39 61 24.750955 29.825205
35 58 15.572011 14.941583
36 66 17.250046 16.603976
66 28 34.378724 42.923884
48 43 50.444150 49.834524
0 5 5.165051 2.236068
0 4 6.991457 5.099020
1 4 2.106144 66.640828
1 2 3.716979 63.063460
2 8 2.250363 40.706265
2 4 8.815716 45.011110
3 8 5.607147 32.388269
3 5 3.518252 18.788294
4 7 5.531647 42.638011
5 7 1.464581 43.139309
5 6 8.766012 8.062258
