10 10 7229 436 41 7 0.001000 20
13 81 6.456887 5.825353
80 78 43.718749 37.376572
22 73 36.529212 32.421731
85 16 28.507103 23.926807
50 19 7.180187 7.043701
8 50 37.745784 32.560941
73 85 36.370293 33.066123
71 58 4.334791 4.198003
79 14 24.218523 22.257663
79 82 47.811652 42.989272
0 2 8.000454 12.041595
1 9 9.304915 4.123106
1 6 3.404485 9.899495
2 8 3.695749 82.036577
2 7 7.762069 51.244512
3 8 0.524458 6.324555
4 9 3.773871 69.354164
5 8 1.824165 79.605276
6 9 2.299560 6.708204
7 9 8.764627 25.298221
