10 10 151 533 195 47 0 20
13 81 7.333890 8.291121
80 78 34.603830 39.970659
22 73 32.991296 36.235417
85 16 38.666050 40.224837
50 19 0.497083 0.468288
8 50 33.255654 39.613575
73 85 6.493258 5.669365
71 58 19.926811 24.144238
79 14 35.079104 34.046990
79 82 28.726319 29.094591
0 2 39.972473 12.041595
1 9 40.574891 4.123106
1 6 41.391313 9.899495
2 8 41.180936 82.036577
2 7 44.319008 51.244512
3 8 39.651470 6.324555
4 9 40.334360 69.354164
5 8 35.529286 79.605276
6 9 37.292268 6.708204
7 9 35.121397 25.298221
