10 10 8792 778 93 5 0.000100 20
13 81 33.405022 40.303194
80 78 27.594696 23.153266
22 73 24.986571 25.176422
85 16 37.218190 32.210297
50 19 23.169611 25.596499
8 50 20.131580 21.648555
73 85 26.982835 29.375644
71 58 2.884114 3.118812
79 14 14.830250 15.447772
79 82 19.077517 22.456063
0 2 21.971207 12.041595
1 9 17.251678 4.123106
1 6 19.927864 9.899495
2 8 23.283948 82.036577
2 7 19.739628 51.244512
3 8 17.128597 6.324555
4 9 16.744209 69.354164
5 8 20.397357 79.605276
6 9 23.053956 6.708204
7 9 24.387740 25.298221
