9 11 9461 872 994 996 1.000000 20
34 60 50.902587 48.740003
68 1 46.539227 42.035548
84 62 26.252649 26.202140
43 75 8.679273 8.243115
39 61 27.180546 28.993362
35 58 24.506736 25.863329
36 66 24.669448 29.342790
66 28 30.079434 29.866458
48 43 1.952293 1.687899
0 5 41.207206 2.236068
0 4 44.682732 5.099020
1 4 48.860279 66.640828
1 2 43.494298 63.063460
2 8 44.607701 40.706265
2 4 41.151376 45.011110
3 8 44.786424 32.388269
3 5 43.142048 18.788294
4 7 45.354920 42.638011
5 7 49.398659 43.139309
5 6 42.030885 8.062258
