10 10 8729 992 992 999 1.000000 20
13 81 5.009840 4.325316
80 78 39.179146 39.731550
22 73 44.760260 49.479770
85 16 19.188237 18.961260
50 19 27.630233 23.131200
8 50 40.337633 45.605360
73 85 2.429984 2.148678
71 58 4.925055 4.211883
79 14 35.779027 34.297439
79 82 0.542151 0.627020
0 2 6.033070 12.041595
1 9 0.100590 4.123106
1 6 8.492459 9.899495
2 8 9.542240 82.036577
2 7 9.357797 51.244512
3 8 4.550302 6.324555
4 9 0.688929 69.354164
5 8 3.432147 79.605276
6 9 4.441338 6.708204
7 9 0.624984 25.298221
