9 11 10207 1025 991 998 1.000000 20
34 60 4.181672 3.752911
68 1 39.672958 46.180168
84 62 38.817092 36.402210
43 75 2.961739 2.757170
39 61 24.322444 20.793077
35 58 3.539900 3.301650
36 66 31.848952 31.530806
66 28 36.079481 30.266114
48 43 37.981038 43.607862
0 5 6.594553 2.236068
0 4 0.214397 5.099020
1 4 4.266707 66.640828
1 2 9.333308 63.063460
2 8 8.304728 40.706265
2 4 1.626954 45.011110
3 8 1.236491 32.388269
3 5 4.238261 18.788294
4 7 8.218198 42.638011
5 7 3.716110 43.139309
5 6 4.634141 8.062258
