10 10 8886 1201 194 46 0.001000 20
13 81 1.380399 1.495903
80 78 37.847120 38.718943
22 73 44.103350 42.744925
85 16 27.366508 24.849397
50 19 12.004527 10.124021
8 50 51.261345 46.454973
73 85 23.495608 21.880084
71 58 26.113335 31.866787
79 14 18.037864 18.712431
79 82 3.695363 3.782793
0 2 41.913389 12.041595
1 9 44.738548 4.123106
1 6 44.677734 9.899495
2 8 43.447351 82.036577
2 7 35.196671 51.244512
3 8 40.066462 6.324555
4 9 35.337535 69.354164
5 8 35.791600 79.605276
6 9 41.853900 6.708204
7 9 41.625088 25.298221
