9 11 8854 949 999 995 1.000000 20
34 60 17.255808 15.403043
68 1 29.200347 34.604880
84 62 20.212410 21.778182
43 75 40.714392 36.713345
39 61 24.695941 26.632111
35 58 17.577944 20.114243
36 66 36.099616 34.829048
66 28 16.645129 17.537316
48 43 14.747101 16.107937
0 5 46.039967 2.236068
0 4 47.366353 5.099020
1 4 45.363312 66.640828
1 2 40.165174 63.063460
2 8 44.379397 40.706265
2 4 47.837554 45.011110
3 8 47.478661 32.388269
3 5 43.285454 18.788294
4 7 40.870802 42.638011
5 7 43.682371 43.139309
5 6 44.274756 8.062258
