10 10 7354 850 992 999 1.000000 20
13 81 56.922922 48.832345
80 78 33.759544 30.598058
22 73 2.464613 2.484556
85 16 29.275828 32.078738
50 19 10.173588 10.749565
8 50 12.231394 12.735562
73 85 28.199852 25.639673
71 58 1.130521 1.064657
79 14 31.541039 39.069652
79 82 0.010435 0.009011
0 2 47.115747 12.041595
1 9 45.542916 4.123106
1 6 40.750893 9.899495
2 8 48.010354 82.036577
2 7 48.231230 51.244512
3 8 41.743738 6.324555
4 9 44.799948 69.354164
5 8 42.658259 79.605276
6 9 42.415563 6.708204
7 9 49.076904 25.298221
