10 10 7291 1059 99 7 0.001000 20
13 81 6.627034 7.113604
80 78 18.277458 17.454297
22 73 33.001678 28.927535
85 16 34.779261 30.265031
50 19 22.593108 18.973925
8 50 24.974522 25.887924
73 85 7.189001 6.765210
71 58 35.851283 40.856554
79 14 6.889371 7.110287
79 82 43.693904 49.135286
0 2 22.438575 12.041595
1 9 18.320116 4.123106
1 6 20.862042 9.899495
2 8 16.438768 82.036577
2 7 15.556415 51.244512
3 8 23.667715 6.324555
4 9 22.540553 69.354164
5 8 24.081855 79.605276
6 9 18.363495 6.708204
7 9 17.586256 25.298221
