9 11 9684 1852 992 997 1 20
34 60 48.251093 40.859362
68 1 41.553077 34.717878
84 62 8.416996 8.045900
43 75 10.955903 11.456688
39 61 47.958495 43.078969
35 58 52.581799 47.527530
36 66 43.737940 42.222820
66 28 21.097887 18.610257
48 43 0.261887 0.245918
0 5 44.529206 2.236068
0 4 48.860825 5.099020
1 4 44.828281 66.640828
1 2 43.644972 63.063460
2 8 49.971776 40.706265
2 4 43.524210 45.011110
3 8 47.819515 32.388269
3 5 41.743346 18.788294
4 7 42.677616 42.638011
5 7 42.948146 43.139309
5 6 45.491281 8.062258
