10 10 7812 2401 991 996 1.000000 20
13 81 39.161337 38.333074
80 78 5.764526 5.415073
22 73 15.308710 17.668626
85 16 15.711553 16.311960
50 19 24.597324 21.106638
8 50 2.202882 2.393520
73 85 27.520575 25.544001
71 58 29.384059 36.034971
79 14 57.483608 48.091107
79 82 26.185866 21.886956
0 2 45.993799 12.041595
1 9 43.646808 4.123106
1 6 43.131813 9.899495
2 8 41.476007 82.036577
2 7 44.891632 51.244512
3 8 41.169586 6.324555
4 9 43.917829 69.354164
5 8 43.196466 79.605276
6 9 46.623387 6.708204
7 9 42.405410 25.298221
