10 10 8921 471 93 7 0 20
13 81 1.512059 1.320224
80 78 3.628345 3.517831
22 73 14.549618 12.382666
85 16 14.842023 13.875452
50 19 23.064930 22.721787
8 50 39.996074 46.325067
73 85 6.708919 6.072330
71 58 1.350156 1.456526
79 14 11.377561 10.933843
79 82 41.755932 39.319992
0 2 24.756871 12.041595
1 9 23.642737 4.123106
1 6 20.517152 9.899495
2 8 19.792430 82.036577
2 7 20.382206 51.244512
3 8 20.038549 6.324555
4 9 16.253180 69.354164
5 8 19.726793 79.605276
6 9 18.160592 6.708204
7 9 17.135285 25.298221
