10 10 9473 433 993 997 1 20
13 81 7.352642 6.383975
80 78 18.861473 21.446874
22 73 27.975926 29.505881
85 16 33.198741 32.965310
50 19 30.113396 32.952981
8 50 39.528012 38.518405
73 85 38.187248 32.546272
71 58 36.177437 37.055914
79 14 32.359182 37.820255
79 82 10.012502 9.885597
0 2 43.384504 12.041595
1 9 46.317478 4.123106
1 6 49.751295 9.899495
2 8 44.783846 82.036577
2 7 49.625617 51.244512
3 8 49.101172 6.324555
4 9 46.839004 69.354164
5 8 41.912505 79.605276
6 9 49.155746 6.708204
7 9 48.758521 25.298221
