10 10 866 1222 194 49 0.010000 20
13 81 40.387381 49.846452
80 78 46.842188 47.220168
22 73 3.452400 2.961175
85 16 28.705527 34.498686
50 19 26.607394 23.158163
8 50 37.206340 32.116952
73 85 26.913067 29.775083
71 58 3.157392 3.407855
79 14 30.228420 31.699486
79 82 20.401727 23.578594
0 2 41.145058 12.041595
1 9 40.768855 4.123106
1 6 38.153090 9.899495
2 8 44.254919 82.036577
2 7 41.960320 51.244512
3 8 43.759815 6.324555
4 9 43.982327 69.354164
5 8 38.370516 79.605276
6 9 43.863949 6.708204
7 9 35.367036 25.298221
