9 11 9921 376 42 9 0 20
34 60 18.414231 18.175311
68 1 26.073778 28.877146
84 62 3.496613 4.346891
43 75 7.276546 7.395220
39 61 33.090604 39.977266
35 58 36.416032 35.245727
36 66 31.179624 38.685551
66 28 42.275786 49.700116
48 43 6.127329 6.857832
0 5 9.192611 2.236068
0 4 0.619352 5.099020
1 4 5.524258 66.640828
1 2 5.424831 63.063460
2 8 5.820060 40.706265
2 4 8.304086 45.011110
3 8 4.930222 32.388269
3 5 0.654749 18.788294
4 7 1.019279 42.638011
5 7 9.494638 43.139309
5 6 9.024720 8.062258
