9 11 12480 636 990 998 1.000000 20
34 60 32.871659 33.709484
68 1 19.206987 16.152876
84 62 0.308582 0.284115
43 75 20.406217 17.418620
39 61 21.620849 23.407316
35 58 24.833327 29.133938
36 66 21.416100 18.487246
66 28 29.200349 28.951992
48 43 15.110337 14.175428
0 5 4.951454 2.236068
0 4 2.536301 5.099020
1 4 8.288265 66.640828
1 2 3.552509 63.063460
2 8 2.650584 40.706265
2 4 8.014689 45.011110
3 8 1.477103 32.388269
3 5 9.070135 18.788294
4 7 6.665329 42.638011
5 7 8.881239 43.139309
5 6 4.884544 8.062258
