9 11 10877 500 991 999 1.000000 20
34 60 1.343292 1.187259
68 1 46.951733 47.983913
84 62 32.606343 40.586060
43 75 9.188269 8.961245
39 61 0.775668 0.659407
35 58 27.378512 32.353563
36 66 11.672626 12.427635
66 28 24.146650 22.445072
48 43 9.473582 11.118784
0 5 6.551729 2.236068
0 4 3.329100 5.099020
1 4 7.041213 66.640828
1 2 0.772017 63.063460
2 8 8.158428 40.706265
2 4 3.828441 45.011110
3 8 0.150928 32.388269
3 5 9.752471 18.788294
4 7 1.240343 42.638011
5 7 5.112251 43.139309
5 6 1.914234 8.062258
