10 10 12520 1170 995 998 1.000000 20
13 81 17.584564 21.181467
80 78 34.730323 38.639087
22 73 15.626596 13.245704
85 16 30.128335 32.498954
50 19 37.324585 41.684982
8 50 19.717377 21.510080
73 85 3.192536 3.283257
71 58 20.347620 18.009553
79 14 6.747232 7.722562
79 82 49.945337 45.590961
0 2 2.177359 12.041595
1 9 0.302478 4.123106
1 6 5.956510 9.899495
2 8 0.248565 82.036577
2 7 0.717300 51.244512
3 8 4.547933 6.324555
4 9 4.612761 69.354164
5 8 4.469850 79.605276
6 9 1.893657 6.708204
7 9 9.480780 25.298221
