9 11 10862 366 999 998 1 20
34 60 30.433438 31.651680
68 1 0.557520 0.641206
84 62 21.100757 26.330726
43 75 18.422867 15.898728
39 61 39.314402 45.927057
35 58 25.584098 31.948470
36 66 38.094774 43.934663
66 28 16.905151 14.362580
48 43 33.262891 33.238062
0 5 45.801564 2.236068
0 4 42.264666 5.099020
1 4 42.507237 66.640828
1 2 49.091311 63.063460
2 8 40.828729 40.706265
2 4 48.681345 45.011110
3 8 43.720248 32.388269
3 5 48.342875 18.788294
4 7 42.769547 42.638011
5 7 41.613376 43.139309
5 6 45.526730 8.062258
