10 10 1193 284 47 8 0.000100 20
13 81 3.456554 3.067861
80 78 26.450037 23.486295
22 73 20.651384 25.384714
85 16 18.900421 18.288108
50 19 29.179351 24.320895
8 50 25.442162 21.850721
73 85 39.530640 38.260404
71 58 10.256279 9.871551
79 14 10.193689 10.891340
79 82 24.942140 27.261522
0 2 3.119336 12.041595
1 9 2.930415 4.123106
1 6 9.735146 9.899495
2 8 4.911789 82.036577
2 7 0.993175 51.244512
3 8 3.092315 6.324555
4 9 7.268225 69.354164
5 8 0.005507 79.605276
6 9 8.177016 6.708204
7 9 5.194780 25.298221
