9 11 9108 392 992 996 1.000000 20
34 60 24.567590 29.256678
68 1 46.715799 44.595494
84 62 26.146769 30.064583
43 75 42.398285 36.541377
39 61 44.045931 47.302563
35 58 0.680505 0.615750
36 66 52.056510 48.621540
66 28 41.653448 43.426131
48 43 15.722205 14.094371
0 5 46.130637 2.236068
0 4 43.884167 5.099020
1 4 48.607443 66.640828
1 2 42.327681 63.063460
2 8 48.929884 40.706265
2 4 43.330199 45.011110
3 8 41.505534 32.388269
3 5 43.449914 18.788294
4 7 45.027954 42.638011
5 7 44.150685 43.139309
5 6 42.705440 8.062258
