10 10 10827 2328 98 5 0 20
13 81 38.292569 38.872091
80 78 34.095046 34.716011
22 73 38.903391 35.652216
85 16 12.911290 12.078436
50 19 42.544068 41.182965
8 50 12.747479 11.564601
73 85 29.831039 25.176692
71 58 24.145035 22.231730
79 14 0.163576 0.167596
79 82 8.618654 8.572552
0 2 23.807692 12.041595
1 9 17.750689 4.123106
1 6 15.062845 9.899495
2 8 24.255456 82.036577
2 7 20.266145 51.244512
3 8 22.727154 6.324555
4 9 19.441670 69.354164
5 8 21.584119 79.605276
6 9 19.454169 6.708204
7 9 22.690296 25.298221
