9 11 12285 649 999 998 1 20
34 60 15.437473 13.250422
68 1 14.672679 16.110946
84 62 37.510605 42.193207
43 75 19.409055 24.086075
39 61 11.065609 13.476314
35 58 21.024360 22.300019
36 66 27.641604 27.062223
66 28 30.576834 32.294309
48 43 3.106077 3.503777
0 5 42.010842 2.236068
0 4 47.245093 5.099020
1 4 41.580925 66.640828
1 2 47.895514 63.063460
2 8 45.745217 40.706265
2 4 49.484636 45.011110
3 8 44.131124 32.388269
3 5 44.278355 18.788294
4 7 49.571675 42.638011
5 7 41.681065 43.139309
5 6 42.682493 8.062258
