10 10 12200 932 995 997 1.000000 20
13 81 30.534403 34.981411
80 78 14.867950 17.659416
22 73 0.304524 0.328350
85 16 38.928760 45.781502
50 19 3.812365 4.727662
8 50 51.836933 47.670509
73 85 5.420126 5.504775
71 58 54.298449 46.743089
79 14 40.972787 39.728733
79 82 42.631503 42.536036
0 2 9.660410 12.041595
1 9 1.132392 4.123106
1 6 9.529621 9.899495
2 8 7.068306 82.036577
2 7 2.103993 51.244512
3 8 0.969482 6.324555
4 9 6.722584 69.354164
5 8 1.920105 79.605276
6 9 3.979402 6.708204
7 9 2.801456 25.298221
