9 11 11277 2246 142 28 0.010000 20
34 60 18.780500 22.116031
68 1 35.926698 31.993398
84 62 17.358437 20.857170
43 75 28.493377 28.982231
39 61 5.254577 5.977331
35 58 49.360645 44.229092
36 66 43.859329 43.059847
66 28 25.995853 23.666377
48 43 8.306068 9.199482
0 5 3.892281 2.236068
0 4 5.277410 5.099020
1 4 6.609029 66.640828
1 2 3.672135 63.063460
2 8 7.602978 40.706265
2 4 7.309966 45.011110
3 8 2.473309 32.388269
3 5 2.146013 18.788294
4 7 0.488935 42.638011
5 7 5.222977 43.139309
5 6 8.168989 8.062258
