10 10 146 282 993 996 1.000000 20
13 81 5.535161 5.437648
80 78 9.939411 9.900682
22 73 44.662857 42.209425
85 16 39.899786 47.759097
50 19 4.178001 4.521716
8 50 15.409046 16.210553
73 85 26.498733 23.385308
71 58 0.250432 0.209413
79 14 19.188099 16.907235
79 82 10.198447 10.688155
0 2 45.546646 12.041595
1 9 41.489737 4.123106
1 6 49.000650 9.899495
2 8 40.083326 82.036577
2 7 47.390692 51.244512
3 8 48.708374 6.324555
4 9 43.133686 69.354164
5 8 43.230116 79.605276
6 9 46.982223 6.708204
7 9 42.619352 25.298221
