9 11 10612 538 149 26 0.010000 20
34 60 42.645789 48.446418
68 1 8.397348 8.775392
84 62 9.008038 8.149214
43 75 39.793380 35.302359
39 61 34.161062 35.060886
35 58 47.156756 40.867022
36 66 0.582524 0.559203
66 28 30.263906 28.390061
48 43 16.152069 16.532172
0 5 4.862832 2.236068
0 4 9.126632 5.099020
1 4 7.370791 66.640828
1 2 0.100584 63.063460
2 8 4.854176 40.706265
2 4 4.539258 45.011110
3 8 9.031520 32.388269
3 5 3.979727 18.788294
4 7 5.313052 42.638011
5 7 6.921438 43.139309
5 6 0.378944 8.062258
