10 10 10413 462 45 8 0 20
13 81 6.628765 8.149033
80 78 45.599147 46.290249
22 73 1.266753 1.111422
85 16 21.358828 21.455912
50 19 8.525253 10.513154
8 50 34.965132 37.599317
73 85 30.884031 28.373902
71 58 37.730750 36.401794
79 14 33.113063 31.489765
79 82 30.125000 31.091223
0 2 3.349790 12.041595
1 9 2.980495 4.123106
1 6 8.897167 9.899495
2 8 1.394458 82.036577
2 7 8.436295 51.244512
3 8 1.309209 6.324555
4 9 8.518062 69.354164
5 8 2.137998 79.605276
6 9 9.809383 6.708204
7 9 8.054799 25.298221
