9 11 11315 1718 198 45 0 20
34 60 36.599318 34.851440
68 1 11.396932 13.477851
84 62 25.119545 30.026973
43 75 40.986128 41.884402
39 61 0.644566 0.544289
35 58 37.036506 46.115042
36 66 13.735207 12.902728
66 28 14.444473 13.545223
48 43 25.713227 22.636592
0 5 40.501354 2.236068
0 4 39.147254 5.099020
1 4 36.145998 66.640828
1 2 37.430252 63.063460
2 8 43.577744 40.706265
2 4 44.637341 45.011110
3 8 37.917187 32.388269
3 5 42.200009 18.788294
4 7 35.974617 42.638011
5 7 35.004558 43.139309
5 6 37.501874 8.062258
