10 10 1307 374 49 9 0 20
13 81 11.556829 14.407647
80 78 9.024689 8.415506
22 73 28.862399 35.756035
85 16 36.153409 41.721585
50 19 7.550828 6.323528
8 50 32.544188 29.503185
73 85 27.062704 30.480848
71 58 7.865724 8.057319
79 14 29.255199 33.396188
79 82 6.482968 5.634109
0 2 5.585716 12.041595
1 9 8.459248 4.123106
1 6 8.060041 9.899495
2 8 9.246301 82.036577
2 7 9.911491 51.244512
3 8 2.092420 6.324555
4 9 4.414073 69.354164
5 8 7.924112 79.605276
6 9 7.137795 6.708204
7 9 5.927559 25.298221
