10 10 12119 1301 996 998 1 20
13 81 34.541633 41.728790
80 78 42.640740 48.446679
22 73 22.311203 27.076065
85 16 32.159138 33.913140
50 19 43.562726 39.691798
8 50 13.959446 12.751290
73 85 23.199039 27.419236
71 58 29.248229 36.297644
79 14 8.972781 9.170182
79 82 43.321870 47.259297
0 2 9.477633 12.041595
1 9 6.750427 4.123106
1 6 0.536314 9.899495
2 8 1.044667 82.036577
2 7 9.600132 51.244512
3 8 3.750642 6.324555
4 9 1.155209 69.354164
5 8 0.806462 79.605276
6 9 5.929298 6.708204
7 9 8.213525 25.298221
