9 11 11795 1372 148 26 0.001000 20
34 60 19.372462 18.344899
68 1 42.275157 49.514960
84 62 37.243830 38.164778
43 75 27.825378 26.449400
39 61 19.556190 16.939470
35 58 7.686294 7.636858
36 66 36.584202 42.353505
66 28 41.021079 37.582991
48 43 41.859784 45.385888
0 5 3.029303 2.236068
0 4 9.799766 5.099020
1 4 5.081129 66.640828
1 2 8.584642 63.063460
2 8 9.300091 40.706265
2 4 9.311094 45.011110
3 8 3.425723 32.388269
3 5 2.963246 18.788294
4 7 8.179366 42.638011
5 7 0.952330 43.139309
5 6 8.139533 8.062258
