9 11 11472 773 92 9 0.001000 20
34 60 8.247155 8.948908
68 1 34.384463 40.727525
84 62 35.590465 31.251498
43 75 31.190482 37.791038
39 61 38.275443 45.184915
35 58 40.359514 34.108504
36 66 54.039272 47.288427
66 28 7.122461 6.402448
48 43 0.935574 0.996907
0 5 20.219693 2.236068
0 4 15.854467 5.099020
1 4 17.413070 66.640828
1 2 24.089038 63.063460
2 8 22.433060 40.706265
2 4 22.301065 45.011110
3 8 16.781989 32.388269
3 5 24.834211 18.788294
4 7 19.675423 42.638011
5 7 16.024910 43.139309
5 6 19.229509 8.062258
