10 10 10482 1194 49 7 0 20
13 81 27.881532 31.148011
80 78 4.803708 4.736593
22 73 9.658648 10.081547
85 16 40.919218 46.756432
50 19 19.042274 18.889519
8 50 41.171977 39.955756
73 85 36.960000 35.444331
71 58 16.212762 14.593559
79 14 30.214159 32.519112
79 82 18.632421 15.671718
0 2 8.253022 12.041595
1 9 2.677511 4.123106
1 6 3.789149 9.899495
2 8 8.866586 82.036577
2 7 6.539887 51.244512
3 8 6.950458 6.324555
4 9 5.330153 69.354164
5 8 0.554140 79.605276
6 9 5.696301 6.708204
7 9 3.629875 25.298221
