10 10 11052 326 996 996 1 20
13 81 14.164438 15.924662
80 78 25.663152 23.721981
22 73 20.650332 22.415973
85 16 46.381901 39.522410
50 19 35.819120 34.230928
8 50 49.489605 46.874757
73 85 36.408123 36.368909
71 58 36.604794 44.303434
79 14 38.458491 36.262138
79 82 39.084466 42.682218
0 2 3.938936 12.041595
1 9 1.899665 4.123106
1 6 3.863942 9.899495
2 8 4.762421 82.036577
2 7 7.884912 51.244512
3 8 6.384104 6.324555
4 9 3.376602 69.354164
5 8 9.303024 79.605276
6 9 2.287481 6.708204
7 9 7.629861 25.298221
