9 11 11055 573 997 998 1.000000 20
34 60 42.161177 44.976211
68 1 42.251859 44.215086
84 62 35.140667 39.402723
43 75 27.526485 25.895728
39 61 36.186227 31.345438
35 58 7.287862 6.737043
36 66 34.275252 35.841347
66 28 37.433855 42.844927
48 43 44.800093 39.007658
0 5 43.966240 2.236068
0 4 40.327918 5.099020
1 4 43.741954 66.640828
1 2 48.213924 63.063460
2 8 48.481411 40.706265
2 4 45.348283 45.011110
3 8 41.129238 32.388269
3 5 49.555633 18.788294
4 7 49.654395 42.638011
5 7 45.236628 43.139309
5 6 48.628683 8.062258
