10 10 11105 943 199 45 0 20
13 81 20.488212 22.618055
80 78 19.225009 20.824328
22 73 6.232166 5.644654
85 16 36.240891 37.447459
50 19 37.378017 45.871764
8 50 26.007874 32.246886
73 85 5.189626 5.311335
71 58 26.169274 23.160225
79 14 28.734529 29.204948
79 82 7.835235 8.523502
0 2 35.072833 12.041595
1 9 40.012808 4.123106
1 6 39.366307 9.899495
2 8 41.587842 82.036577
2 7 44.497505 51.244512
3 8 41.228538 6.324555
4 9 37.047643 69.354164
5 8 42.676144 79.605276
6 9 40.525923 6.708204
7 9 35.434070 25.298221
