9 11 1064 1095 994 997 1.000000 20
34 60 1.651721 1.565138
68 1 31.587313 31.189475
84 62 17.221400 15.974549
43 75 52.016344 43.624183
39 61 37.895471 35.680018
35 58 27.686266 26.427833
36 66 32.813608 30.176913
66 28 25.616313 24.319347
48 43 27.014393 23.132566
0 5 43.819561 2.236068
0 4 49.605099 5.099020
1 4 49.658624 66.640828
1 2 44.993890 63.063460
2 8 45.576863 40.706265
2 4 45.981474 45.011110
3 8 41.002471 32.388269
3 5 43.170623 18.788294
4 7 45.737493 42.638011
5 7 44.561583 43.139309
5 6 43.930782 8.062258
