9 11 11815 1236 996 998 1 20
34 60 9.750240 8.328884
68 1 39.683705 46.278091
84 62 41.724247 37.972672
43 75 52.094735 47.080650
39 61 28.639622 33.930870
35 58 7.722045 9.597947
36 66 20.955120 18.916405
66 28 0.418682 0.435796
48 43 38.646708 43.309495
0 5 41.293002 2.236068
0 4 46.136935 5.099020
1 4 46.574136 66.640828
1 2 43.521991 63.063460
2 8 43.644860 40.706265
2 4 40.872935 45.011110
3 8 41.878326 32.388269
3 5 40.809730 18.788294
4 7 48.879495 42.638011
5 7 48.951676 43.139309
5 6 45.426392 8.062258
