9 11 10931 806 998 997 1 20
34 60 32.060272 33.103255
68 1 42.675946 47.947956
84 62 31.071835 30.606703
43 75 16.045371 14.183714
39 61 43.212539 40.004902
35 58 20.195234 22.240819
36 66 6.945729 7.535279
66 28 4.905809 6.079259
48 43 32.630422 35.489946
0 5 4.785157 2.236068
0 4 3.613326 5.099020
1 4 9.269260 66.640828
1 2 3.694065 63.063460
2 8 5.323569 40.706265
2 4 0.772730 45.011110
3 8 9.140965 32.388269
3 5 6.737323 18.788294
4 7 3.451440 42.638011
5 7 8.772905 43.139309
5 6 8.617967 8.062258
