10 10 9810 885 991 998 1.000000 20
13 81 6.729618 6.443819
80 78 18.503849 15.932944
22 73 9.133345 8.109521
85 16 43.785700 45.380309
50 19 5.140758 5.586106
8 50 56.142791 47.906132
73 85 36.213776 32.125102
71 58 45.607169 40.399074
79 14 27.870677 25.277722
79 82 9.778718 11.831193
0 2 4.933950 12.041595
1 9 8.327296 4.123106
1 6 8.382505 9.899495
2 8 3.845836 82.036577
2 7 5.269193 51.244512
3 8 4.857382 6.324555
4 9 5.871185 69.354164
5 8 7.327837 79.605276
6 9 7.711575 6.708204
7 9 9.335604 25.298221
