9 11 12071 1370 993 998 1 20
34 60 22.709759 22.944767
68 1 32.894828 34.301480
84 62 3.720025 4.485919
43 75 4.407412 4.445083
39 61 35.858242 36.318575
35 58 53.612300 45.068583
36 66 16.701876 19.108191
66 28 33.440143 35.466623
48 43 31.144275 33.852622
0 5 41.027755 2.236068
0 4 49.516387 5.099020
1 4 43.548693 66.640828
1 2 46.014098 63.063460
2 8 41.088182 40.706265
2 4 42.009648 45.011110
3 8 40.450201 32.388269
3 5 40.239011 18.788294
4 7 48.249789 42.638011
5 7 42.992593 43.139309
5 6 48.591248 8.062258
