9 11 9837 1649 142 25 0.010000 20
34 60 42.100713 49.560019
68 1 30.972590 27.529983
84 62 13.212073 11.572316
43 75 35.498235 43.198359
39 61 6.758881 8.260998
35 58 34.858328 33.870636
36 66 23.804669 22.632445
66 28 49.662040 42.785858
48 43 0.650730 0.790061
0 5 2.550426 2.236068
0 4 6.308858 5.099020
1 4 4.473140 66.640828
1 2 9.962231 63.063460
2 8 8.366238 40.706265
2 4 7.440730 45.011110
3 8 4.134088 32.388269
3 5 4.202715 18.788294
4 7 8.722259 42.638011
5 7 6.979223 43.139309
5 6 0.562354 8.062258
