9 11 12547 257 998 997 1 20
34 60 18.415302 15.696047
68 1 44.849455 37.781182
84 62 25.665026 28.512930
43 75 8.223456 7.517179
39 61 16.538399 16.160253
35 58 8.173436 7.168835
36 66 45.447409 43.355257
66 28 0.425095 0.460025
48 43 34.204243 40.327304
0 5 6.584764 2.236068
0 4 1.377603 5.099020
1 4 3.977037 66.640828
1 2 4.474696 63.063460
2 8 5.430747 40.706265
2 4 5.682380 45.011110
3 8 8.114327 32.388269
3 5 2.447167 18.788294
4 7 3.560680 42.638011
5 7 6.023859 43.139309
5 6 9.776473 8.062258
