9 11 12360 488 197 49 0.001000 20
34 60 30.190296 27.435067
68 1 22.089912 19.582256
84 62 29.662380 37.008883
43 75 52.682987 44.349543
39 61 40.645829 39.896607
35 58 29.101375 30.895187
36 66 33.974877 38.803500
66 28 37.149552 39.018092
48 43 10.091772 12.269472
0 5 43.650979 2.236068
0 4 35.579278 5.099020
1 4 36.336957 66.640828
1 2 41.700861 63.063460
2 8 41.021252 40.706265
2 4 38.988516 45.011110
3 8 43.846056 32.388269
3 5 39.643893 18.788294
4 7 36.240106 42.638011
5 7 43.416501 43.139309
5 6 44.377895 8.062258
