10 10 11444 1386 142 28 0.010000 20
13 81 14.751173 14.338365
80 78 43.293740 47.027503
22 73 17.248576 21.090749
85 16 7.802754 8.396639
50 19 33.641026 28.072717
8 50 41.121650 43.452856
73 85 22.988976 22.825877
71 58 26.610817 26.306582
79 14 12.658531 11.832791
79 82 5.207423 5.732386
0 2 3.433682 12.041595
1 9 5.405006 4.123106
1 6 9.240513 9.899495
2 8 3.431022 82.036577
2 7 8.672480 51.244512
3 8 2.301227 6.324555
4 9 8.682234 69.354164
5 8 7.568199 79.605276
6 9 7.367702 6.708204
7 9 7.565725 25.298221
