10 10 10716 504 96 9 0.000100 20
13 81 42.637733 39.083423
80 78 50.605226 43.282626
22 73 7.440465 7.445313
85 16 12.570518 12.202073
50 19 26.202198 27.453336
8 50 28.091150 31.435944
73 85 38.432905 43.398748
71 58 28.117975 27.066417
79 14 8.570113 7.903464
79 82 34.393938 33.866058
0 2 20.433753 12.041595
1 9 16.822248 4.123106
1 6 21.845385 9.899495
2 8 23.343280 82.036577
2 7 23.783311 51.244512
3 8 20.221720 6.324555
4 9 15.139800 69.354164
5 8 17.390588 79.605276
6 9 20.370216 6.708204
7 9 19.477094 25.298221
