9 11 12000 429 999 998 1.000000 20
34 60 6.399662 5.995560
68 1 1.762158 1.472902
84 62 16.321171 19.985588
43 75 17.176478 15.421279
39 61 27.966882 31.443260
35 58 15.341027 18.250155
36 66 25.546601 30.135274
66 28 4.239250 4.045464
48 43 42.632052 37.134964
0 5 40.126305 2.236068
0 4 48.685258 5.099020
1 4 46.626710 66.640828
1 2 43.582527 63.063460
2 8 47.329617 40.706265
2 4 48.304829 45.011110
3 8 41.368836 32.388269
3 5 49.649353 18.788294
4 7 42.722413 42.638011
5 7 44.097374 43.139309
5 6 44.237102 8.062258
