10 10 10734 728 144 25 0.010000 20
13 81 38.780086 45.317182
80 78 38.671353 37.463235
22 73 41.330776 47.076499
85 16 8.549931 7.572594
50 19 29.283154 28.978215
8 50 10.853611 10.772662
73 85 21.192113 18.847469
71 58 3.357837 3.395658
79 14 39.867245 34.318207
79 82 44.400685 38.598277
0 2 6.648124 12.041595
1 9 7.382887 4.123106
1 6 9.613493 9.899495
2 8 4.060134 82.036577
2 7 1.678358 51.244512
3 8 9.503528 6.324555
4 9 7.417894 69.354164
5 8 4.131404 79.605276
6 9 5.532500 6.708204
7 9 6.337687 25.298221
