9 11 10679 496 48 8 0.000100 20
34 60 9.270669 11.179886
68 1 40.428242 43.590865
84 62 30.032994 27.085975
43 75 27.792057 32.485943
39 61 38.096198 41.379731
35 58 14.345649 12.444289
36 66 36.669358 41.176757
66 28 16.480862 20.468374
48 43 5.381355 5.380836
0 5 8.382287 2.236068
0 4 0.276384 5.099020
1 4 0.082561 66.640828
1 2 7.080999 63.063460
2 8 4.533657 40.706265
2 4 3.672624 45.011110
3 8 5.424478 32.388269
3 5 7.386443 18.788294
4 7 4.754991 42.638011
5 7 2.375898 43.139309
5 6 0.147518 8.062258
