9 11 11909 397 991 999 1.000000 20
34 60 34.395153 33.982232
68 1 37.076371 39.138913
84 62 26.334037 29.501087
43 75 9.445555 10.732315
39 61 19.118744 21.710623
35 58 30.207269 32.011712
36 66 29.604733 25.863039
66 28 11.913858 13.748533
48 43 28.862742 34.217143
0 5 47.326914 2.236068
0 4 40.739606 5.099020
1 4 44.247279 66.640828
1 2 42.070395 63.063460
2 8 48.858399 40.706265
2 4 40.294788 45.011110
3 8 41.242723 32.388269
3 5 44.440965 18.788294
4 7 49.530833 42.638011
5 7 41.431914 43.139309
5 6 46.816027 8.062258
