9 11 11083 1338 995 999 1.000000 20
34 60 30.272308 30.129130
68 1 47.011944 43.325990
84 62 35.027878 32.145901
43 75 10.546339 12.825436
39 61 13.255579 14.188372
35 58 20.407840 18.801786
36 66 48.151214 46.578543
66 28 44.949409 43.482475
48 43 13.630472 12.260902
0 5 5.697898 2.236068
0 4 7.232377 5.099020
1 4 2.807771 66.640828
1 2 0.305353 63.063460
2 8 4.002890 40.706265
2 4 8.632077 45.011110
3 8 4.159260 32.388269
3 5 3.917357 18.788294
4 7 0.795083 42.638011
5 7 0.694774 43.139309
5 6 7.935179 8.062258
