10 10 9243 723 994 998 1.000000 20
13 81 34.172103 41.677582
80 78 29.009773 33.196002
22 73 31.916539 37.827618
85 16 17.973225 22.058069
50 19 12.905825 14.550711
8 50 45.607623 48.634652
73 85 11.431233 11.140731
71 58 22.584903 19.892598
79 14 39.846334 35.006118
79 82 44.753916 44.896559
0 2 45.967620 12.041595
1 9 43.530027 4.123106
1 6 46.628337 9.899495
2 8 48.347177 82.036577
2 7 48.761187 51.244512
3 8 49.901440 6.324555
4 9 42.004932 69.354164
5 8 41.420534 79.605276
6 9 48.437039 6.708204
7 9 44.999762 25.298221
