10 10 10387 2844 190 49 0.010000 20
13 81 42.971868 46.090116
80 78 36.989322 40.113986
22 73 2.532507 2.209172
85 16 22.561131 22.157610
50 19 38.406390 32.344519
8 50 19.768290 23.994279
73 85 6.707743 6.548251
71 58 33.733925 40.572013
79 14 4.173498 3.577391
79 82 31.208287 30.120452
0 2 39.242780 12.041595
1 9 36.551680 4.123106
1 6 40.367136 9.899495
2 8 37.083359 82.036577
2 7 41.962341 51.244512
3 8 39.397456 6.324555
4 9 39.452967 69.354164
5 8 35.109147 79.605276
6 9 39.840077 6.708204
7 9 38.615531 25.298221
