10 10 11184 1262 994 998 1 20
13 81 27.810265 29.541409
80 78 41.095161 38.009293
22 73 44.650558 45.398093
85 16 45.473836 48.147733
50 19 23.451038 26.077847
8 50 19.792058 19.094883
73 85 46.357713 44.943133
71 58 28.573281 32.304191
79 14 43.786011 44.558839
79 82 36.268137 37.915893
0 2 45.026671 12.041595
1 9 47.769427 4.123106
1 6 49.691136 9.899495
2 8 47.446382 82.036577
2 7 48.493961 51.244512
3 8 49.335415 6.324555
4 9 46.855085 69.354164
5 8 49.383334 79.605276
6 9 42.328634 6.708204
7 9 47.359143 25.298221
