10 10 1435 2571 146 25 0 20
13 81 48.246441 45.632140
80 78 19.003195 19.080299
22 73 8.778309 10.162255
85 16 22.642361 21.714450
50 19 11.065370 10.110361
8 50 7.075107 8.644072
73 85 28.568176 26.674023
71 58 26.051719 30.180797
79 14 4.886880 4.454983
79 82 13.850245 13.621988
0 2 2.981828 12.041595
1 9 3.785799 4.123106
1 6 9.016932 9.899495
2 8 4.969479 82.036577
2 7 2.416640 51.244512
3 8 3.768858 6.324555
4 9 1.233884 69.354164
5 8 3.433902 79.605276
6 9 5.376198 6.708204
7 9 7.456389 25.298221
