9 11 10040 507 999 998 1.000000 20
34 60 27.023549 25.570377
68 1 0.380089 0.428386
84 62 19.544338 19.647469
43 75 15.548960 19.242359
39 61 36.909387 45.508840
35 58 46.453504 44.226240
36 66 34.067881 32.807079
66 28 42.672505 39.194641
48 43 24.229313 24.753151
0 5 5.296208 2.236068
0 4 4.392703 5.099020
1 4 0.122324 66.640828
1 2 2.564140 63.063460
2 8 2.247335 40.706265
2 4 8.787873 45.011110
3 8 3.055223 32.388269
3 5 0.019032 18.788294
4 7 9.043224 42.638011
5 7 8.088577 43.139309
5 6 3.926277 8.062258
