9 11 12357 304 96 9 0 20
34 60 24.144614 29.078876
68 1 18.371161 18.844823
84 62 26.347212 31.628300
43 75 24.992424 30.781913
39 61 12.073484 15.062286
35 58 7.829791 9.623373
36 66 53.415061 45.185550
66 28 28.733706 27.354360
48 43 17.784869 15.088378
0 5 22.408159 2.236068
0 4 19.361587 5.099020
1 4 22.194129 66.640828
1 2 21.197057 63.063460
2 8 15.558256 40.706265
2 4 15.233664 45.011110
3 8 16.458328 32.388269
3 5 24.550906 18.788294
4 7 19.294392 42.638011
5 7 17.962646 43.139309
5 6 21.036945 8.062258
