10 10 10620 1240 145 28 0 20
13 81 0.410085 0.407366
80 78 42.549877 42.224862
22 73 29.644313 26.377170
85 16 49.601148 47.603266
50 19 36.009019 43.620590
8 50 5.890232 6.844860
73 85 0.005846 0.007036
71 58 13.562538 11.950553
79 14 27.369482 26.459182
79 82 43.786339 39.724656
0 2 5.731833 12.041595
1 9 1.363254 4.123106
1 6 8.060710 9.899495
2 8 5.659943 82.036577
2 7 6.055386 51.244512
3 8 7.615362 6.324555
4 9 8.268765 69.354164
5 8 6.066572 79.605276
6 9 0.034525 6.708204
7 9 7.811109 25.298221
