10 10 11727 588 997 995 1.000000 20
13 81 44.862957 49.898361
80 78 36.734712 41.597209
22 73 50.937679 47.244898
85 16 21.985264 26.687343
50 19 49.761058 42.483569
8 50 23.500045 21.210188
73 85 15.597394 18.618412
71 58 10.031452 10.070460
79 14 22.199233 26.281911
79 82 11.916139 10.640189
0 2 8.481434 12.041595
1 9 5.878291 4.123106
1 6 3.821532 9.899495
2 8 1.090744 82.036577
2 7 4.539099 51.244512
3 8 8.022778 6.324555
4 9 2.567801 69.354164
5 8 9.807339 79.605276
6 9 6.003408 6.708204
7 9 3.492681 25.298221
