10 10 11977 371 990 995 1.000000 20
13 81 28.668391 32.722724
80 78 7.005357 8.135512
22 73 53.705896 47.156095
85 16 20.412378 21.759183
50 19 18.557728 21.871700
8 50 5.316611 5.449665
73 85 31.848643 33.998944
71 58 31.207081 26.657782
79 14 31.750463 26.470743
79 82 21.684454 24.133950
0 2 49.987859 12.041595
1 9 44.133310 4.123106
1 6 48.314897 9.899495
2 8 41.242788 82.036577
2 7 42.681869 51.244512
3 8 42.401981 6.324555
4 9 48.991039 69.354164
5 8 47.357604 79.605276
6 9 49.599138 6.708204
7 9 45.272813 25.298221
