9 11 10081 1668 94 6 0.001000 20
34 60 11.910866 11.965465
68 1 20.242644 22.456402
84 62 41.569537 45.579456
43 75 45.086270 48.854978
39 61 6.534302 6.204805
35 58 22.420663 26.379460
36 66 21.709560 24.790025
66 28 29.770754 25.809025
48 43 51.536405 47.176669
0 5 17.980484 2.236068
0 4 17.334370 5.099020
1 4 24.690497 66.640828
1 2 23.725837 63.063460
2 8 15.160943 40.706265
2 4 16.703797 45.011110
3 8 15.190357 32.388269
3 5 15.215804 18.788294
4 7 17.768802 42.638011
5 7 16.507357 43.139309
5 6 21.745724 8.062258
