9 11 10857 323 95 8 0.001000 20
34 60 39.765946 34.399290
68 1 41.686076 34.925455
84 62 26.222590 27.924976
43 75 16.503484 15.473135
39 61 4.288658 4.356759
35 58 33.609391 34.428893
36 66 42.461142 35.732455
66 28 11.432287 12.031843
48 43 53.027711 46.104022
0 5 18.449302 2.236068
0 4 16.897652 5.099020
1 4 18.559651 66.640828
1 2 17.335461 63.063460
2 8 18.977976 40.706265
2 4 16.911207 45.011110
3 8 19.202733 32.388269
3 5 16.089982 18.788294
4 7 24.177984 42.638011
5 7 15.992382 43.139309
5 6 16.353774 8.062258
