10 10 11473 2709 994 995 1 20
13 81 33.012436 32.799026
80 78 30.517194 35.563498
22 73 29.689842 33.034537
85 16 26.619921 31.237020
50 19 40.771602 45.773521
8 50 53.144054 45.097268
73 85 52.087469 45.073200
71 58 20.067065 22.982833
79 14 26.921701 31.759742
79 82 10.028282 10.211106
0 2 44.870845 12.041595
1 9 48.225281 4.123106
1 6 45.303417 9.899495
2 8 42.086532 82.036577
2 7 42.563508 51.244512
3 8 41.152615 6.324555
4 9 46.156808 69.354164
5 8 49.663210 79.605276
6 9 40.317759 6.708204
7 9 42.045920 25.298221
