9 11 12047 489 43 5 0 20
34 60 26.755333 29.206947
68 1 39.570109 35.162224
84 62 31.630169 36.892707
43 75 45.808622 39.797534
39 61 27.078593 23.491483
35 58 27.727094 33.952266
36 66 11.059552 10.036250
66 28 12.048305 14.182271
48 43 35.686936 33.878762
0 5 0.693417 2.236068
0 4 0.261937 5.099020
1 4 7.828777 66.640828
1 2 5.021835 63.063460
2 8 4.596636 40.706265
2 4 2.950895 45.011110
3 8 5.897174 32.388269
3 5 1.541131 18.788294
4 7 3.067714 42.638011
5 7 2.259834 43.139309
5 6 5.145112 8.062258
