10 10 11477 747 93 9 0.000100 20
13 81 18.023033 22.410449
80 78 17.002007 14.264122
22 73 47.839354 43.533910
85 16 18.163216 22.561601
50 19 4.214391 4.990319
8 50 28.918705 24.914754
73 85 5.456703 5.540206
71 58 1.969180 2.416833
79 14 12.964385 15.367484
79 82 21.785763 24.314074
0 2 19.115828 12.041595
1 9 22.798238 4.123106
1 6 23.868767 9.899495
2 8 15.746432 82.036577
2 7 23.088852 51.244512
3 8 22.536142 6.324555
4 9 20.642500 69.354164
5 8 19.856688 79.605276
6 9 17.838194 6.708204
7 9 15.447036 25.298221
