9 11 11772 624 992 999 1.000000 20
34 60 38.888820 36.547767
68 1 20.938916 18.678677
84 62 17.781773 15.750577
43 75 20.713080 25.498539
39 61 20.265369 22.314652
35 58 26.725714 23.954005
36 66 12.980790 14.515770
66 28 25.023807 23.299620
48 43 22.406531 24.742547
0 5 1.426839 2.236068
0 4 5.388575 5.099020
1 4 5.197050 66.640828
1 2 8.860047 63.063460
2 8 3.418697 40.706265
2 4 8.526466 45.011110
3 8 9.283229 32.388269
3 5 3.529361 18.788294
4 7 1.492069 42.638011
5 7 6.609330 43.139309
5 6 8.253487 8.062258
