9 11 9162 265 999 999 1.000000 20
34 60 18.321644 20.610971
68 1 20.729264 23.181428
84 62 47.557342 40.712696
43 75 29.473129 27.849471
39 61 24.061735 20.984021
35 58 36.090212 30.654217
36 66 38.785524 45.418723
66 28 53.409865 46.885977
48 43 1.886917 1.916131
0 5 1.220774 2.236068
0 4 0.302176 5.099020
1 4 4.022161 66.640828
1 2 6.044418 63.063460
2 8 0.406901 40.706265
2 4 3.944543 45.011110
3 8 7.994455 32.388269
3 5 3.056801 18.788294
4 7 7.140613 42.638011
5 7 7.200425 43.139309
5 6 2.141212 8.062258
