10 10 10367 844 146 27 0.010000 20
13 81 21.320235 18.526144
80 78 43.893426 49.690225
22 73 37.328109 34.442220
85 16 34.679748 43.236384
50 19 29.524813 25.485433
8 50 19.636977 23.497240
73 85 5.701971 6.525615
71 58 13.299595 13.461889
79 14 29.519814 27.962324
79 82 41.542354 35.444082
0 2 5.698430 12.041595
1 9 0.641990 4.123106
1 6 0.548403 9.899495
2 8 9.313241 82.036577
2 7 2.798955 51.244512
3 8 0.752345 6.324555
4 9 3.949561 69.354164
5 8 2.361399 79.605276
6 9 6.053622 6.708204
7 9 6.257152 25.298221
