9 11 12571 1300 996 997 1 20
34 60 45.485977 39.587531
68 1 7.152151 8.553207
84 62 12.204190 15.095717
43 75 9.622941 8.957591
39 61 30.336745 25.925165
35 58 9.385695 7.948929
36 66 18.097170 16.203010
66 28 4.772075 4.351441
48 43 57.383199 49.514419
0 5 1.920224 2.236068
0 4 7.184612 5.099020
1 4 3.472627 66.640828
1 2 7.293328 63.063460
2 8 0.354112 40.706265
2 4 6.452776 45.011110
3 8 5.060341 32.388269
3 5 8.932078 18.788294
4 7 5.199491 42.638011
5 7 9.059728 43.139309
5 6 1.605920 8.062258
