10 10 14078 2129 997 999 1 20
13 81 33.205958 31.997806
80 78 41.514012 42.422477
22 73 42.200244 35.999882
85 16 4.249722 4.103739
50 19 0.151525 0.150627
8 50 20.735803 21.004938
73 85 39.769740 48.060975
71 58 30.368242 26.123423
79 14 48.336437 49.091562
79 82 22.205537 25.713505
0 2 43.415700 12.041595
1 9 41.528892 4.123106
1 6 49.192032 9.899495
2 8 45.035827 82.036577
2 7 48.853952 51.244512
3 8 40.082434 6.324555
4 9 48.859649 69.354164
5 8 46.515854 79.605276
6 9 44.279476 6.708204
7 9 47.860748 25.298221
