9 11 13050 528 91 7 0.000100 20
34 60 6.396460 6.262662
68 1 52.111402 48.643875
84 62 22.230142 20.813119
43 75 1.911433 2.212800
39 61 23.960226 20.902938
35 58 42.140622 37.625591
36 66 12.502501 11.094470
66 28 10.678089 9.408330
48 43 8.258061 8.464544
0 5 17.430863 2.236068
0 4 16.350927 5.099020
1 4 24.867726 66.640828
1 2 18.046233 63.063460
2 8 23.619020 40.706265
2 4 19.646593 45.011110
3 8 18.108557 32.388269
3 5 24.242216 18.788294
4 7 18.018216 42.638011
5 7 23.157516 43.139309
5 6 22.604952 8.062258
