10 10 12488 856 149 27 0.010000 20
13 81 26.242570 23.870268
80 78 22.138194 23.948203
22 73 44.786186 37.637897
85 16 33.013441 32.923694
50 19 18.391936 15.470314
8 50 39.293392 47.217534
73 85 27.178797 23.817048
71 58 6.490054 7.560163
79 14 6.672560 5.710431
79 82 26.935266 26.684015
0 2 3.208955 12.041595
1 9 5.261507 4.123106
1 6 6.401161 9.899495
2 8 6.869915 82.036577
2 7 6.670123 51.244512
3 8 8.007881 6.324555
4 9 4.321249 69.354164
5 8 8.487617 79.605276
6 9 6.245451 6.708204
7 9 9.519585 25.298221
