9 11 13818 319 193 48 0 20
34 60 35.638341 39.080918
68 1 52.993682 44.687696
84 62 25.841508 21.734340
43 75 8.712012 8.484144
39 61 41.784030 42.000495
35 58 26.352846 31.214843
36 66 26.881436 27.377755
66 28 52.133594 49.913540
48 43 18.210160 19.294808
0 5 43.688770 2.236068
0 4 35.377258 5.099020
1 4 35.523420 66.640828
1 2 36.787575 63.063460
2 8 41.980276 40.706265
2 4 43.455923 45.011110
3 8 43.525914 32.388269
3 5 35.869667 18.788294
4 7 44.166020 42.638011
5 7 42.376326 43.139309
5 6 43.964108 8.062258
