9 11 14843 648 198 47 0 20
34 60 21.606064 22.309836
68 1 54.014080 49.531717
84 62 35.681617 39.167950
43 75 24.490496 23.228785
39 61 31.339160 29.477824
35 58 8.912701 9.431401
36 66 6.862616 6.682225
66 28 6.785632 6.563257
48 43 22.121590 22.913640
0 5 40.372721 2.236068
0 4 38.182243 5.099020
1 4 43.387153 66.640828
1 2 42.788348 63.063460
2 8 38.410060 40.706265
2 4 42.614847 45.011110
3 8 40.720626 32.388269
3 5 40.028828 18.788294
4 7 38.992101 42.638011
5 7 38.789922 43.139309
5 6 42.856329 8.062258
