10 10 12200 1038 195 48 0.010000 20
13 81 4.305864 3.924685
80 78 0.878638 0.974017
22 73 31.833616 27.745842
85 16 29.366895 33.347461
50 19 36.468419 30.978021
8 50 28.963904 29.002460
73 85 18.426864 18.121480
71 58 0.452919 0.517101
79 14 50.893558 47.843162
79 82 2.871239 2.673570
0 2 43.806147 12.041595
1 9 40.990564 4.123106
1 6 39.107797 9.899495
2 8 39.115611 82.036577
2 7 43.862064 51.244512
3 8 43.008581 6.324555
4 9 38.088062 69.354164
5 8 36.710377 79.605276
6 9 39.779024 6.708204
7 9 42.396387 25.298221
