9 11 14745 1384 999 997 1 20
34 60 28.598444 33.387609
68 1 41.926702 39.246553
84 62 36.415730 45.079951
43 75 44.480147 49.939393
39 61 0.040243 0.038293
35 58 48.634886 42.164460
36 66 15.104897 13.234016
66 28 37.271126 33.893410
48 43 55.869178 48.192841
0 5 40.275776 2.236068
0 4 47.696823 5.099020
1 4 44.118885 66.640828
1 2 40.363878 63.063460
2 8 47.195238 40.706265
2 4 44.336708 45.011110
3 8 44.814533 32.388269
3 5 49.129820 18.788294
4 7 41.701873 42.638011
5 7 45.321171 43.139309
5 6 48.189035 8.062258
