9 11 13675 2762 192 46 0.010000 20
34 60 46.470126 40.090864
68 1 37.732496 33.606821
84 62 16.287207 19.014111
43 75 32.442611 33.866563
39 61 46.086331 40.302344
35 58 43.310103 36.730047
36 66 39.305414 38.096314
66 28 24.008752 26.707869
48 43 17.837923 16.249007
0 5 40.332829 2.236068
0 4 36.450458 5.099020
1 4 42.423585 66.640828
1 2 39.333701 63.063460
2 8 42.135059 40.706265
2 4 39.242175 45.011110
3 8 43.350227 32.388269
3 5 40.514573 18.788294
4 7 36.410340 42.638011
5 7 39.288556 43.139309
5 6 38.681947 8.062258
