9 11 13100 785 990 997 1.000000 20
34 60 17.249554 18.906518
68 1 41.170763 43.478412
84 62 9.167965 9.721389
43 75 6.376909 6.757877
39 61 23.626237 23.968225
35 58 9.298226 10.285937
36 66 32.815002 28.479082
66 28 30.291465 26.813242
48 43 12.872362 15.899201
0 5 6.424514 2.236068
0 4 4.736480 5.099020
1 4 2.516600 66.640828
1 2 3.316270 63.063460
2 8 8.871042 40.706265
2 4 0.975158 45.011110
3 8 7.471504 32.388269
3 5 5.291361 18.788294
4 7 3.152338 42.638011
5 7 5.987657 43.139309
5 6 6.007561 8.062258
