10 10 13545 892 47 9 0 20
13 81 13.808560 13.075350
80 78 20.645878 23.776790
22 73 44.092867 44.993328
85 16 28.219587 24.950704
50 19 4.680281 5.482732
8 50 41.365822 49.460023
73 85 26.089241 23.811726
71 58 13.159363 13.389909
79 14 32.436599 37.760017
79 82 38.197909 38.384604
0 2 4.308507 12.041595
1 9 7.366383 4.123106
1 6 6.030574 9.899495
2 8 7.817151 82.036577
2 7 3.867538 51.244512
3 8 1.675016 6.324555
4 9 3.270742 69.354164
5 8 3.411405 79.605276
6 9 1.195889 6.708204
7 9 0.907429 25.298221
