10 10 14333 2253 999 997 1 20
13 81 4.342130 4.496191
80 78 20.802161 21.070312
22 73 2.188840 2.614153
85 16 40.283092 44.490832
50 19 16.222195 14.672489
8 50 22.918360 20.673478
73 85 30.324796 33.465112
71 58 9.748833 8.966113
79 14 22.734238 21.364696
79 82 16.765506 16.522543
0 2 7.550112 12.041595
1 9 1.168639 4.123106
1 6 3.061077 9.899495
2 8 3.754631 82.036577
2 7 8.952356 51.244512
3 8 0.732024 6.324555
4 9 3.900096 69.354164
5 8 2.143556 79.605276
6 9 3.536348 6.708204
7 9 1.723636 25.298221
