10 10 14818 769 143 27 0.001000 20
13 81 44.766626 45.705594
80 78 19.705966 20.902914
22 73 37.240537 33.930862
85 16 39.219875 35.942653
50 19 22.449246 24.754231
8 50 10.239152 11.667436
73 85 20.933975 25.946506
71 58 1.234138 1.351224
79 14 50.513888 46.976058
79 82 27.526546 24.190361
0 2 1.759162 12.041595
1 9 9.898846 4.123106
1 6 7.821783 9.899495
2 8 3.825968 82.036577
2 7 2.356546 51.244512
3 8 9.520728 6.324555
4 9 0.840804 69.354164
5 8 9.302741 79.605276
6 9 5.681308 6.708204
7 9 9.411398 25.298221
