10 10 14000 1041 99 9 0.001000 20
13 81 23.124762 27.218066
80 78 43.673106 44.111504
22 73 26.265463 30.878827
85 16 2.807057 2.470795
50 19 10.673077 12.381759
8 50 6.462924 5.570902
73 85 14.213741 12.678586
71 58 43.299097 37.085741
79 14 44.564700 49.846655
79 82 24.713913 29.033536
0 2 24.718615 12.041595
1 9 17.528405 4.123106
1 6 15.767059 9.899495
2 8 18.795804 82.036577
2 7 17.053883 51.244512
3 8 16.718294 6.324555
4 9 17.356918 69.354164
5 8 20.121751 79.605276
6 9 15.785243 6.708204
7 9 16.579883 25.298221
