10 10 12333 3565 995 996 1.000000 20
13 81 33.396233 30.905037
80 78 35.604689 30.079497
22 73 36.199376 37.628483
85 16 16.948992 18.141739
50 19 49.583516 46.125512
8 50 22.494249 27.118936
73 85 33.649808 39.884650
71 58 2.860931 3.410293
79 14 2.477057 2.067544
79 82 0.828334 0.805734
0 2 48.642995 12.041595
1 9 48.909402 4.123106
1 6 45.903158 9.899495
2 8 48.375697 82.036577
2 7 47.227930 51.244512
3 8 47.149114 6.324555
4 9 49.144293 69.354164
5 8 42.808993 79.605276
6 9 40.902733 6.708204
7 9 42.929568 25.298221
