10 10 14575 598 996 998 1.000000 20
13 81 4.342024 5.088247
80 78 3.393179 2.847937
22 73 39.280823 37.344724
85 16 31.933217 31.486748
50 19 37.996965 38.815027
8 50 36.575072 33.513711
73 85 55.985642 46.983945
71 58 21.969696 21.874484
79 14 20.348703 17.703734
79 82 43.652966 36.582260
0 2 1.472646 12.041595
1 9 5.496092 4.123106
1 6 1.436645 9.899495
2 8 5.365552 82.036577
2 7 3.873932 51.244512
3 8 7.469019 6.324555
4 9 0.040318 69.354164
5 8 9.935518 79.605276
6 9 4.185310 6.708204
7 9 9.502020 25.298221
