9 11 13375 1409 197 45 0.010000 20
34 60 15.894165 15.061716
68 1 36.453101 36.236697
84 62 34.447692 30.671977
43 75 58.407484 49.083781
39 61 27.608796 30.894732
35 58 45.766028 49.607805
36 66 24.173930 20.215472
66 28 29.587315 30.946416
48 43 40.252154 38.704562
0 5 38.219187 2.236068
0 4 42.464359 5.099020
1 4 41.707143 66.640828
1 2 44.073696 63.063460
2 8 36.525631 40.706265
2 4 35.351681 45.011110
3 8 41.164081 32.388269
3 5 44.754054 18.788294
4 7 35.353825 42.638011
5 7 42.290836 43.139309
5 6 38.898246 8.062258
