9 11 15210 377 96 8 0 20
34 60 39.326506 37.471103
68 1 17.130246 17.736829
84 62 28.449633 28.984731
43 75 9.803541 11.851017
39 61 12.202890 13.032932
35 58 47.543315 48.028078
36 66 33.387484 38.810317
66 28 54.818331 46.604148
48 43 38.476730 47.886800
0 5 16.145972 2.236068
0 4 22.020761 5.099020
1 4 24.576455 66.640828
1 2 24.184660 63.063460
2 8 22.647804 40.706265
2 4 18.052059 45.011110
3 8 22.610077 32.388269
3 5 18.776656 18.788294
4 7 20.425408 42.638011
5 7 16.453377 43.139309
5 6 19.299044 8.062258
