10 10 14764 1858 995 998 1 20
13 81 15.059247 14.909179
80 78 31.830462 28.513098
22 73 4.204427 3.928908
85 16 10.140932 11.335234
50 19 14.778209 14.517614
8 50 31.956414 34.318090
73 85 44.185587 39.960432
71 58 5.541256 4.825744
79 14 22.113267 25.483433
79 82 12.396357 15.086674
0 2 0.913493 12.041595
1 9 1.191550 4.123106
1 6 7.074371 9.899495
2 8 1.688889 82.036577
2 7 2.060667 51.244512
3 8 0.493823 6.324555
4 9 4.494111 69.354164
5 8 3.579562 79.605276
6 9 8.588736 6.708204
7 9 2.814682 25.298221
