10 10 212 1237 44 5 0 20
13 81 10.127456 10.149653
80 78 28.608541 29.387786
22 73 23.109909 25.015735
85 16 26.806979 23.517662
50 19 10.148460 10.680987
8 50 4.722684 4.565252
73 85 40.088274 44.989464
71 58 8.132544 7.900397
79 14 13.430973 16.588592
79 82 5.883126 5.354900
0 2 9.945034 12.041595
1 9 0.962326 4.123106
1 6 8.973562 9.899495
2 8 7.909835 82.036577
2 7 8.115317 51.244512
3 8 4.105058 6.324555
4 9 3.093308 69.354164
5 8 4.740305 79.605276
6 9 0.161741 6.708204
7 9 4.865563 25.298221
