9 11 14242 768 146 29 0.001000 20
34 60 35.650878 41.264749
68 1 37.577290 40.321317
84 62 29.635526 28.357557
43 75 47.130038 49.097676
39 61 0.735001 0.818167
35 58 12.487137 11.104369
36 66 31.219183 31.059355
66 28 36.629995 40.176233
48 43 18.814118 18.294149
0 5 0.293195 2.236068
0 4 6.707550 5.099020
1 4 4.625823 66.640828
1 2 2.722378 63.063460
2 8 3.997889 40.706265
2 4 4.826075 45.011110
3 8 1.064382 32.388269
3 5 7.488391 18.788294
4 7 0.598635 42.638011
5 7 9.538569 43.139309
5 6 2.241064 8.062258
