9 11 13775 1059 46 6 0.000100 20
34 60 39.695215 34.847600
68 1 33.680836 38.746455
84 62 32.316862 31.266310
43 75 39.201942 40.706335
39 61 19.098401 18.416749
35 58 24.332921 25.578438
36 66 35.961890 34.320939
66 28 26.163250 29.201844
48 43 57.213710 49.558616
0 5 4.224220 2.236068
0 4 8.087338 5.099020
1 4 3.143798 66.640828
1 2 6.743593 63.063460
2 8 2.497815 40.706265
2 4 7.344362 45.011110
3 8 1.112098 32.388269
3 5 5.288181 18.788294
4 7 5.404764 42.638011
5 7 3.774213 43.139309
5 6 1.760875 8.062258
