9 11 1387 766 90 7 0.000100 20
34 60 33.670612 38.234948
68 1 56.234343 49.505432
84 62 41.873332 36.355020
43 75 43.849221 46.622912
39 61 18.602442 17.318194
35 58 33.133201 29.998235
36 66 18.688226 17.999460
66 28 26.355415 26.989451
48 43 5.400682 5.042062
0 5 23.634988 2.236068
0 4 22.182104 5.099020
1 4 17.167146 66.640828
1 2 18.854667 63.063460
2 8 20.420698 40.706265
2 4 16.797443 45.011110
3 8 21.725726 32.388269
3 5 19.600662 18.788294
4 7 19.541170 42.638011
5 7 20.537492 43.139309
5 6 18.374115 8.062258
