9 11 12822 1363 43 7 0.001000 20
34 60 42.977927 37.195843
68 1 26.124116 22.942000
84 62 37.173246 44.974026
43 75 22.529204 19.843352
39 61 24.688351 29.256649
35 58 29.393473 32.371193
36 66 34.825014 35.127284
66 28 34.781571 35.555156
48 43 4.776608 4.878026
0 5 6.655086 2.236068
0 4 4.220057 5.099020
1 4 5.312277 66.640828
1 2 9.173866 63.063460
2 8 2.650119 40.706265
2 4 0.108799 45.011110
3 8 8.897744 32.388269
3 5 2.883015 18.788294
4 7 8.138421 42.638011
5 7 3.254010 43.139309
5 6 7.325562 8.062258
