9 11 1692 1243 145 26 0 20
34 60 48.528217 47.801182
68 1 14.595780 13.218222
84 62 5.977542 5.252702
43 75 20.351929 19.091306
39 61 48.055901 45.274481
35 58 0.002176 0.001857
36 66 2.640366 2.898072
66 28 3.827808 3.438937
48 43 50.543849 43.253038
0 5 3.313268 2.236068
0 4 5.058777 5.099020
1 4 7.915698 66.640828
1 2 8.948476 63.063460
2 8 0.207774 40.706265
2 4 7.831451 45.011110
3 8 0.371302 32.388269
3 5 6.288862 18.788294
4 7 4.685369 42.638011
5 7 6.993411 43.139309
5 6 2.976199 8.062258
