10 10 13800 1886 195 46 0.001000 20
13 81 19.172703 23.682984
80 78 22.537212 23.078742
22 73 7.873275 9.324464
85 16 4.302477 5.065765
50 19 40.429900 37.773039
8 50 36.517167 37.738163
73 85 43.639079 37.134984
71 58 45.622955 49.530138
79 14 28.189701 32.702418
79 82 16.168782 15.891298
0 2 38.343477 12.041595
1 9 39.515113 4.123106
1 6 38.172077 9.899495
2 8 38.735607 82.036577
2 7 40.713565 51.244512
3 8 36.756363 6.324555
4 9 41.584875 69.354164
5 8 37.902384 79.605276
6 9 42.381820 6.708204
7 9 43.684635 25.298221
