10 10 13850 1277 142 28 0.001000 20
13 81 24.103117 21.616036
80 78 12.309478 14.477118
22 73 4.406115 4.863963
85 16 6.540503 6.686065
50 19 0.875028 0.854947
8 50 22.162259 23.368186
73 85 6.221970 7.499149
71 58 11.410794 9.767268
79 14 10.088575 12.029889
79 82 29.934671 26.530670
0 2 8.498281 12.041595
1 9 3.064179 4.123106
1 6 0.686269 9.899495
2 8 3.483755 82.036577
2 7 9.566693 51.244512
3 8 3.795107 6.324555
4 9 0.234204 69.354164
5 8 5.758716 79.605276
6 9 0.997637 6.708204
7 9 4.278659 25.298221
