9 11 14515 270 199 45 0.001000 20
34 60 30.265921 29.353348
68 1 35.817182 44.005543
84 62 0.506208 0.444140
43 75 18.885901 20.145628
39 61 11.650264 9.713070
35 58 27.319659 28.863745
36 66 8.645597 10.104757
66 28 3.307844 3.686034
48 43 38.788309 32.583404
0 5 43.571723 2.236068
0 4 38.975234 5.099020
1 4 40.074560 66.640828
1 2 43.903604 63.063460
2 8 36.137086 40.706265
2 4 43.296838 45.011110
3 8 44.674823 32.388269
3 5 37.890624 18.788294
4 7 38.686747 42.638011
5 7 42.728236 43.139309
5 6 36.377455 8.062258
