10 10 14137 562 993 996 1 20
13 81 30.568193 30.961797
80 78 50.965431 48.189700
22 73 34.282387 34.799690
85 16 8.071496 7.545489
50 19 6.413834 6.013237
8 50 1.187516 1.340011
73 85 34.481426 33.568456
71 58 43.561885 42.584659
79 14 12.688371 12.304655
79 82 38.494953 35.163553
0 2 2.765940 12.041595
1 9 0.166561 4.123106
1 6 3.908449 9.899495
2 8 0.044563 82.036577
2 7 7.148584 51.244512
3 8 1.524677 6.324555
4 9 2.228867 69.354164
5 8 5.075089 79.605276
6 9 6.370566 6.708204
7 9 7.769960 25.298221
