10 10 13150 297 995 998 1.000000 20
13 81 1.542754 1.600643
80 78 43.815720 43.550097
22 73 20.618657 17.908401
85 16 21.798324 21.305908
50 19 1.721151 1.538123
8 50 13.592510 14.126522
73 85 10.639756 9.205709
71 58 12.859471 11.993473
79 14 0.586209 0.696765
79 82 50.457688 45.345258
0 2 9.218388 12.041595
1 9 3.525724 4.123106
1 6 2.437702 9.899495
2 8 1.789970 82.036577
2 7 7.092126 51.244512
3 8 5.797731 6.324555
4 9 2.532174 69.354164
5 8 3.311939 79.605276
6 9 2.226338 6.708204
7 9 6.496859 25.298221
