10 10 13900 257 43 8 0.001000 20
13 81 50.439336 49.079623
80 78 1.123769 1.218688
22 73 47.059632 45.503237
85 16 41.756310 45.484523
50 19 36.278791 43.935967
8 50 37.835378 42.521360
73 85 36.415905 39.946396
71 58 48.443135 46.656967
79 14 34.344704 36.916880
79 82 7.629319 6.468999
0 2 1.982130 12.041595
1 9 0.837701 4.123106
1 6 2.554121 9.899495
2 8 2.708754 82.036577
2 7 1.923254 51.244512
3 8 6.113233 6.324555
4 9 0.031531 69.354164
5 8 3.688685 79.605276
6 9 0.285858 6.708204
7 9 9.061142 25.298221
