9 11 14000 601 997 998 1 20
34 60 8.331975 7.233471
68 1 10.353672 9.255264
84 62 12.364859 12.386422
43 75 1.351930 1.127262
39 61 4.752858 5.634563
35 58 12.885174 13.629664
36 66 44.783565 39.771395
66 28 54.219158 46.987614
48 43 1.252772 1.106781
0 5 41.363885 2.236068
0 4 47.883504 5.099020
1 4 43.098788 66.640828
1 2 49.767244 63.063460
2 8 40.127080 40.706265
2 4 47.634088 45.011110
3 8 48.170848 32.388269
3 5 40.822826 18.788294
4 7 43.350325 42.638011
5 7 40.103101 43.139309
5 6 48.615773 8.062258
