9 11 13750 1758 990 995 1.000000 20
34 60 37.277057 35.654019
68 1 36.515728 42.697355
84 62 34.516468 41.270503
43 75 45.844146 46.620329
39 61 33.950954 36.683282
35 58 27.947994 24.251306
36 66 2.916053 3.505075
66 28 20.993409 20.724027
48 43 28.946081 27.874707
0 5 1.347363 2.236068
0 4 0.574691 5.099020
1 4 2.851509 66.640828
1 2 0.916204 63.063460
2 8 6.749998 40.706265
2 4 3.910842 45.011110
3 8 3.224094 32.388269
3 5 9.347790 18.788294
4 7 5.030801 42.638011
5 7 8.011355 43.139309
5 6 5.363234 8.062258
