10 10 12466 363 991 997 1.000000 20
13 81 5.361689 5.593467
80 78 15.236608 14.745255
22 73 20.072031 23.835445
85 16 29.021731 32.797895
50 19 16.261184 14.087865
8 50 18.181186 19.590604
73 85 9.190115 8.901510
71 58 25.874713 30.245000
79 14 29.997441 31.997371
79 82 36.496882 35.033922
0 2 4.608842 12.041595
1 9 3.769462 4.123106
1 6 5.779244 9.899495
2 8 1.050635 82.036577
2 7 6.087530 51.244512
3 8 6.027784 6.324555
4 9 3.114245 69.354164
5 8 2.805849 79.605276
6 9 7.971835 6.708204
7 9 3.305446 25.298221
