9 11 14484 1432 194 49 0.001000 20
34 60 14.923013 14.075015
68 1 7.363308 8.566140
84 62 7.579744 9.370331
43 75 17.714839 16.011641
39 61 33.425719 36.705187
35 58 29.655817 33.836976
36 66 27.102877 24.629858
66 28 49.871286 45.932182
48 43 14.219031 14.258546
0 5 41.346986 2.236068
0 4 37.703018 5.099020
1 4 40.610453 66.640828
1 2 40.979895 63.063460
2 8 40.143492 40.706265
2 4 40.815986 45.011110
3 8 40.900041 32.388269
3 5 39.001584 18.788294
4 7 38.086799 42.638011
5 7 37.715418 43.139309
5 6 43.815750 8.062258
