10 10 11805 658 191 45 0.010000 20
13 81 16.576506 14.093030
80 78 27.158457 32.619394
22 73 43.659366 39.345275
85 16 0.321212 0.308869
50 19 13.581377 12.317372
8 50 42.477148 38.160585
73 85 20.902218 22.891758
71 58 35.921707 33.329738
79 14 10.831962 11.585205
79 82 46.027130 43.457866
0 2 40.867764 12.041595
1 9 37.449204 4.123106
1 6 43.916707 9.899495
2 8 44.663171 82.036577
2 7 37.719211 51.244512
3 8 36.938305 6.324555
4 9 44.676327 69.354164
5 8 37.409309 79.605276
6 9 40.353728 6.708204
7 9 40.596559 25.298221
