10 10 14545 981 194 45 0.001000 20
13 81 31.125828 29.308504
80 78 44.851451 42.755391
22 73 15.030330 15.837406
85 16 34.923611 32.506469
50 19 31.737184 32.102295
8 50 33.692960 37.557105
73 85 15.237154 13.978158
71 58 30.011452 35.042603
79 14 26.451362 26.656261
79 82 45.914646 40.483406
0 2 40.645092 12.041595
1 9 37.621505 4.123106
1 6 38.075537 9.899495
2 8 36.648010 82.036577
2 7 35.334590 51.244512
3 8 40.259737 6.324555
4 9 38.227790 69.354164
5 8 38.304279 79.605276
6 9 42.497150 6.708204
7 9 43.694734 25.298221
