10 10 12844 436 993 998 1.000000 20
13 81 54.320190 45.574983
80 78 0.034858 0.037401
22 73 14.791357 15.082408
85 16 18.666661 16.101167
50 19 43.436534 44.637727
8 50 33.257662 36.413063
73 85 23.763506 22.648934
71 58 27.957083 32.364558
79 14 37.946955 35.174380
79 82 16.098664 18.119372
0 2 5.578312 12.041595
1 9 1.217762 4.123106
1 6 9.557855 9.899495
2 8 0.473906 82.036577
2 7 0.256282 51.244512
3 8 4.987951 6.324555
4 9 3.612059 69.354164
5 8 1.736110 79.605276
6 9 1.477154 6.708204
7 9 2.449458 25.298221
