9 11 12177 2822 996 998 1.000000 20
34 60 41.991695 40.703043
68 1 30.691253 35.840479
84 62 21.142644 20.964625
43 75 3.038460 2.544864
39 61 5.782813 6.039659
35 58 17.189677 16.712184
36 66 6.574206 6.864566
66 28 32.490611 34.363569
48 43 37.549884 31.318044
0 5 3.367418 2.236068
0 4 0.909488 5.099020
1 4 0.532841 66.640828
1 2 4.317981 63.063460
2 8 0.366661 40.706265
2 4 4.577854 45.011110
3 8 0.279019 32.388269
3 5 2.217069 18.788294
4 7 2.387536 42.638011
5 7 5.549681 43.139309
5 6 3.639344 8.062258
