10 10 13825 366 99 5 0.001000 20
13 81 41.656025 40.193339
80 78 50.251730 49.361943
22 73 7.037254 7.695916
85 16 17.010199 16.678951
50 19 15.922190 18.408128
8 50 48.854617 43.711291
73 85 29.853552 27.269053
71 58 2.133105 2.571978
79 14 5.687489 6.060795
79 82 26.150077 24.968449
0 2 20.051537 12.041595
1 9 16.037803 4.123106
1 6 19.806253 9.899495
2 8 19.980038 82.036577
2 7 23.209842 51.244512
3 8 21.876690 6.324555
4 9 20.753739 69.354164
5 8 19.825319 79.605276
6 9 20.079764 6.708204
7 9 21.457559 25.298221
