10 10 12980 4644 996 999 1.000000 20
13 81 53.431700 46.321197
80 78 11.816751 9.954997
22 73 18.470069 19.744919
85 16 10.075136 8.463319
50 19 25.342897 27.759781
8 50 5.203723 5.124273
73 85 43.399970 37.567511
71 58 14.994252 17.909308
79 14 26.652724 30.483999
79 82 35.558619 44.344462
0 2 4.529775 12.041595
1 9 9.503567 4.123106
1 6 9.611883 9.899495
2 8 8.470312 82.036577
2 7 2.416943 51.244512
3 8 6.586516 6.324555
4 9 1.630288 69.354164
5 8 4.449618 79.605276
6 9 2.332383 6.708204
7 9 1.518372 25.298221
