9 11 13650 935 191 47 0.010000 20
34 60 18.282348 16.634437
68 1 6.050665 5.749538
84 62 4.596787 4.666368
43 75 38.333202 35.031024
39 61 28.192401 35.137102
35 58 26.174468 27.482866
36 66 11.951780 12.666151
66 28 2.505513 2.327454
48 43 13.565844 16.795410
0 5 42.422887 2.236068
0 4 38.091415 5.099020
1 4 41.790554 66.640828
1 2 37.450218 63.063460
2 8 42.648380 40.706265
2 4 43.166265 45.011110
3 8 40.246084 32.388269
3 5 44.374867 18.788294
4 7 42.178720 42.638011
5 7 38.944788 43.139309
5 6 41.918111 8.062258
