10 10 14549 3249 97 5 0 20
13 81 49.390825 47.994621
80 78 30.233394 34.449072
22 73 43.162202 43.219326
85 16 37.138483 43.187732
50 19 48.188346 48.801267
8 50 7.797624 7.919658
73 85 2.197909 2.175381
71 58 17.565119 19.389725
79 14 29.866221 27.992236
79 82 13.755985 15.852213
0 2 15.759697 12.041595
1 9 20.377216 4.123106
1 6 20.147273 9.899495
2 8 23.129360 82.036577
2 7 15.214917 51.244512
3 8 15.601270 6.324555
4 9 16.990735 69.354164
5 8 21.104884 79.605276
6 9 20.209506 6.708204
7 9 19.973662 25.298221
