9 11 14901 1385 93 8 0 20
34 60 9.360738 10.441194
68 1 52.766612 49.351517
84 62 11.737967 10.932876
43 75 12.099536 11.291461
39 61 15.060282 13.947438
35 58 42.398783 41.536698
36 66 5.378858 5.468825
66 28 21.863923 18.369385
48 43 38.616868 36.226139
0 5 19.333215 2.236068
0 4 21.961038 5.099020
1 4 21.938649 66.640828
1 2 24.429568 63.063460
2 8 23.046919 40.706265
2 4 22.816728 45.011110
3 8 20.540257 32.388269
3 5 16.481138 18.788294
4 7 21.818765 42.638011
5 7 17.398413 43.139309
5 6 16.431291 8.062258
