9 11 13050 1358 93 9 0.001000 20
34 60 21.823336 19.037885
68 1 42.056204 40.496999
84 62 36.441452 33.476443
43 75 27.858702 27.485748
39 61 29.123447 27.155504
35 58 50.890050 45.533881
36 66 4.817717 4.094664
66 28 4.710887 4.961603
48 43 15.397712 15.604738
0 5 21.409470 2.236068
0 4 18.136436 5.099020
1 4 16.367263 66.640828
1 2 22.935456 63.063460
2 8 21.818272 40.706265
2 4 23.042738 45.011110
3 8 22.610261 32.388269
3 5 17.470009 18.788294
4 7 22.969643 42.638011
5 7 21.562400 43.139309
5 6 18.937670 8.062258
