10 10 15131 1775 996 998 1 20
13 81 16.900988 16.243827
80 78 6.614477 5.625944
22 73 2.961119 3.449407
85 16 29.015904 25.385365
50 19 43.260611 38.935698
8 50 22.577200 21.072479
73 85 3.599244 3.421321
71 58 39.904590 36.077136
79 14 38.070508 33.290640
79 82 17.633914 19.969488
0 2 49.711744 12.041595
1 9 45.523250 4.123106
1 6 42.759134 9.899495
2 8 46.935134 82.036577
2 7 42.326645 51.244512
3 8 44.820420 6.324555
4 9 40.497421 69.354164
5 8 40.569163 79.605276
6 9 46.927473 6.708204
7 9 41.786945 25.298221
