9 11 14039 1267 992 995 1 20
34 60 6.105766 5.817222
68 1 43.242518 46.245282
84 62 51.523106 43.239978
43 75 1.613934 1.506877
39 61 51.310354 46.547044
35 58 47.657311 46.446572
36 66 1.796930 1.590957
66 28 15.227742 13.207750
48 43 36.904570 37.229147
0 5 4.270707 2.236068
0 4 6.017045 5.099020
1 4 4.995217 66.640828
1 2 1.354185 63.063460
2 8 6.139314 40.706265
2 4 6.909406 45.011110
3 8 6.216549 32.388269
3 5 6.684250 18.788294
4 7 5.119322 42.638011
5 7 5.017045 43.139309
5 6 2.405504 8.062258
