10 10 11722 3839 996 997 1.000000 20
13 81 18.583293 17.236973
80 78 10.127503 8.520800
22 73 0.575682 0.606461
85 16 28.463708 31.893211
50 19 6.252062 6.206280
8 50 17.239357 17.838964
73 85 55.405671 48.682789
71 58 27.087394 24.485507
79 14 16.484253 18.498413
79 82 9.066899 9.262811
0 2 5.729856 12.041595
1 9 2.424208 4.123106
1 6 6.354903 9.899495
2 8 1.284205 82.036577
2 7 6.287990 51.244512
3 8 0.118828 6.324555
4 9 9.394972 69.354164
5 8 1.474210 79.605276
6 9 7.840091 6.708204
7 9 1.741114 25.298221
