10 10 14848 1051 995 996 1.000000 20
13 81 39.592798 46.441902
80 78 50.208293 42.670636
22 73 17.087702 20.830743
85 16 5.049602 4.715293
50 19 3.932410 3.811256
8 50 36.275788 30.658528
73 85 15.140138 13.260919
71 58 8.240982 8.334037
79 14 32.445977 33.655875
79 82 5.175090 4.671830
0 2 46.031479 12.041595
1 9 43.610149 4.123106
1 6 47.534986 9.899495
2 8 41.172118 82.036577
2 7 47.669104 51.244512
3 8 48.618514 6.324555
4 9 40.476807 69.354164
5 8 49.694140 79.605276
6 9 40.780383 6.708204
7 9 44.486018 25.298221
