9 11 13075 1386 993 996 1.000000 20
34 60 19.143665 16.024888
68 1 14.912362 12.531473
84 62 32.702466 39.342612
43 75 39.560374 36.015606
39 61 34.989384 43.692286
35 58 33.655961 35.688957
36 66 34.974360 37.416909
66 28 11.836534 12.313169
48 43 7.695316 6.474442
0 5 8.955094 2.236068
0 4 6.626926 5.099020
1 4 6.975273 66.640828
1 2 8.624675 63.063460
2 8 2.179100 40.706265
2 4 3.255258 45.011110
3 8 7.556504 32.388269
3 5 2.755206 18.788294
4 7 9.659376 42.638011
5 7 9.937976 43.139309
5 6 1.321246 8.062258
