10 10 12866 883 140 28 0.010000 20
13 81 6.799344 6.971753
80 78 49.680643 42.684502
22 73 21.390010 26.483640
85 16 24.853351 29.004852
50 19 44.889956 47.397283
8 50 21.698705 20.699415
73 85 15.554496 13.089438
71 58 2.339591 2.403759
79 14 2.767889 2.931951
79 82 9.474705 8.642375
0 2 0.079966 12.041595
1 9 5.502003 4.123106
1 6 7.582042 9.899495
2 8 5.957355 82.036577
2 7 1.374044 51.244512
3 8 1.658700 6.324555
4 9 4.436214 69.354164
5 8 6.688043 79.605276
6 9 5.708935 6.708204
7 9 3.255570 25.298221
