9 11 15052 357 44 7 0 20
34 60 1.676769 1.755720
68 1 39.581372 44.526197
84 62 48.213836 44.021217
43 75 10.907913 9.774106
39 61 7.127036 7.371123
35 58 35.741524 35.661548
36 66 9.857086 9.003780
66 28 35.708425 30.126476
48 43 22.591676 20.453629
0 5 7.465081 2.236068
0 4 9.640797 5.099020
1 4 9.531771 66.640828
1 2 3.364929 63.063460
2 8 6.466144 40.706265
2 4 7.490749 45.011110
3 8 9.305940 32.388269
3 5 9.189242 18.788294
4 7 3.544817 42.638011
5 7 8.362958 43.139309
5 6 3.815383 8.062258
