9 11 11666 1145 999 998 1.000000 20
34 60 1.524043 1.275172
68 1 6.621927 7.354609
84 62 43.079822 45.597489
43 75 6.835979 6.989154
39 61 5.894206 6.437022
35 58 17.392968 19.810341
36 66 15.558670 17.661853
66 28 46.830327 43.920668
48 43 25.758090 25.945588
0 5 44.676859 2.236068
0 4 46.042276 5.099020
1 4 45.171198 66.640828
1 2 43.769042 63.063460
2 8 49.809741 40.706265
2 4 42.452450 45.011110
3 8 46.832461 32.388269
3 5 45.223147 18.788294
4 7 48.498604 42.638011
5 7 49.513166 43.139309
5 6 41.195511 8.062258
