9 11 11611 1665 47 7 0.001000 20
34 60 35.873101 40.979353
68 1 34.788861 32.098132
84 62 43.554997 38.245880
43 75 0.246750 0.296606
39 61 38.454758 46.226321
35 58 42.699357 42.732890
36 66 44.319897 40.009900
66 28 34.521001 33.928201
48 43 11.848970 10.101808
0 5 0.076565 2.236068
0 4 5.530989 5.099020
1 4 9.411131 66.640828
1 2 0.126624 63.063460
2 8 6.939550 40.706265
2 4 2.332090 45.011110
3 8 0.724356 32.388269
3 5 6.361314 18.788294
4 7 1.998816 42.638011
5 7 1.526626 43.139309
5 6 2.558405 8.062258
