10 10 14960 574 994 997 1 20
13 81 20.179312 21.195787
80 78 20.905819 26.024029
22 73 4.959860 4.224793
85 16 28.882653 35.062865
50 19 0.788624 0.815407
8 50 29.741310 35.624531
73 85 33.003401 40.450390
71 58 14.766802 14.771192
79 14 34.856346 36.532149
79 82 43.169311 49.580414
0 2 5.378657 12.041595
1 9 6.488346 4.123106
1 6 8.377791 9.899495
2 8 1.800996 82.036577
2 7 6.035569 51.244512
3 8 1.803044 6.324555
4 9 0.447923 69.354164
5 8 2.933175 79.605276
6 9 5.350484 6.708204
7 9 8.181780 25.298221
