9 11 16404 1035 41 6 0.000100 20
34 60 23.359213 22.658159
68 1 21.346902 25.461299
84 62 23.856466 25.327013
43 75 46.278441 48.245500
39 61 44.619372 40.747113
35 58 39.991143 37.220872
36 66 40.344647 49.777503
66 28 13.660581 16.762044
48 43 39.021138 41.999729
0 5 1.183316 2.236068
0 4 0.469321 5.099020
1 4 3.960769 66.640828
1 2 8.090167 63.063460
2 8 6.537993 40.706265
2 4 6.862648 45.011110
3 8 2.936732 32.388269
3 5 6.881880 18.788294
4 7 9.126718 42.638011
5 7 6.742891 43.139309
5 6 9.709490 8.062258
