9 11 1974 1345 90 6 0 20
34 60 10.581321 9.195115
68 1 44.138114 46.828272
84 62 49.968228 47.958476
43 75 39.668760 34.133786
39 61 4.645548 5.445801
35 58 40.012777 37.613832
36 66 28.871307 26.295387
66 28 35.393247 34.020023
48 43 16.829486 14.303503
0 5 17.594534 2.236068
0 4 15.907922 5.099020
1 4 23.369404 66.640828
1 2 17.216983 63.063460
2 8 21.542507 40.706265
2 4 22.591247 45.011110
3 8 17.739125 32.388269
3 5 16.161048 18.788294
4 7 15.215581 42.638011
5 7 21.216411 43.139309
5 6 20.730311 8.062258
