9 11 1871 588 193 45 0 20
34 60 18.945443 16.355034
68 1 17.207281 17.615383
84 62 49.571197 42.810588
43 75 1.414914 1.189192
39 61 34.497094 30.830151
35 58 9.315041 9.955168
36 66 13.273475 11.190476
66 28 22.475371 19.412117
48 43 41.832136 47.312557
0 5 36.961964 2.236068
0 4 37.334494 5.099020
1 4 37.969335 66.640828
1 2 38.059562 63.063460
2 8 42.302930 40.706265
2 4 35.980565 45.011110
3 8 42.216881 32.388269
3 5 41.870435 18.788294
4 7 44.485063 42.638011
5 7 39.425552 43.139309
5 6 43.782426 8.062258
