9 11 18055 537 990 997 1 20
34 60 20.533754 19.719616
68 1 39.919766 46.447217
84 62 18.242336 17.551460
43 75 38.336834 33.549071
39 61 11.270297 12.961413
35 58 3.786385 4.504834
36 66 7.973798 6.972994
66 28 33.585490 39.094611
48 43 26.798963 26.421425
0 5 46.267636 2.236068
0 4 48.219843 5.099020
1 4 46.152793 66.640828
1 2 48.265300 63.063460
2 8 42.663957 40.706265
2 4 44.679183 45.011110
3 8 46.159541 32.388269
3 5 46.031512 18.788294
4 7 49.899377 42.638011
5 7 42.351969 43.139309
5 6 43.593482 8.062258
