9 11 15674 280 195 47 0.001000 20
34 60 9.030683 10.377500
68 1 40.212356 49.557039
84 62 18.890653 18.533869
43 75 26.207739 30.822843
39 61 27.984452 34.764700
35 58 28.468720 29.920212
36 66 6.472894 6.800288
66 28 52.882902 49.596380
48 43 17.886028 21.797544
0 5 38.268724 2.236068
0 4 42.822187 5.099020
1 4 43.718911 66.640828
1 2 44.734389 63.063460
2 8 43.100444 40.706265
2 4 38.975461 45.011110
3 8 43.998275 32.388269
3 5 37.804524 18.788294
4 7 42.477711 42.638011
5 7 36.416930 43.139309
5 6 37.009867 8.062258
