9 11 17211 790 992 997 1.000000 20
34 60 6.537949 6.219825
68 1 35.780462 36.266891
84 62 5.842544 6.615833
43 75 11.861624 12.012666
39 61 13.042143 11.832201
35 58 34.110020 35.162314
36 66 8.980206 7.571277
66 28 9.298468 11.014441
48 43 46.346786 39.754571
0 5 41.207507 2.236068
0 4 44.177954 5.099020
1 4 40.508640 66.640828
1 2 40.838809 63.063460
2 8 41.914352 40.706265
2 4 43.168472 45.011110
3 8 43.994862 32.388269
3 5 41.428606 18.788294
4 7 48.206595 42.638011
5 7 42.397355 43.139309
5 6 49.749092 8.062258
