9 11 15500 1334 45 9 0 20
34 60 11.095675 10.085765
68 1 3.138683 3.139276
84 62 4.062216 4.380129
43 75 40.333523 39.829187
39 61 8.957512 10.868243
35 58 41.786481 37.084808
36 66 23.335850 22.091778
66 28 3.540024 3.196436
48 43 37.138627 39.871432
0 5 1.494270 2.236068
0 4 0.036829 5.099020
1 4 7.867052 66.640828
1 2 3.246934 63.063460
2 8 6.165815 40.706265
2 4 0.165935 45.011110
3 8 4.510016 32.388269
3 5 2.329761 18.788294
4 7 1.682783 42.638011
5 7 8.038513 43.139309
5 6 5.216826 8.062258
