9 11 15736 1835 99 8 0 20
34 60 1.517642 1.407559
68 1 28.738944 30.770103
84 62 39.345627 34.327052
43 75 54.602588 45.563489
39 61 22.665374 24.465317
35 58 40.304544 43.530865
36 66 41.470178 47.916964
66 28 33.907203 32.618386
48 43 0.554146 0.535191
0 5 22.479631 2.236068
0 4 17.237226 5.099020
1 4 22.565357 66.640828
1 2 18.024761 63.063460
2 8 16.778034 40.706265
2 4 16.735320 45.011110
3 8 22.758806 32.388269
3 5 15.530328 18.788294
4 7 17.692203 42.638011
5 7 20.330668 43.139309
5 6 19.767493 8.062258
