9 11 14638 881 97 8 0.001000 20
34 60 30.306237 26.536919
68 1 20.744752 24.714441
84 62 44.889105 37.824444
43 75 31.270851 37.496780
39 61 35.297885 37.206677
35 58 13.929090 14.623646
36 66 22.626865 26.963055
66 28 56.899958 48.509542
48 43 20.890958 23.431088
0 5 17.321224 2.236068
0 4 17.979541 5.099020
1 4 15.831414 66.640828
1 2 21.936670 63.063460
2 8 21.462427 40.706265
2 4 15.886493 45.011110
3 8 15.795606 32.388269
3 5 23.973166 18.788294
4 7 23.249821 42.638011
5 7 16.904762 43.139309
5 6 17.239614 8.062258
