10 10 16060 1856 194 48 0.010000 20
13 81 33.055308 40.462035
80 78 31.918063 26.712012
22 73 46.100981 45.797443
85 16 42.464775 38.545162
50 19 50.259649 45.936754
8 50 1.223254 1.038408
73 85 17.382217 18.748432
71 58 42.681451 47.164120
79 14 45.069404 37.786644
79 82 38.420154 37.666356
0 2 41.812179 12.041595
1 9 40.910973 4.123106
1 6 41.357587 9.899495
2 8 36.742698 82.036577
2 7 44.803677 51.244512
3 8 44.820433 6.324555
4 9 37.609413 69.354164
5 8 41.338834 79.605276
6 9 44.492753 6.708204
7 9 42.145214 25.298221
