9 11 16063 437 141 25 0.001000 20
34 60 20.452350 21.458414
68 1 44.498043 43.248245
84 62 23.932907 21.508680
43 75 21.219045 20.571261
39 61 20.693445 18.979791
35 58 38.899518 40.106648
36 66 3.730098 4.535520
66 28 45.921353 49.298456
48 43 22.644267 21.449916
0 5 1.710005 2.236068
0 4 6.861643 5.099020
1 4 8.483620 66.640828
1 2 5.952743 63.063460
2 8 6.048393 40.706265
2 4 8.551643 45.011110
3 8 8.027539 32.388269
3 5 5.414364 18.788294
4 7 2.627049 42.638011
5 7 7.863179 43.139309
5 6 7.205495 8.062258
