10 10 15941 2560 98 5 0.001000 20
13 81 47.980841 47.076627
80 78 35.739818 36.732873
22 73 4.128292 4.002995
85 16 0.789581 0.811046
50 19 7.646599 9.100079
8 50 9.211933 8.002379
73 85 9.468203 11.000903
71 58 39.257711 36.589195
79 14 5.281079 4.644497
79 82 24.522325 25.605669
0 2 23.540984 12.041595
1 9 22.063545 4.123106
1 6 23.302395 9.899495
2 8 17.322313 82.036577
2 7 15.806327 51.244512
3 8 16.263915 6.324555
4 9 19.003669 69.354164
5 8 16.259413 79.605276
6 9 15.071876 6.708204
7 9 18.017778 25.298221
