10 10 15745 739 94 5 0.001000 20
13 81 44.657815 38.196270
80 78 28.483752 32.100963
22 73 20.966124 25.821356
85 16 31.346827 36.698610
50 19 21.373583 20.888702
8 50 7.758321 8.354370
73 85 17.182594 20.388300
71 58 6.950348 5.856111
79 14 1.397668 1.547873
79 82 45.121992 48.690751
0 2 18.415938 12.041595
1 9 19.424852 4.123106
1 6 21.010108 9.899495
2 8 18.628746 82.036577
2 7 18.878470 51.244512
3 8 22.866469 6.324555
4 9 18.382675 69.354164
5 8 20.378332 79.605276
6 9 19.809828 6.708204
7 9 21.969309 25.298221
