9 11 1321 582 99 7 0.001000 20
34 60 14.523948 15.102932
68 1 13.915803 11.813475
84 62 3.351463 4.072148
43 75 15.592262 14.358824
39 61 39.689448 46.420201
35 58 25.952262 30.592650
36 66 4.160889 3.578513
66 28 25.423978 21.862251
48 43 14.627972 13.581904
0 5 16.930458 2.236068
0 4 16.983789 5.099020
1 4 20.405244 66.640828
1 2 17.867352 63.063460
2 8 16.658013 40.706265
2 4 18.014821 45.011110
3 8 20.753143 32.388269
3 5 21.930563 18.788294
4 7 16.262735 42.638011
5 7 18.945064 43.139309
5 6 23.592143 8.062258
