9 11 15421 1271 96 6 0 20
34 60 6.154397 5.312144
68 1 23.021666 25.304544
84 62 24.238446 22.098887
43 75 45.245107 41.460734
39 61 23.751070 27.956962
35 58 36.925445 39.756308
36 66 41.234630 47.443210
66 28 7.361222 6.459044
48 43 14.873742 18.062610
0 5 15.015312 2.236068
0 4 17.680125 5.099020
1 4 15.360488 66.640828
1 2 20.844343 63.063460
2 8 22.594310 40.706265
2 4 18.637762 45.011110
3 8 15.478386 32.388269
3 5 19.941370 18.788294
4 7 23.543834 42.638011
5 7 21.398507 43.139309
5 6 18.891233 8.062258
