10 10 14055 394 991 998 1.000000 20
13 81 10.749391 13.332596
80 78 44.253305 39.274457
22 73 19.996683 16.925596
85 16 24.522923 29.588237
50 19 44.590858 47.897548
8 50 39.014380 34.304756
73 85 2.703096 2.668186
71 58 31.680692 31.313991
79 14 25.750306 30.367770
79 82 0.156667 0.168909
0 2 9.399462 12.041595
1 9 1.059280 4.123106
1 6 9.757233 9.899495
2 8 6.301145 82.036577
2 7 1.673759 51.244512
3 8 0.852881 6.324555
4 9 9.936019 69.354164
5 8 4.386244 79.605276
6 9 4.190456 6.708204
7 9 2.895756 25.298221
