9 11 16787 718 992 996 1.000000 20
34 60 37.101777 44.816043
68 1 51.709016 43.778896
84 62 50.073927 44.702256
43 75 6.970311 8.373348
39 61 1.953553 1.736513
35 58 7.931254 8.302624
36 66 32.164570 31.870627
66 28 45.394261 39.805263
48 43 20.597290 21.671895
0 5 45.958938 2.236068
0 4 46.799468 5.099020
1 4 45.683410 66.640828
1 2 41.845462 63.063460
2 8 46.134533 40.706265
2 4 44.400017 45.011110
3 8 41.554451 32.388269
3 5 42.448169 18.788294
4 7 45.451736 42.638011
5 7 41.533416 43.139309
5 6 42.945356 8.062258
