9 11 195 605 92 8 0.000100 20
34 60 32.600105 28.917992
68 1 43.665029 44.030328
84 62 4.678961 4.306660
43 75 38.593023 39.770646
39 61 18.445684 16.268630
35 58 7.729013 8.744674
36 66 12.947750 11.867432
66 28 31.317141 35.154967
48 43 0.898624 0.832401
0 5 21.439800 2.236068
0 4 22.723466 5.099020
1 4 15.959091 66.640828
1 2 17.288624 63.063460
2 8 18.135551 40.706265
2 4 23.400688 45.011110
3 8 21.692649 32.388269
3 5 16.816458 18.788294
4 7 23.342748 42.638011
5 7 19.962445 43.139309
5 6 23.890198 8.062258
