9 11 15578 937 998 998 1 20
34 60 16.570193 19.596491
68 1 21.402485 22.343161
84 62 24.150481 21.018169
43 75 44.369332 40.213783
39 61 54.520628 46.490558
35 58 12.620090 11.828427
36 66 25.322680 25.780430
66 28 5.471363 5.035569
48 43 3.003823 2.733265
0 5 49.908830 2.236068
0 4 45.203791 5.099020
1 4 45.014235 66.640828
1 2 44.715404 63.063460
2 8 40.540288 40.706265
2 4 49.280758 45.011110
3 8 46.256870 32.388269
3 5 40.252512 18.788294
4 7 40.074703 42.638011
5 7 41.078398 43.139309
5 6 40.106231 8.062258
