10 10 17423 514 990 997 1.000000 20
13 81 8.688073 8.700215
80 78 18.428053 16.775252
22 73 53.399628 47.887780
85 16 0.973869 0.887657
50 19 14.745468 17.097587
8 50 20.465911 22.398613
73 85 36.260265 35.008810
71 58 15.061484 13.452939
79 14 20.392586 25.089371
79 82 29.284048 26.348928
0 2 40.259052 12.041595
1 9 42.812367 4.123106
1 6 40.623527 9.899495
2 8 45.546867 82.036577
2 7 43.102067 51.244512
3 8 44.620571 6.324555
4 9 42.258475 69.354164
5 8 42.704508 79.605276
6 9 44.979000 6.708204
7 9 43.392176 25.298221
