10 10 16348 904 994 999 1 20
13 81 21.408950 21.766908
80 78 30.435129 28.047159
22 73 47.588728 49.411691
85 16 25.234005 23.700618
50 19 19.521520 16.744091
8 50 1.486864 1.248827
73 85 3.556060 3.156627
71 58 6.003895 6.666708
79 14 2.976312 2.490643
79 82 32.751987 30.738365
0 2 44.549331 12.041595
1 9 43.440527 4.123106
1 6 46.168634 9.899495
2 8 42.619853 82.036577
2 7 40.951824 51.244512
3 8 45.674302 6.324555
4 9 41.777795 69.354164
5 8 42.853730 79.605276
6 9 45.764106 6.708204
7 9 41.054873 25.298221
