9 11 17933 382 997 997 1 20
34 60 17.120772 19.802113
68 1 36.780191 39.807094
84 62 17.983448 18.702547
43 75 3.376477 3.742977
39 61 37.795197 45.746676
35 58 10.913764 12.323122
36 66 19.222953 18.389259
66 28 7.101762 8.406730
48 43 39.740719 42.758990
0 5 46.274576 2.236068
0 4 48.082572 5.099020
1 4 43.452102 66.640828
1 2 46.285406 63.063460
2 8 44.651783 40.706265
2 4 49.082613 45.011110
3 8 40.246758 32.388269
3 5 48.708951 18.788294
4 7 43.513021 42.638011
5 7 48.825122 43.139309
5 6 40.221389 8.062258
