10 10 14666 817 93 9 0.001000 20
13 81 32.989029 41.097177
80 78 50.928795 46.272174
22 73 48.736197 46.861102
85 16 13.573962 16.604228
50 19 11.540130 9.889989
8 50 26.280707 30.467977
73 85 59.511506 49.831292
71 58 39.854116 40.188430
79 14 3.954276 4.170808
79 82 15.091626 13.904075
0 2 17.646866 12.041595
1 9 17.835941 4.123106
1 6 21.144998 9.899495
2 8 19.109915 82.036577
2 7 18.162187 51.244512
3 8 16.482441 6.324555
4 9 22.772653 69.354164
5 8 23.965320 79.605276
6 9 19.708625 6.708204
7 9 17.143003 25.298221
