9 11 15813 299 996 999 1.000000 20
34 60 53.540404 45.158261
68 1 26.608772 26.952341
84 62 43.477139 38.507783
43 75 11.518146 12.710763
39 61 9.295438 10.548861
35 58 26.125363 26.084677
36 66 27.525957 25.875646
66 28 33.916174 35.883711
48 43 17.401718 15.784141
0 5 0.414344 2.236068
0 4 6.582232 5.099020
1 4 6.153413 66.640828
1 2 4.766193 63.063460
2 8 5.485270 40.706265
2 4 5.719332 45.011110
3 8 8.912776 32.388269
3 5 0.331106 18.788294
4 7 1.713531 42.638011
5 7 8.695648 43.139309
5 6 4.748163 8.062258
