10 10 16181 1082 43 6 0.001000 20
13 81 34.158428 30.480839
80 78 39.482337 46.154813
22 73 0.518788 0.647509
85 16 48.102064 41.129348
50 19 44.582134 37.283067
8 50 1.518450 1.786724
73 85 22.088288 18.482459
71 58 14.354886 17.438365
79 14 55.378060 47.261573
79 82 6.455683 7.458958
0 2 3.709687 12.041595
1 9 4.514786 4.123106
1 6 5.034201 9.899495
2 8 9.879338 82.036577
2 7 1.339475 51.244512
3 8 9.326206 6.324555
4 9 8.792452 69.354164
5 8 9.841557 79.605276
6 9 0.097662 6.708204
7 9 1.909142 25.298221
