10 10 15441 931 142 26 0.001000 20
13 81 14.062916 15.956173
80 78 10.830363 13.440350
22 73 38.181603 32.307834
85 16 16.640492 16.320567
50 19 21.634268 24.994156
8 50 11.224548 11.065665
73 85 4.414530 5.095022
71 58 27.721541 27.767798
79 14 15.096025 12.695030
79 82 43.593648 38.299978
0 2 8.533426 12.041595
1 9 3.607052 4.123106
1 6 3.099864 9.899495
2 8 0.603391 82.036577
2 7 3.106026 51.244512
3 8 7.827340 6.324555
4 9 0.912418 69.354164
5 8 6.771948 79.605276
6 9 0.055511 6.708204
7 9 5.897608 25.298221
