9 11 14972 919 149 25 0.010000 20
34 60 16.628002 15.303165
68 1 22.026176 21.095564
84 62 9.538224 10.941914
43 75 31.306500 36.527217
39 61 55.767629 48.186201
35 58 21.884453 18.767677
36 66 14.364990 15.495400
66 28 46.787005 40.108685
48 43 27.692560 30.014772
0 5 8.063021 2.236068
0 4 5.356216 5.099020
1 4 9.839169 66.640828
1 2 8.116889 63.063460
2 8 5.070543 40.706265
2 4 6.847297 45.011110
3 8 6.315036 32.388269
3 5 9.420496 18.788294
4 7 2.017787 42.638011
5 7 4.377043 43.139309
5 6 3.138553 8.062258
