10 10 14611 711 141 29 0.010000 20
13 81 46.618740 48.766300
80 78 35.997497 36.780805
22 73 31.648776 36.196770
85 16 9.273495 9.195035
50 19 27.837799 32.102693
8 50 16.896797 17.387659
73 85 31.035754 38.722397
71 58 44.480874 47.455605
79 14 40.434886 42.325171
79 82 6.663758 5.703766
0 2 0.299682 12.041595
1 9 5.605034 4.123106
1 6 7.783637 9.899495
2 8 1.551709 82.036577
2 7 8.152826 51.244512
3 8 4.878228 6.324555
4 9 2.502434 69.354164
5 8 5.089665 79.605276
6 9 7.856390 6.708204
7 9 8.160768 25.298221
