9 11 16697 380 195 46 0 20
34 60 34.910846 30.832412
68 1 4.513310 4.264937
84 62 16.140411 19.392034
43 75 35.390509 36.633016
39 61 8.397845 8.895746
35 58 12.541285 13.489179
36 66 10.085546 9.996679
66 28 5.819841 5.917488
48 43 2.062735 1.816929
0 5 42.864925 2.236068
0 4 39.053286 5.099020
1 4 43.382076 66.640828
1 2 40.570619 63.063460
2 8 41.565569 40.706265
2 4 36.634190 45.011110
3 8 37.855698 32.388269
3 5 41.183042 18.788294
4 7 42.056367 42.638011
5 7 35.792841 43.139309
5 6 42.463627 8.062258
