10 10 15534 666 993 998 1.000000 20
13 81 26.367809 23.578896
80 78 28.165278 28.421239
22 73 35.325724 34.759173
85 16 19.324208 16.702375
50 19 10.593705 10.483387
8 50 19.314168 16.353868
73 85 23.875959 23.862014
71 58 14.272695 12.229427
79 14 34.967106 41.187694
79 82 2.578097 3.020981
0 2 42.925313 12.041595
1 9 41.664499 4.123106
1 6 45.307272 9.899495
2 8 48.371150 82.036577
2 7 46.417631 51.244512
3 8 43.486871 6.324555
4 9 49.145165 69.354164
5 8 49.940906 79.605276
6 9 43.711983 6.708204
7 9 43.410348 25.298221
