9 11 16574 821 41 8 0.000100 20
34 60 29.944537 32.046385
68 1 16.512852 14.797703
84 62 33.042866 36.121356
43 75 11.550342 11.343494
39 61 8.649257 9.460839
35 58 18.991375 23.621320
36 66 1.525621 1.810313
66 28 13.860748 13.383520
48 43 12.342746 13.885472
0 5 9.975464 2.236068
0 4 8.624844 5.099020
1 4 7.848952 66.640828
1 2 1.172559 63.063460
2 8 6.511832 40.706265
2 4 9.208596 45.011110
3 8 1.761310 32.388269
3 5 7.739882 18.788294
4 7 5.090206 42.638011
5 7 7.607830 43.139309
5 6 4.990341 8.062258
