9 11 16581 1833 144 25 0 20
34 60 29.483240 26.496239
68 1 42.486573 44.184408
84 62 14.170330 13.679079
43 75 36.656224 41.050185
39 61 32.217534 32.096812
35 58 33.063242 28.659393
36 66 33.658755 29.075112
66 28 58.234473 48.863495
48 43 1.719120 1.912931
0 5 5.056664 2.236068
0 4 1.703294 5.099020
1 4 8.823838 66.640828
1 2 5.760323 63.063460
2 8 7.538199 40.706265
2 4 6.097687 45.011110
3 8 8.676097 32.388269
3 5 0.148799 18.788294
4 7 9.368556 42.638011
5 7 6.453616 43.139309
5 6 7.815692 8.062258
