10 10 15418 1053 195 49 0.001000 20
13 81 6.363880 5.396360
80 78 32.577102 30.522757
22 73 17.157400 15.700904
85 16 7.755569 9.068386
50 19 2.921344 2.464133
8 50 9.346634 10.976404
73 85 33.422381 29.380163
71 58 46.594628 43.912343
79 14 40.056868 34.815959
79 82 32.817442 32.095953
0 2 38.995778 12.041595
1 9 39.271735 4.123106
1 6 39.246728 9.899495
2 8 38.665276 82.036577
2 7 35.298000 51.244512
3 8 40.354271 6.324555
4 9 39.762138 69.354164
5 8 44.231068 79.605276
6 9 39.062739 6.708204
7 9 41.868063 25.298221
