10 10 15953 563 991 996 1.000000 20
13 81 19.402869 17.143535
80 78 39.887503 40.059662
22 73 20.503172 23.416019
85 16 17.177411 14.369722
50 19 11.963799 14.180230
8 50 43.991401 48.743692
73 85 34.881493 41.662562
71 58 40.805967 45.799151
79 14 16.903344 15.427735
79 82 26.520211 25.184023
0 2 40.914782 12.041595
1 9 49.615111 4.123106
1 6 42.775935 9.899495
2 8 42.946185 82.036577
2 7 43.293688 51.244512
3 8 48.840679 6.324555
4 9 45.415705 69.354164
5 8 45.214888 79.605276
6 9 46.221080 6.708204
7 9 41.709196 25.298221
