10 10 16424 457 995 998 1.000000 20
13 81 42.784478 47.574449
80 78 0.583539 0.576001
22 73 15.339636 13.959661
85 16 20.601592 20.281096
50 19 23.225893 24.020974
8 50 9.284215 11.537148
73 85 6.916455 6.870896
71 58 28.015332 30.630636
79 14 2.142490 2.191158
79 82 35.562265 38.322168
0 2 1.921845 12.041595
1 9 0.578656 4.123106
1 6 6.211824 9.899495
2 8 3.707541 82.036577
2 7 1.532664 51.244512
3 8 4.763934 6.324555
4 9 2.385588 69.354164
5 8 0.964228 79.605276
6 9 0.985441 6.708204
7 9 8.410253 25.298221
