10 10 17766 1303 190 46 0 20
13 81 34.747107 38.495146
80 78 6.980382 8.314266
22 73 45.482485 41.645650
85 16 10.443847 12.346526
50 19 27.696822 25.380410
8 50 33.735797 28.969511
73 85 9.760733 9.079089
71 58 27.047143 26.539974
79 14 28.791449 32.894507
79 82 19.651973 18.194737
0 2 39.795498 12.041595
1 9 42.713045 4.123106
1 6 43.885412 9.899495
2 8 41.845296 82.036577
2 7 43.945542 51.244512
3 8 35.966343 6.324555
4 9 37.960386 69.354164
5 8 40.243062 79.605276
6 9 39.357857 6.708204
7 9 39.622058 25.298221
