10 10 15720 587 195 45 0.001000 20
13 81 18.761384 22.036863
80 78 15.471707 16.352128
22 73 1.103063 1.146557
85 16 26.173504 30.977866
50 19 38.953779 33.012939
8 50 39.236137 40.025659
73 85 16.238368 17.375654
71 58 6.818256 7.188613
79 14 18.268760 16.241074
79 82 8.743620 9.409088
0 2 40.669866 12.041595
1 9 40.127435 4.123106
1 6 44.810672 9.899495
2 8 37.349424 82.036577
2 7 38.162558 51.244512
3 8 36.719129 6.324555
4 9 42.205498 69.354164
5 8 43.159771 79.605276
6 9 39.238826 6.708204
7 9 38.313904 25.298221
