10 10 16418 463 197 46 0 20
13 81 36.286081 39.738903
80 78 41.362589 49.179821
22 73 45.192608 41.611971
85 16 8.481472 8.158977
50 19 11.438048 11.102193
8 50 58.696048 49.517608
73 85 23.129701 27.128556
71 58 14.325521 14.715624
79 14 34.998035 36.303797
79 82 10.476013 9.147312
0 2 38.421417 12.041595
1 9 39.203943 4.123106
1 6 43.982593 9.899495
2 8 35.978130 82.036577
2 7 37.316289 51.244512
3 8 44.689363 6.324555
4 9 37.351066 69.354164
5 8 35.708961 79.605276
6 9 40.989798 6.708204
7 9 40.370829 25.298221
