10 10 17403 858 99 6 0.000100 20
13 81 39.620324 36.821194
80 78 5.446886 5.313815
22 73 22.182915 24.616915
85 16 31.824351 30.602871
50 19 39.221633 40.717406
8 50 14.721911 14.017854
73 85 50.669797 48.286634
71 58 20.689209 22.318850
79 14 49.599909 48.816268
79 82 2.557929 2.492152
0 2 16.331828 12.041595
1 9 16.881799 4.123106
1 6 21.379988 9.899495
2 8 24.403327 82.036577
2 7 22.157438 51.244512
3 8 23.018920 6.324555
4 9 15.029764 69.354164
5 8 19.607521 79.605276
6 9 19.785079 6.708204
7 9 16.874074 25.298221
