10 10 17134 577 992 997 1.000000 20
13 81 38.142293 33.405354
80 78 20.830067 25.952185
22 73 4.811640 4.230775
85 16 12.176250 13.372078
50 19 31.396492 28.542628
8 50 35.779542 38.441792
73 85 44.514444 40.066552
71 58 34.628844 30.941865
79 14 14.479998 17.574817
79 82 10.706849 9.049460
0 2 48.123912 12.041595
1 9 40.097454 4.123106
1 6 48.707470 9.899495
2 8 43.988577 82.036577
2 7 48.005481 51.244512
3 8 41.399479 6.324555
4 9 48.723802 69.354164
5 8 47.835001 79.605276
6 9 45.065036 6.708204
7 9 43.832432 25.298221
