10 10 17666 1603 45 9 0 20
13 81 0.297925 0.371113
80 78 12.202147 11.439971
22 73 24.199250 20.753826
85 16 42.775867 39.404951
50 19 32.718489 34.131138
8 50 36.107246 38.089800
73 85 3.162112 3.754031
71 58 43.889527 40.733733
79 14 12.927126 14.699937
79 82 6.349675 5.469696
0 2 6.086029 12.041595
1 9 4.007874 4.123106
1 6 0.954518 9.899495
2 8 1.745926 82.036577
2 7 1.642287 51.244512
3 8 0.990484 6.324555
4 9 3.092856 69.354164
5 8 1.259934 79.605276
6 9 8.618480 6.708204
7 9 3.371498 25.298221
