10 10 15973 340 999 999 1 20
13 81 11.796233 10.965673
80 78 18.598313 16.646783
22 73 43.555288 47.548007
85 16 27.930419 29.959181
50 19 27.449827 23.789152
8 50 34.003944 33.095763
73 85 20.323487 22.748107
71 58 16.974394 18.972131
79 14 9.446675 8.447960
79 82 32.701988 36.144484
0 2 42.787185 12.041595
1 9 44.876957 4.123106
1 6 40.674983 9.899495
2 8 46.458064 82.036577
2 7 48.051552 51.244512
3 8 48.063250 6.324555
4 9 44.196669 69.354164
5 8 45.437510 79.605276
6 9 44.562101 6.708204
7 9 43.201228 25.298221
