10 10 15588 1620 197 48 0.010000 20
13 81 20.497901 25.403466
80 78 37.285544 42.697492
22 73 5.165643 6.046188
85 16 24.743682 21.025961
50 19 3.526672 3.491833
8 50 12.722799 10.820535
73 85 29.080836 32.821331
71 58 6.121956 5.577379
79 14 46.588425 40.888334
79 82 40.465430 34.217358
0 2 43.926628 12.041595
1 9 38.830109 4.123106
1 6 43.657347 9.899495
2 8 41.905574 82.036577
2 7 38.313642 51.244512
3 8 42.598170 6.324555
4 9 44.361398 69.354164
5 8 39.014498 79.605276
6 9 39.362219 6.708204
7 9 42.130744 25.298221
