9 11 15790 251 149 26 0.001000 20
34 60 17.445803 18.349450
68 1 45.896044 47.465066
84 62 36.832226 33.582314
43 75 6.697766 8.121718
39 61 11.694120 11.601604
35 58 57.552324 49.578375
36 66 0.605506 0.551248
66 28 7.469852 8.213663
48 43 46.205201 46.283958
0 5 3.016367 2.236068
0 4 2.668533 5.099020
1 4 9.737133 66.640828
1 2 9.000458 63.063460
2 8 4.323009 40.706265
2 4 0.826296 45.011110
3 8 5.637220 32.388269
3 5 1.032552 18.788294
4 7 2.509712 42.638011
5 7 6.281467 43.139309
5 6 5.294140 8.062258
