10 10 1935 751 48 9 0.000100 20
13 81 42.476736 37.472087
80 78 32.444417 38.991987
22 73 21.605981 26.103609
85 16 26.895142 27.288122
50 19 14.567782 13.152530
8 50 15.014156 15.479392
73 85 33.137493 32.094579
71 58 41.042315 40.601686
79 14 25.387915 28.824024
79 82 23.478733 23.510975
0 2 3.845747 12.041595
1 9 5.570536 4.123106
1 6 8.790516 9.899495
2 8 3.103203 82.036577
2 7 2.200483 51.244512
3 8 0.757915 6.324555
4 9 0.507209 69.354164
5 8 1.440827 79.605276
6 9 1.492151 6.708204
7 9 2.095536 25.298221
