9 11 17633 444 99 9 0 20
34 60 4.313289 5.202317
68 1 30.136774 25.720717
84 62 33.617968 39.528515
43 75 9.252866 8.031641
39 61 30.502338 34.148936
35 58 14.570820 17.791116
36 66 18.231499 22.026398
66 28 25.865798 31.475069
48 43 33.005280 31.229215
0 5 23.353245 2.236068
0 4 22.383387 5.099020
1 4 20.976840 66.640828
1 2 15.633865 63.063460
2 8 24.720305 40.706265
2 4 16.813831 45.011110
3 8 18.659703 32.388269
3 5 16.686492 18.788294
4 7 15.070225 42.638011
5 7 23.805289 43.139309
5 6 18.014143 8.062258
