10 10 17066 648 990 996 1 20
13 81 13.499910 11.258008
80 78 11.201605 12.397176
22 73 4.083998 4.164255
85 16 36.261230 33.001298
50 19 40.129378 42.725891
8 50 13.580806 15.093805
73 85 30.506277 35.307441
71 58 17.601329 21.507180
79 14 36.604890 33.496689
79 82 6.262389 6.960497
0 2 43.993330 12.041595
1 9 45.622064 4.123106
1 6 42.718070 9.899495
2 8 48.534150 82.036577
2 7 49.751842 51.244512
3 8 47.015418 6.324555
4 9 43.686406 69.354164
5 8 44.178643 79.605276
6 9 42.762291 6.708204
7 9 49.527864 25.298221
