9 11 16302 1561 991 996 1 20
34 60 27.834918 25.079496
68 1 28.482673 29.034015
84 62 19.248369 16.319583
43 75 33.048208 38.411348
39 61 48.456406 41.411688
35 58 35.002524 43.410648
36 66 22.286311 21.505312
66 28 18.663941 17.575780
48 43 32.892062 35.547339
0 5 40.098963 2.236068
0 4 45.300429 5.099020
1 4 47.296054 66.640828
1 2 42.216298 63.063460
2 8 40.829998 40.706265
2 4 49.034710 45.011110
3 8 48.982795 32.388269
3 5 44.564593 18.788294
4 7 44.689937 42.638011
5 7 49.367265 43.139309
5 6 45.901428 8.062258
