10 10 19657 757 46 8 0.000100 20
13 81 42.895648 47.605703
80 78 12.896895 12.825497
22 73 12.037106 10.806351
85 16 33.491239 40.106380
50 19 1.460773 1.312818
8 50 37.607532 42.778450
73 85 34.777787 30.279564
71 58 0.000843 0.000952
79 14 9.089177 8.648891
79 82 1.165721 1.315940
0 2 4.889932 12.041595
1 9 0.315835 4.123106
1 6 1.856175 9.899495
2 8 3.923519 82.036577
2 7 0.727595 51.244512
3 8 1.775908 6.324555
4 9 0.179401 69.354164
5 8 7.452108 79.605276
6 9 8.839663 6.708204
7 9 2.429245 25.298221
