10 10 2238 471 997 999 1.000000 20
13 81 58.050753 48.989044
80 78 38.112390 40.799746
22 73 54.612645 48.092896
85 16 1.926571 1.752953
50 19 32.425676 36.551637
8 50 40.071882 38.645562
73 85 4.912916 6.102270
71 58 17.816777 20.459873
79 14 23.763466 21.006676
79 82 14.901234 16.752854
0 2 42.626462 12.041595
1 9 46.309849 4.123106
1 6 46.676234 9.899495
2 8 42.714697 82.036577
2 7 44.716335 51.244512
3 8 42.697786 6.324555
4 9 43.956766 69.354164
5 8 41.342629 79.605276
6 9 41.849491 6.708204
7 9 47.290843 25.298221
