10 10 18421 2113 196 48 0.010000 20
13 81 26.735897 28.809595
80 78 38.769831 33.496836
22 73 40.129913 43.441954
85 16 29.625934 28.852024
50 19 13.419029 11.447115
8 50 36.949946 32.728419
73 85 32.394256 37.378119
71 58 33.570635 35.489290
79 14 2.171014 2.214590
79 82 16.739483 16.134404
0 2 36.709504 12.041595
1 9 35.863319 4.123106
1 6 38.920932 9.899495
2 8 38.488217 82.036577
2 7 41.017916 51.244512
3 8 41.064620 6.324555
4 9 40.096213 69.354164
5 8 41.951077 79.605276
6 9 39.891649 6.708204
7 9 39.030417 25.298221
