10 10 18315 978 999 997 1.000000 20
13 81 21.185705 20.816918
80 78 8.771963 7.883272
22 73 40.666101 33.962266
85 16 5.500447 5.510669
50 19 48.795631 40.687072
8 50 50.626238 43.253989
73 85 38.910454 33.315254
71 58 24.394840 27.018479
79 14 19.494337 16.491397
79 82 23.391583 28.977489
0 2 8.518962 12.041595
1 9 9.822478 4.123106
1 6 9.330304 9.899495
2 8 7.160838 82.036577
2 7 2.623995 51.244512
3 8 3.071684 6.324555
4 9 9.634824 69.354164
5 8 0.993310 79.605276
6 9 2.844809 6.708204
7 9 2.483789 25.298221
