10 10 18114 330 993 995 1.000000 20
13 81 26.023456 23.987862
80 78 14.250584 12.279629
22 73 50.778388 45.394832
85 16 18.192930 15.384830
50 19 39.896887 45.274025
8 50 39.556097 35.064639
73 85 15.727451 19.339846
71 58 19.863595 17.162983
79 14 24.917273 26.277873
79 82 46.504321 39.077574
0 2 2.693259 12.041595
1 9 8.032654 4.123106
1 6 9.346613 9.899495
2 8 3.295142 82.036577
2 7 8.033228 51.244512
3 8 5.295291 6.324555
4 9 0.463602 69.354164
5 8 7.179055 79.605276
6 9 8.503067 6.708204
7 9 1.433813 25.298221
