10 10 20156 557 998 997 1 20
13 81 17.160663 19.676772
80 78 15.676512 19.480840
22 73 25.966183 26.866095
85 16 12.886530 15.390877
50 19 13.648931 13.724807
8 50 2.089490 2.449126
73 85 0.979405 0.933586
71 58 12.083648 12.322535
79 14 29.153309 25.792638
79 82 14.444039 13.627861
0 2 1.806605 12.041595
1 9 7.515953 4.123106
1 6 3.668572 9.899495
2 8 9.600664 82.036577
2 7 9.435642 51.244512
3 8 1.821847 6.324555
4 9 6.092591 69.354164
5 8 7.262465 79.605276
6 9 9.593125 6.708204
7 9 1.879950 25.298221
