10 10 18070 485 41 6 0.001000 20
13 81 9.083906 8.573963
80 78 1.907681 2.095586
22 73 40.655415 34.112660
85 16 34.929167 33.292324
50 19 1.910240 2.273551
8 50 41.140550 43.665040
73 85 11.607923 13.678249
71 58 42.970973 46.153899
79 14 15.741463 16.926538
79 82 5.483366 4.816479
0 2 7.295879 12.041595
1 9 0.780666 4.123106
1 6 2.331579 9.899495
2 8 4.431229 82.036577
2 7 0.103280 51.244512
3 8 2.844022 6.324555
4 9 0.265042 69.354164
5 8 0.328558 79.605276
6 9 8.876657 6.708204
7 9 6.719803 25.298221
