9 11 20549 1331 42 9 0 20
34 60 41.233274 37.277862
68 1 30.680697 30.323032
84 62 20.135967 24.884829
43 75 10.136489 9.132638
39 61 18.522852 20.490899
35 58 30.428138 31.384226
36 66 36.629051 32.004326
66 28 11.086973 11.760503
48 43 19.554612 17.474432
0 5 6.240027 2.236068
0 4 6.325284 5.099020
1 4 2.959626 66.640828
1 2 4.762892 63.063460
2 8 3.508136 40.706265
2 4 0.228815 45.011110
3 8 7.941573 32.388269
3 5 6.160807 18.788294
4 7 0.530888 42.638011
5 7 4.373319 43.139309
5 6 0.262393 8.062258
