9 11 17460 1198 47 5 0.001000 20
34 60 42.696937 38.948223
68 1 20.137045 17.808151
84 62 11.355674 12.378912
43 75 10.812094 9.929869
39 61 18.206811 19.871037
35 58 48.025755 40.293106
36 66 50.148961 42.568905
66 28 43.436156 38.813426
48 43 48.252969 43.432462
0 5 5.202727 2.236068
0 4 2.267019 5.099020
1 4 2.520422 66.640828
1 2 7.108215 63.063460
2 8 5.930576 40.706265
2 4 8.151448 45.011110
3 8 0.665207 32.388269
3 5 2.921202 18.788294
4 7 6.037256 42.638011
5 7 3.159095 43.139309
5 6 4.032771 8.062258
