10 10 17180 361 144 27 0.010000 20
13 81 15.509727 18.896333
80 78 0.348503 0.311792
22 73 21.589232 25.119842
85 16 11.574904 10.460160
50 19 2.391300 2.537579
8 50 50.328383 46.322561
73 85 15.837250 14.353455
71 58 19.517787 17.239613
79 14 5.456045 6.753158
79 82 4.373632 5.208860
0 2 5.562061 12.041595
1 9 5.097684 4.123106
1 6 1.662614 9.899495
2 8 2.604986 82.036577
2 7 3.791722 51.244512
3 8 0.690163 6.324555
4 9 1.266885 69.354164
5 8 7.699071 79.605276
6 9 8.212299 6.708204
7 9 3.977578 25.298221
