10 10 18305 305 998 998 1 20
13 81 1.970933 2.127853
80 78 31.411612 32.441162
22 73 19.246498 19.338101
85 16 41.466803 46.590730
50 19 25.823036 29.632160
8 50 3.156421 3.454136
73 85 16.248549 15.820730
71 58 36.702014 33.374673
79 14 45.186505 47.878243
79 82 40.023210 35.411698
0 2 9.603648 12.041595
1 9 0.529030 4.123106
1 6 0.072605 9.899495
2 8 9.918862 82.036577
2 7 5.845785 51.244512
3 8 4.106666 6.324555
4 9 7.891357 69.354164
5 8 4.650816 79.605276
6 9 8.183198 6.708204
7 9 6.120557 25.298221
