10 10 18944 286 191 45 0 20
13 81 17.051171 18.263412
80 78 12.497362 11.025508
22 73 4.380954 4.210805
85 16 3.186477 2.695476
50 19 8.153642 7.048128
8 50 52.855086 44.818744
73 85 13.194910 14.102423
71 58 10.329097 11.138987
79 14 24.429999 24.661975
79 82 32.231568 30.574007
0 2 37.090033 12.041595
1 9 43.325008 4.123106
1 6 44.336895 9.899495
2 8 41.329275 82.036577
2 7 35.392992 51.244512
3 8 40.555219 6.324555
4 9 40.224450 69.354164
5 8 43.204677 79.605276
6 9 37.758881 6.708204
7 9 41.513893 25.298221
