9 11 272 294 148 28 0 20
34 60 19.149471 23.643938
68 1 56.968857 49.282321
84 62 29.515965 25.038532
43 75 38.592683 33.850938
39 61 47.068400 42.397950
35 58 8.178189 6.877679
36 66 38.021887 34.458973
66 28 40.133412 34.085792
48 43 5.640959 6.698726
0 5 0.320932 2.236068
0 4 3.979087 5.099020
1 4 5.356511 66.640828
1 2 2.070867 63.063460
2 8 9.647108 40.706265
2 4 7.932558 45.011110
3 8 3.057261 32.388269
3 5 4.820140 18.788294
4 7 5.516960 42.638011
5 7 4.248506 43.139309
5 6 8.879406 8.062258
