9 11 18342 1046 193 45 0.001000 20
34 60 27.935436 26.911599
68 1 43.060784 45.500145
84 62 8.451394 8.898899
43 75 10.053336 9.086400
39 61 26.942793 22.613741
35 58 1.912492 1.951143
36 66 8.236977 7.431116
66 28 16.664154 19.429629
48 43 23.441607 20.488269
0 5 41.498801 2.236068
0 4 41.228455 5.099020
1 4 39.362000 66.640828
1 2 37.249660 63.063460
2 8 44.906197 40.706265
2 4 42.449492 45.011110
3 8 35.180844 32.388269
3 5 40.426301 18.788294
4 7 41.046748 42.638011
5 7 35.423920 43.139309
5 6 38.754615 8.062258
