10 10 18473 776 998 997 1.000000 20
13 81 43.139316 37.906260
80 78 24.786566 27.186365
22 73 49.461019 45.641569
85 16 3.656927 3.994359
50 19 9.872783 12.150444
8 50 42.945583 47.463959
73 85 11.448416 10.986291
71 58 18.806736 21.103933
79 14 30.537521 32.354674
79 82 24.731427 20.648471
0 2 9.591827 12.041595
1 9 0.821794 4.123106
1 6 5.454125 9.899495
2 8 1.292778 82.036577
2 7 2.900589 51.244512
3 8 3.204335 6.324555
4 9 0.703508 69.354164
5 8 6.072810 79.605276
6 9 8.481896 6.708204
7 9 8.782332 25.298221
