10 10 19611 1263 45 9 0 20
13 81 18.495973 16.590510
80 78 23.790947 23.357232
22 73 2.154155 2.156296
85 16 39.348182 35.959221
50 19 10.845255 10.710761
8 50 36.286812 43.714052
73 85 21.764960 21.268917
71 58 27.256582 28.378355
79 14 48.457163 42.797992
79 82 26.893193 23.888483
0 2 6.201008 12.041595
1 9 0.858753 4.123106
1 6 3.990319 9.899495
2 8 7.254946 82.036577
2 7 9.863007 51.244512
3 8 5.760864 6.324555
4 9 7.688230 69.354164
5 8 4.723222 79.605276
6 9 5.869905 6.708204
7 9 2.880056 25.298221
