10 10 19257 1759 196 46 0.001000 20
13 81 41.524913 36.135308
80 78 38.798106 32.865091
22 73 5.445629 5.044980
85 16 37.099292 32.445509
50 19 44.775728 40.739857
8 50 5.534078 4.716321
73 85 20.275889 22.771621
71 58 18.948752 17.070102
79 14 21.189039 19.366970
79 82 13.805607 11.839173
0 2 36.368558 12.041595
1 9 43.677103 4.123106
1 6 43.411030 9.899495
2 8 36.841496 82.036577
2 7 36.646243 51.244512
3 8 39.727826 6.324555
4 9 40.009648 69.354164
5 8 36.445311 79.605276
6 9 44.146673 6.708204
7 9 38.457609 25.298221
