9 11 18857 1151 97 8 0.000100 20
34 60 39.876619 38.587101
68 1 28.170819 32.685871
84 62 6.877801 6.872699
43 75 37.198449 35.974305
39 61 22.421515 24.356292
35 58 12.062125 10.828244
36 66 21.534983 23.483808
66 28 33.485376 38.575629
48 43 17.139754 18.236398
0 5 23.075594 2.236068
0 4 22.259030 5.099020
1 4 18.556877 66.640828
1 2 16.308443 63.063460
2 8 18.374537 40.706265
2 4 19.414142 45.011110
3 8 19.465051 32.388269
3 5 18.579605 18.788294
4 7 15.906709 42.638011
5 7 20.347855 43.139309
5 6 22.307250 8.062258
