10 10 20137 1784 990 998 1 20
13 81 48.081384 42.856127
80 78 36.528317 30.608558
22 73 41.330327 48.335177
85 16 35.844181 38.602627
50 19 36.170656 41.234413
8 50 16.112347 19.035163
73 85 35.302827 44.086733
71 58 40.531867 40.337798
79 14 34.934645 37.284580
79 82 50.059027 42.607200
0 2 3.488017 12.041595
1 9 1.826509 4.123106
1 6 8.357661 9.899495
2 8 1.098357 82.036577
2 7 9.169106 51.244512
3 8 9.179689 6.324555
4 9 5.601182 69.354164
5 8 2.468105 79.605276
6 9 3.787255 6.708204
7 9 2.291194 25.298221
