9 11 18508 618 996 997 1.000000 20
34 60 46.481429 49.440640
68 1 16.262645 17.022700
84 62 1.067992 1.212902
43 75 21.149057 22.900814
39 61 20.674367 24.482860
35 58 22.260976 20.757885
36 66 24.460358 25.939483
66 28 50.751830 43.780663
48 43 6.250502 5.536241
0 5 45.543260 2.236068
0 4 44.399026 5.099020
1 4 44.304580 66.640828
1 2 48.894176 63.063460
2 8 48.569689 40.706265
2 4 42.551979 45.011110
3 8 42.871880 32.388269
3 5 42.415326 18.788294
4 7 47.609912 42.638011
5 7 43.769830 43.139309
5 6 41.999968 8.062258
