9 11 2214 1023 996 995 1.000000 20
34 60 42.570463 38.409280
68 1 16.290750 19.525791
84 62 17.496688 15.194990
43 75 17.137303 15.757733
39 61 5.617330 5.856554
35 58 9.193039 10.841341
36 66 37.157106 38.599187
66 28 5.010869 5.502492
48 43 47.890771 47.257175
0 5 4.789248 2.236068
0 4 2.997200 5.099020
1 4 6.988382 66.640828
1 2 3.254310 63.063460
2 8 3.312267 40.706265
2 4 6.626004 45.011110
3 8 8.707808 32.388269
3 5 1.534106 18.788294
4 7 2.401537 42.638011
5 7 9.586728 43.139309
5 6 6.667122 8.062258
