10 10 19861 278 995 995 1 20
13 81 22.042539 20.230782
80 78 9.104881 11.258629
22 73 1.459307 1.767504
85 16 9.947807 8.684035
50 19 14.530275 14.694116
8 50 41.874393 39.598625
73 85 17.703494 15.229357
71 58 7.165552 6.101154
79 14 26.684840 22.910502
79 82 36.024012 33.614938
0 2 41.133079 12.041595
1 9 42.116978 4.123106
1 6 44.254030 9.899495
2 8 48.011977 82.036577
2 7 48.494028 51.244512
3 8 42.519211 6.324555
4 9 47.119513 69.354164
5 8 44.411127 79.605276
6 9 43.560819 6.708204
7 9 41.347681 25.298221
