9 11 19285 307 196 49 0.001000 20
34 60 4.931216 5.009163
68 1 3.235319 3.550544
84 62 8.725873 9.188599
43 75 1.456058 1.525105
39 61 14.783220 17.608657
35 58 22.914071 27.549564
36 66 10.446667 12.771378
66 28 47.671476 45.374932
48 43 9.724329 11.408940
0 5 41.903865 2.236068
0 4 41.226651 5.099020
1 4 36.255792 66.640828
1 2 36.751670 63.063460
2 8 39.986491 40.706265
2 4 44.762200 45.011110
3 8 35.784889 32.388269
3 5 35.814219 18.788294
4 7 38.660125 42.638011
5 7 36.295798 43.139309
5 6 43.763315 8.062258
