10 10 17826 649 991 997 1.000000 20
13 81 1.912984 2.315480
80 78 36.426298 41.378022
22 73 30.845712 28.901094
85 16 21.466309 25.948795
50 19 9.724249 8.648124
8 50 3.389876 3.994093
73 85 2.537166 2.814502
71 58 39.801715 39.350963
79 14 17.423046 17.248493
79 82 56.683954 48.480843
0 2 5.765052 12.041595
1 9 6.092428 4.123106
1 6 2.776716 9.899495
2 8 4.819862 82.036577
2 7 8.008194 51.244512
3 8 3.520099 6.324555
4 9 3.446873 69.354164
5 8 8.606741 79.605276
6 9 8.937595 6.708204
7 9 0.556717 25.298221
