10 10 20333 807 193 46 0 20
13 81 52.756457 44.295422
80 78 29.162680 32.469215
22 73 30.967209 30.220283
85 16 13.627626 12.994272
50 19 12.265606 14.387848
8 50 35.467282 36.113375
73 85 40.945486 35.184800
71 58 38.126128 33.149987
79 14 37.719919 43.903931
79 82 22.298707 23.636959
0 2 36.207291 12.041595
1 9 37.976836 4.123106
1 6 41.295286 9.899495
2 8 44.052550 82.036577
2 7 36.609062 51.244512
3 8 42.012091 6.324555
4 9 36.301295 69.354164
5 8 38.959145 79.605276
6 9 36.555665 6.708204
7 9 38.661621 25.298221
