10 10 17560 353 995 998 1.000000 20
13 81 31.006097 33.190698
80 78 29.651701 25.818761
22 73 25.823884 31.211687
85 16 43.112381 37.679309
50 19 32.714142 27.610643
8 50 6.087785 5.666520
73 85 23.223012 22.177403
71 58 24.918354 21.017268
79 14 48.031020 47.287458
79 82 2.103484 2.188101
0 2 8.908119 12.041595
1 9 1.367476 4.123106
1 6 5.260950 9.899495
2 8 3.853243 82.036577
2 7 3.676202 51.244512
3 8 6.627859 6.324555
4 9 4.625313 69.354164
5 8 5.458147 79.605276
6 9 8.701250 6.708204
7 9 0.900135 25.298221
