10 10 17920 725 993 996 1.000000 20
13 81 41.813612 35.099901
80 78 22.344536 26.907435
22 73 23.759561 26.782642
85 16 10.202211 9.282730
50 19 20.593284 20.800792
8 50 4.381511 4.202490
73 85 52.316014 44.734764
71 58 6.648219 8.296395
79 14 34.114095 36.518967
79 82 22.192102 22.607027
0 2 44.905755 12.041595
1 9 47.885510 4.123106
1 6 49.776011 9.899495
2 8 42.884328 82.036577
2 7 41.751962 51.244512
3 8 43.897703 6.324555
4 9 42.005192 69.354164
5 8 43.980524 79.605276
6 9 40.805997 6.708204
7 9 40.799906 25.298221
