9 11 20627 2429 96 8 0 20
34 60 28.217839 32.404234
68 1 23.179299 27.818781
84 62 59.055789 49.649389
43 75 45.723386 39.444313
39 61 13.094529 14.850811
35 58 4.338406 5.335365
36 66 40.731138 42.017123
66 28 28.048432 33.462979
48 43 40.785644 34.955937
0 5 17.527922 2.236068
0 4 21.018246 5.099020
1 4 19.231426 66.640828
1 2 23.642650 63.063460
2 8 18.069508 40.706265
2 4 24.425096 45.011110
3 8 19.537946 32.388269
3 5 24.657360 18.788294
4 7 20.928729 42.638011
5 7 24.204602 43.139309
5 6 22.626708 8.062258
