9 11 18578 516 990 999 1.000000 20
34 60 20.394441 17.479920
68 1 12.589288 13.448499
84 62 52.729576 49.979007
43 75 33.017246 31.636799
39 61 18.899988 23.084873
35 58 7.781363 7.350262
36 66 12.082920 12.046920
66 28 10.249614 10.066917
48 43 31.519271 30.286921
0 5 43.525037 2.236068
0 4 48.071840 5.099020
1 4 41.741620 66.640828
1 2 49.991542 63.063460
2 8 45.680888 40.706265
2 4 42.768705 45.011110
3 8 43.392736 32.388269
3 5 43.939945 18.788294
4 7 40.227547 42.638011
5 7 42.348343 43.139309
5 6 42.308334 8.062258
