10 10 17557 473 142 29 0.001000 20
13 81 14.093955 12.113392
80 78 37.039813 31.901946
22 73 36.616652 45.150735
85 16 3.095588 3.402035
50 19 9.710631 8.277857
8 50 29.980560 26.654087
73 85 15.266099 13.878792
71 58 20.704915 17.915237
79 14 11.953229 11.264325
79 82 10.299303 9.154824
0 2 0.263059 12.041595
1 9 6.079108 4.123106
1 6 0.498832 9.899495
2 8 5.729140 82.036577
2 7 8.427280 51.244512
3 8 4.423940 6.324555
4 9 7.948666 69.354164
5 8 2.716452 79.605276
6 9 3.256880 6.708204
7 9 1.130154 25.298221
