10 10 18194 1089 191 45 0 20
13 81 2.237877 2.703337
80 78 49.658824 45.412625
22 73 28.059972 24.343242
85 16 34.346668 41.093594
50 19 17.261675 18.327571
8 50 22.192362 19.701379
73 85 20.335061 17.087867
71 58 33.057776 38.180301
79 14 15.215089 16.805551
79 82 0.654339 0.793119
0 2 43.559041 12.041595
1 9 39.505098 4.123106
1 6 43.600726 9.899495
2 8 42.145978 82.036577
2 7 42.373585 51.244512
3 8 44.355381 6.324555
4 9 39.554458 69.354164
5 8 43.518657 79.605276
6 9 38.033439 6.708204
7 9 36.928418 25.298221
