9 11 16818 990 46 7 0.001000 20
34 60 10.184601 10.593509
68 1 15.793680 18.119148
84 62 48.703697 41.564390
43 75 3.307767 3.260033
39 61 11.711253 9.879009
35 58 26.688139 29.843052
36 66 33.474553 29.231533
66 28 34.940930 38.757762
48 43 26.167494 23.216177
0 5 3.994620 2.236068
0 4 4.112363 5.099020
1 4 9.968376 66.640828
1 2 2.194247 63.063460
2 8 9.985257 40.706265
2 4 8.531970 45.011110
3 8 0.216489 32.388269
3 5 6.014359 18.788294
4 7 3.800097 42.638011
5 7 7.920627 43.139309
5 6 7.283908 8.062258
