9 11 18138 1090 998 997 1 20
34 60 4.158584 4.668999
68 1 30.202193 35.939280
84 62 27.767581 25.581778
43 75 21.146295 19.670757
39 61 52.424788 46.785726
35 58 1.822069 1.650879
36 66 11.297689 12.487672
66 28 14.819299 18.334027
48 43 39.932031 40.364926
0 5 46.240342 2.236068
0 4 41.972056 5.099020
1 4 40.497654 66.640828
1 2 45.479488 63.063460
2 8 48.210725 40.706265
2 4 46.295230 45.011110
3 8 44.986875 32.388269
3 5 43.283792 18.788294
4 7 44.296657 42.638011
5 7 42.856463 43.139309
5 6 48.338629 8.062258
