9 11 17840 712 95 7 0.001000 20
34 60 48.767075 43.575027
68 1 9.030542 8.868923
84 62 7.600012 6.684884
43 75 44.273822 49.238924
39 61 21.457998 23.021043
35 58 43.213769 42.710760
36 66 37.421788 41.022139
66 28 18.225345 21.969497
48 43 40.613195 44.491422
0 5 22.418399 2.236068
0 4 15.902450 5.099020
1 4 24.484167 66.640828
1 2 20.684672 63.063460
2 8 15.852606 40.706265
2 4 18.518603 45.011110
3 8 19.439127 32.388269
3 5 16.351179 18.788294
4 7 19.737052 42.638011
5 7 21.492329 43.139309
5 6 17.867201 8.062258
