10 10 17730 787 998 997 1.000000 20
13 81 45.015953 41.689022
80 78 23.357652 21.422648
22 73 13.125360 12.083941
85 16 36.572150 38.990055
50 19 42.511405 43.727218
8 50 30.164216 29.466756
73 85 21.743322 20.660941
71 58 25.021029 27.205506
79 14 29.947652 27.799557
79 82 24.147893 20.567217
0 2 49.095885 12.041595
1 9 41.485911 4.123106
1 6 46.814312 9.899495
2 8 43.753281 82.036577
2 7 46.061946 51.244512
3 8 49.212541 6.324555
4 9 47.708598 69.354164
5 8 40.900077 79.605276
6 9 40.139630 6.708204
7 9 45.944477 25.298221
