9 11 20196 283 143 26 0 20
34 60 11.184649 9.755593
68 1 14.882483 18.485155
84 62 5.645445 5.545657
43 75 0.246652 0.295304
39 61 43.060259 43.572233
35 58 32.373856 33.941949
36 66 26.030683 24.966636
66 28 36.236660 41.478907
48 43 13.568163 13.014680
0 5 2.999980 2.236068
0 4 8.835220 5.099020
1 4 1.035659 66.640828
1 2 3.335198 63.063460
2 8 7.614125 40.706265
2 4 2.897055 45.011110
3 8 1.890951 32.388269
3 5 0.489625 18.788294
4 7 4.656856 42.638011
5 7 4.982087 43.139309
5 6 2.185504 8.062258
