9 11 16666 700 192 46 0.010000 20
34 60 28.206349 27.991051
68 1 27.667282 28.489825
84 62 6.627873 6.495962
43 75 50.859179 44.501263
39 61 7.316212 7.021436
35 58 39.650736 39.467674
36 66 3.396221 3.966493
66 28 7.402384 7.668351
48 43 16.618001 16.691209
0 5 35.468012 2.236068
0 4 43.350022 5.099020
1 4 41.215800 66.640828
1 2 37.529954 63.063460
2 8 37.010676 40.706265
2 4 42.581404 45.011110
3 8 44.140181 32.388269
3 5 40.004982 18.788294
4 7 38.944858 42.638011
5 7 40.938017 43.139309
5 6 39.848272 8.062258
