9 11 18800 447 46 6 0.000100 20
34 60 3.534272 3.516670
68 1 12.011023 13.055250
84 62 29.137420 31.672466
43 75 23.949122 23.631661
39 61 25.477975 25.746435
35 58 20.213242 18.187673
36 66 38.433826 42.006867
66 28 43.501782 47.382229
48 43 37.889815 35.985852
0 5 0.651622 2.236068
0 4 5.649102 5.099020
1 4 3.909719 66.640828
1 2 8.949298 63.063460
2 8 8.364228 40.706265
2 4 9.912332 45.011110
3 8 9.290944 32.388269
3 5 6.730494 18.788294
4 7 9.227970 42.638011
5 7 9.297933 43.139309
5 6 9.106920 8.062258
