10 10 1607 6331 140 25 0.010000 20
13 81 5.405791 6.045803
80 78 20.997859 25.912708
22 73 13.862005 13.753833
85 16 16.047537 18.802802
50 19 39.445717 40.387382
8 50 32.627290 27.732124
73 85 19.416336 22.915709
71 58 9.575680 10.377852
79 14 40.754295 44.751291
79 82 4.355789 4.541664
0 2 2.971376 12.041595
1 9 8.595727 4.123106
1 6 0.579197 9.899495
2 8 8.829255 82.036577
2 7 0.485372 51.244512
3 8 1.419984 6.324555
4 9 6.844186 69.354164
5 8 4.263477 79.605276
6 9 1.175675 6.708204
7 9 0.020928 25.298221
