9 11 17400 2159 198 45 0.010000 20
34 60 43.957920 48.499527
68 1 5.433048 4.621623
84 62 36.433820 40.396673
43 75 48.379063 49.608181
39 61 11.976529 10.389240
35 58 30.553172 25.479315
36 66 6.006789 5.918740
66 28 41.627242 48.697753
48 43 10.970133 13.266428
0 5 43.574753 2.236068
0 4 40.636989 5.099020
1 4 35.092713 66.640828
1 2 43.772875 63.063460
2 8 43.671889 40.706265
2 4 40.398614 45.011110
3 8 44.350654 32.388269
3 5 41.344717 18.788294
4 7 40.366904 42.638011
5 7 39.710011 43.139309
5 6 36.899284 8.062258
