10 10 17807 858 98 6 0.000100 20
13 81 5.117418 4.549788
80 78 2.201422 2.392264
22 73 10.339861 11.597323
85 16 29.711734 29.402656
50 19 22.251864 19.710086
8 50 26.054203 24.305932
73 85 36.453345 40.753829
71 58 4.637287 5.477212
79 14 29.821042 26.407145
79 82 3.800959 3.404597
0 2 21.455833 12.041595
1 9 18.003449 4.123106
1 6 17.124554 9.899495
2 8 21.642362 82.036577
2 7 21.103571 51.244512
3 8 20.056861 6.324555
4 9 17.380961 69.354164
5 8 18.476598 79.605276
6 9 21.070823 6.708204
7 9 19.214322 25.298221
