9 11 20411 522 49 6 0 20
34 60 6.457728 6.775899
68 1 34.345433 38.580938
84 62 16.099064 19.691567
43 75 25.410108 29.645897
39 61 17.234063 15.425899
35 58 40.428878 38.411395
36 66 17.552676 15.999041
66 28 24.526874 25.211228
48 43 27.877993 26.955013
0 5 0.183009 2.236068
0 4 8.504905 5.099020
1 4 0.808094 66.640828
1 2 0.187017 63.063460
2 8 1.082048 40.706265
2 4 7.130874 45.011110
3 8 9.464718 32.388269
3 5 2.969044 18.788294
4 7 9.115862 42.638011
5 7 0.024471 43.139309
5 6 2.510950 8.062258
