10 10 19114 1238 996 997 1.000000 20
13 81 9.344520 8.667226
80 78 8.652911 9.370654
22 73 43.507719 36.294557
85 16 31.328713 28.052846
50 19 41.432621 42.180886
8 50 50.124088 43.990965
73 85 6.063499 5.702366
71 58 20.108883 18.021463
79 14 13.482186 11.617048
79 82 11.111064 13.712169
0 2 41.415146 12.041595
1 9 44.354121 4.123106
1 6 48.026567 9.899495
2 8 42.766515 82.036577
2 7 40.851870 51.244512
3 8 47.639060 6.324555
4 9 46.040768 69.354164
5 8 41.805725 79.605276
6 9 43.846176 6.708204
7 9 43.383585 25.298221
