10 10 17280 3197 97 9 0.001000 20
13 81 6.495060 5.677659
80 78 16.139885 15.655906
22 73 20.031671 18.296599
85 16 52.066562 44.640041
50 19 8.557186 7.611793
8 50 30.555599 36.886936
73 85 54.788193 48.655279
71 58 35.900227 30.984931
79 14 1.854539 1.942187
79 82 35.548267 40.171291
0 2 15.096686 12.041595
1 9 21.351212 4.123106
1 6 23.874472 9.899495
2 8 21.963231 82.036577
2 7 22.660204 51.244512
3 8 16.424105 6.324555
4 9 20.180977 69.354164
5 8 21.685429 79.605276
6 9 21.760878 6.708204
7 9 18.202163 25.298221
