9 11 18555 465 143 27 0 20
34 60 26.234234 31.545623
68 1 19.890823 19.058651
84 62 17.268934 19.435603
43 75 18.699873 18.983159
39 61 35.440767 40.321653
35 58 33.179936 36.004495
36 66 14.521476 12.846574
66 28 24.706855 21.423685
48 43 56.737705 49.006674
0 5 5.750644 2.236068
0 4 8.788138 5.099020
1 4 5.565071 66.640828
1 2 7.027815 63.063460
2 8 1.652654 40.706265
2 4 7.357068 45.011110
3 8 3.828017 32.388269
3 5 0.631061 18.788294
4 7 7.231071 42.638011
5 7 2.294009 43.139309
5 6 8.591284 8.062258
