9 11 18628 278 997 998 1.000000 20
34 60 32.543174 32.917565
68 1 11.006176 11.381642
84 62 29.218417 36.430944
43 75 4.064376 3.955362
39 61 55.651592 46.719764
35 58 24.278528 29.755843
36 66 45.767226 47.668913
66 28 3.150580 2.685671
48 43 13.718774 16.180274
0 5 1.045510 2.236068
0 4 1.708177 5.099020
1 4 6.451039 66.640828
1 2 2.731184 63.063460
2 8 8.231379 40.706265
2 4 7.500303 45.011110
3 8 0.255644 32.388269
3 5 2.033236 18.788294
4 7 7.206316 42.638011
5 7 5.067585 43.139309
5 6 9.080342 8.062258
