9 11 19638 1764 196 49 0 20
34 60 42.322971 47.174310
68 1 8.171883 7.205945
84 62 12.883429 11.095479
43 75 3.542355 3.961965
39 61 0.668858 0.661125
35 58 13.060073 14.729043
36 66 0.302132 0.370340
66 28 39.301919 41.930774
48 43 27.638416 26.267072
0 5 37.445163 2.236068
0 4 42.214621 5.099020
1 4 40.059339 66.640828
1 2 40.440479 63.063460
2 8 44.503900 40.706265
2 4 41.770690 45.011110
3 8 42.490603 32.388269
3 5 38.627674 18.788294
4 7 43.776569 42.638011
5 7 35.524020 43.139309
5 6 43.823244 8.062258
