10 10 1517 685 149 28 0.010000 20
13 81 44.844405 38.126508
80 78 4.401737 5.318500
22 73 42.459080 47.130243
85 16 7.478927 6.789600
50 19 23.853019 25.744033
8 50 4.162332 4.096380
73 85 51.215154 48.678229
71 58 51.806163 44.899118
79 14 27.239807 25.534643
79 82 34.290583 38.275528
0 2 4.555721 12.041595
1 9 2.012390 4.123106
1 6 2.023155 9.899495
2 8 8.072933 82.036577
2 7 9.772275 51.244512
3 8 4.384400 6.324555
4 9 7.303595 69.354164
5 8 1.676426 79.605276
6 9 2.642146 6.708204
7 9 2.365821 25.298221
