9 11 19685 822 93 9 0.000100 20
34 60 27.989291 25.870980
68 1 9.423280 10.380776
84 62 9.871944 11.691320
43 75 34.226855 34.912153
39 61 23.473374 24.788662
35 58 45.647291 41.063687
36 66 36.031026 32.346964
66 28 21.119419 17.633809
48 43 22.301833 22.491589
0 5 23.041946 2.236068
0 4 17.900767 5.099020
1 4 22.464567 66.640828
1 2 22.262092 63.063460
2 8 16.052814 40.706265
2 4 18.716747 45.011110
3 8 21.371756 32.388269
3 5 20.741136 18.788294
4 7 23.318897 42.638011
5 7 15.902960 43.139309
5 6 21.241513 8.062258
