9 11 16878 827 40 6 0.001000 20
34 60 19.181943 19.754124
68 1 26.785556 29.896748
84 62 21.578387 21.498412
43 75 28.534494 25.099158
39 61 7.524404 6.458102
35 58 40.054659 48.609994
36 66 16.244770 18.762536
66 28 30.949019 38.557914
48 43 48.625420 44.369887
0 5 6.259522 2.236068
0 4 8.359598 5.099020
1 4 8.777402 66.640828
1 2 4.338254 63.063460
2 8 4.300552 40.706265
2 4 0.404220 45.011110
3 8 4.150936 32.388269
3 5 2.083212 18.788294
4 7 1.601603 42.638011
5 7 9.100513 43.139309
5 6 2.050160 8.062258
