10 10 18861 1355 42 7 0 20
13 81 12.455550 15.224038
80 78 47.254256 44.374158
22 73 53.955383 49.448772
85 16 44.641584 43.779601
50 19 10.750452 11.692365
8 50 46.327295 48.481003
73 85 33.104285 29.842635
71 58 26.833780 23.056973
79 14 50.998683 46.873576
79 82 13.518691 14.091233
0 2 3.605430 12.041595
1 9 5.706462 4.123106
1 6 1.814399 9.899495
2 8 2.181231 82.036577
2 7 7.187395 51.244512
3 8 8.932692 6.324555
4 9 1.548641 69.354164
5 8 8.679802 79.605276
6 9 2.534544 6.708204
7 9 4.408235 25.298221
