10 10 20176 810 995 995 1 20
13 81 8.309137 7.992732
80 78 22.533404 22.565347
22 73 27.226903 24.937214
85 16 38.133175 36.215094
50 19 40.021330 49.011696
8 50 32.404589 30.662869
73 85 42.440966 36.916711
71 58 9.679873 8.922303
79 14 18.425706 17.083120
79 82 3.362242 4.091884
0 2 48.702843 12.041595
1 9 42.454946 4.123106
1 6 42.331941 9.899495
2 8 46.722227 82.036577
2 7 47.320258 51.244512
3 8 44.343938 6.324555
4 9 45.603621 69.354164
5 8 49.282449 79.605276
6 9 42.162124 6.708204
7 9 46.341648 25.298221
