10 10 19305 869 992 998 1 20
13 81 31.946998 38.868786
80 78 11.590163 12.774160
22 73 37.037346 33.899729
85 16 7.205892 7.240218
50 19 15.766545 14.723556
8 50 37.114391 39.159576
73 85 7.238473 6.538797
71 58 2.532115 2.775472
79 14 20.681215 23.629573
79 82 45.407266 40.616298
0 2 3.397765 12.041595
1 9 4.955279 4.123106
1 6 4.817934 9.899495
2 8 1.804940 82.036577
2 7 2.174765 51.244512
3 8 3.070864 6.324555
4 9 7.135917 69.354164
5 8 2.173409 79.605276
6 9 4.077446 6.708204
7 9 5.636716 25.298221
