9 11 18888 386 46 8 0 20
34 60 10.693000 12.109830
68 1 0.143405 0.144578
84 62 11.100547 12.229874
43 75 14.798482 15.149019
39 61 35.761382 39.023321
35 58 3.397734 3.282613
36 66 40.662760 34.705974
66 28 24.397502 25.734442
48 43 2.843047 2.400334
0 5 8.861357 2.236068
0 4 8.187872 5.099020
1 4 8.719170 66.640828
1 2 1.454672 63.063460
2 8 8.217996 40.706265
2 4 9.687000 45.011110
3 8 0.403680 32.388269
3 5 7.076291 18.788294
4 7 7.656708 42.638011
5 7 3.913621 43.139309
5 6 2.000466 8.062258
