10 10 20136 660 190 46 0.001000 20
13 81 30.520842 30.970041
80 78 27.651628 34.524714
22 73 18.518089 17.841716
85 16 41.677724 36.373275
50 19 2.913841 3.456400
8 50 32.930869 38.146173
73 85 1.818657 1.714531
71 58 15.083975 14.270851
79 14 9.176794 9.208670
79 82 49.136436 45.754489
0 2 40.574052 12.041595
1 9 42.947366 4.123106
1 6 41.931707 9.899495
2 8 36.364952 82.036577
2 7 40.308158 51.244512
3 8 37.875180 6.324555
4 9 39.423810 69.354164
5 8 35.790510 79.605276
6 9 38.966666 6.708204
7 9 35.597318 25.298221
