10 10 21214 500 199 49 0 20
13 81 28.680712 25.913670
80 78 11.416894 12.689031
22 73 1.116916 1.112010
85 16 23.913595 28.977238
50 19 41.613991 45.015146
8 50 51.977396 44.158499
73 85 31.291594 26.922561
71 58 8.036045 7.356388
79 14 10.372975 8.740001
79 82 22.863973 27.627603
0 2 39.266925 12.041595
1 9 43.452553 4.123106
1 6 35.275392 9.899495
2 8 43.683783 82.036577
2 7 41.219527 51.244512
3 8 36.825899 6.324555
4 9 44.164148 69.354164
5 8 42.130549 79.605276
6 9 37.314049 6.708204
7 9 37.806738 25.298221
