9 11 22545 625 991 997 1.000000 20
34 60 38.771373 32.981367
68 1 4.285506 3.992379
84 62 38.947950 40.340273
43 75 8.827936 8.779411
39 61 1.285061 1.438761
35 58 41.953892 38.227934
36 66 31.844604 38.189196
66 28 27.161018 32.244355
48 43 25.546585 25.754233
0 5 9.965204 2.236068
0 4 7.254181 5.099020
1 4 4.922120 66.640828
1 2 6.154735 63.063460
2 8 9.308653 40.706265
2 4 6.470064 45.011110
3 8 3.440990 32.388269
3 5 5.958651 18.788294
4 7 6.029573 42.638011
5 7 5.751430 43.139309
5 6 7.959800 8.062258
