9 11 21047 379 143 26 0.001000 20
34 60 23.583721 23.183704
68 1 14.153396 14.431212
84 62 44.650898 48.093768
43 75 7.527049 8.739851
39 61 6.245345 5.649143
35 58 15.372967 14.117746
36 66 34.412422 33.464851
66 28 11.472821 9.815976
48 43 31.255503 34.639229
0 5 4.512005 2.236068
0 4 6.750686 5.099020
1 4 9.711166 66.640828
1 2 5.777115 63.063460
2 8 8.493001 40.706265
2 4 9.650575 45.011110
3 8 8.875957 32.388269
3 5 5.631216 18.788294
4 7 3.410366 42.638011
5 7 6.023503 43.139309
5 6 5.507153 8.062258
