10 10 19952 593 191 47 0.010000 20
13 81 41.005312 40.749545
80 78 3.750228 4.429394
22 73 17.396819 15.003669
85 16 24.234108 25.755158
50 19 34.154959 32.653676
8 50 42.200760 38.045492
73 85 58.632522 49.315927
71 58 11.864516 13.693820
79 14 18.953179 18.645246
79 82 8.015336 8.260482
0 2 38.741929 12.041595
1 9 39.488472 4.123106
1 6 41.607612 9.899495
2 8 40.568079 82.036577
2 7 42.693191 51.244512
3 8 36.732644 6.324555
4 9 38.145708 69.354164
5 8 41.835654 79.605276
6 9 35.560063 6.708204
7 9 37.797990 25.298221
