9 11 20431 568 999 999 1.000000 20
34 60 9.167755 9.542576
68 1 6.002696 7.082846
84 62 21.809475 24.570766
43 75 28.051302 25.671191
39 61 23.843712 27.821573
35 58 43.525449 37.734089
36 66 19.446589 21.651665
66 28 13.424279 16.449200
48 43 40.058069 42.064339
0 5 4.362061 2.236068
0 4 8.296106 5.099020
1 4 0.488143 66.640828
1 2 4.299406 63.063460
2 8 2.827035 40.706265
2 4 8.115909 45.011110
3 8 1.607683 32.388269
3 5 2.531061 18.788294
4 7 1.084602 42.638011
5 7 2.816327 43.139309
5 6 6.558910 8.062258
