10 10 2342 791 195 47 0 20
13 81 44.120171 39.332783
80 78 27.388493 31.992092
22 73 45.252295 46.851770
85 16 6.523986 5.967002
50 19 25.388069 27.639746
8 50 28.552697 27.193366
73 85 41.627147 49.291295
71 58 1.141543 1.331890
79 14 48.346386 44.279739
79 82 16.918449 20.101341
0 2 39.552457 12.041595
1 9 37.565294 4.123106
1 6 40.347583 9.899495
2 8 41.500567 82.036577
2 7 42.132645 51.244512
3 8 43.729082 6.324555
4 9 42.008619 69.354164
5 8 38.289108 79.605276
6 9 41.551685 6.708204
7 9 42.783060 25.298221
