9 11 19547 460 149 27 0.010000 20
34 60 21.441299 21.139871
68 1 45.942773 48.378932
84 62 13.359213 13.810662
43 75 46.559120 45.472048
39 61 1.747110 1.610202
35 58 50.911400 45.470018
36 66 40.369159 34.635744
66 28 24.263747 24.889908
48 43 43.839752 41.668336
0 5 3.110855 2.236068
0 4 8.403620 5.099020
1 4 0.077414 66.640828
1 2 2.414646 63.063460
2 8 5.647158 40.706265
2 4 6.801448 45.011110
3 8 8.586766 32.388269
3 5 9.293944 18.788294
4 7 2.129184 42.638011
5 7 2.062068 43.139309
5 6 4.142682 8.062258
