10 10 21071 504 141 25 0 20
13 81 21.346799 20.419213
80 78 3.418754 3.365907
22 73 7.269149 6.540136
85 16 43.975648 42.379895
50 19 20.100847 20.825058
8 50 18.648037 18.864206
73 85 10.905492 9.446445
71 58 18.097700 15.330507
79 14 44.182216 42.500727
79 82 8.311160 9.838407
0 2 1.510155 12.041595
1 9 1.099008 4.123106
1 6 7.777038 9.899495
2 8 9.646493 82.036577
2 7 1.299362 51.244512
3 8 8.133070 6.324555
4 9 1.942277 69.354164
5 8 3.780165 79.605276
6 9 1.458340 6.708204
7 9 0.864611 25.298221
