9 11 1839 1422 992 995 1.000000 20
34 60 15.422349 14.204712
68 1 36.522877 39.178315
84 62 48.328170 49.963879
43 75 37.875345 35.237563
39 61 13.315003 11.382999
35 58 13.875671 12.213876
36 66 27.317060 28.281269
66 28 4.910982 5.836089
48 43 36.920910 45.364943
0 5 9.694014 2.236068
0 4 1.517649 5.099020
1 4 0.209784 66.640828
1 2 3.994214 63.063460
2 8 7.916422 40.706265
2 4 6.053761 45.011110
3 8 2.467887 32.388269
3 5 5.296006 18.788294
4 7 9.020017 42.638011
5 7 0.324087 43.139309
5 6 7.461458 8.062258
