9 11 21714 645 995 995 1 20
34 60 5.337798 5.564293
68 1 26.868403 32.235274
84 62 34.813726 40.341836
43 75 35.038874 32.884233
39 61 36.135734 37.606776
35 58 34.986099 31.026562
36 66 18.182746 15.833962
66 28 38.268434 32.379503
48 43 6.383813 5.518577
0 5 42.872277 2.236068
0 4 45.194490 5.099020
1 4 46.004160 66.640828
1 2 48.646716 63.063460
2 8 46.510462 40.706265
2 4 40.653680 45.011110
3 8 45.962336 32.388269
3 5 44.451522 18.788294
4 7 48.047106 42.638011
5 7 40.285218 43.139309
5 6 41.884331 8.062258
