9 11 22484 459 149 28 0.001000 20
34 60 5.313983 5.449182
68 1 28.068260 35.018365
84 62 34.761788 32.198293
43 75 3.070679 2.648346
39 61 19.131692 18.648281
35 58 32.284701 33.645837
36 66 0.754646 0.669352
66 28 19.427346 18.828318
48 43 33.121947 28.289171
0 5 8.085985 2.236068
0 4 6.370858 5.099020
1 4 3.229939 66.640828
1 2 0.289039 63.063460
2 8 2.809815 40.706265
2 4 2.985979 45.011110
3 8 5.941370 32.388269
3 5 0.146879 18.788294
4 7 4.188270 42.638011
5 7 2.610243 43.139309
5 6 3.865617 8.062258
