10 10 19071 676 993 999 1.000000 20
13 81 22.488865 22.764239
80 78 19.791887 21.560433
22 73 29.461280 24.916426
85 16 26.052414 30.918580
50 19 21.461856 26.362648
8 50 53.462211 48.541821
73 85 40.988370 47.006126
71 58 8.123729 8.133245
79 14 28.300725 28.885280
79 82 47.700826 43.519478
0 2 4.803767 12.041595
1 9 1.377037 4.123106
1 6 0.895205 9.899495
2 8 0.381269 82.036577
2 7 6.682350 51.244512
3 8 3.296378 6.324555
4 9 6.281344 69.354164
5 8 0.111230 79.605276
6 9 3.926076 6.708204
7 9 7.935518 25.298221
