10 10 21785 1529 48 5 0.000100 20
13 81 10.346965 10.641856
80 78 25.122505 26.971053
22 73 25.329967 28.409978
85 16 26.839990 33.096835
50 19 42.643633 38.054065
8 50 1.205491 1.313537
73 85 13.573239 16.522678
71 58 46.269741 46.828005
79 14 2.642861 2.509302
79 82 31.924423 37.156406
0 2 4.303717 12.041595
1 9 5.360117 4.123106
1 6 6.830491 9.899495
2 8 5.142336 82.036577
2 7 2.851219 51.244512
3 8 4.597819 6.324555
4 9 7.798866 69.354164
5 8 8.255229 79.605276
6 9 6.196075 6.708204
7 9 5.944696 25.298221
