10 10 20941 298 992 999 1 20
13 81 20.092628 16.811456
80 78 42.202814 43.274854
22 73 50.133312 43.440906
85 16 21.162079 22.895799
50 19 5.049394 5.522747
8 50 32.773800 40.544854
73 85 23.934887 25.989202
71 58 15.046199 14.878557
79 14 26.991232 24.385245
79 82 46.469293 45.298848
0 2 5.743413 12.041595
1 9 2.111877 4.123106
1 6 2.798263 9.899495
2 8 8.326921 82.036577
2 7 0.344298 51.244512
3 8 8.749901 6.324555
4 9 9.714243 69.354164
5 8 3.493097 79.605276
6 9 7.532064 6.708204
7 9 7.090430 25.298221
