10 10 1785 449 195 47 0.010000 20
13 81 2.107904 2.522629
80 78 35.142845 35.955541
22 73 8.808887 9.141249
85 16 4.195329 4.017532
50 19 33.724225 38.687644
8 50 49.300322 46.240136
73 85 5.788339 4.891468
71 58 25.036457 24.436045
79 14 11.178222 12.622232
79 82 18.555006 16.690987
0 2 41.524520 12.041595
1 9 41.715489 4.123106
1 6 35.342845 9.899495
2 8 39.807084 82.036577
2 7 38.424325 51.244512
3 8 44.665398 6.324555
4 9 35.577259 69.354164
5 8 36.391639 79.605276
6 9 43.074132 6.708204
7 9 38.043955 25.298221
