9 11 22911 495 999 995 1 20
34 60 28.529735 32.780661
68 1 3.392495 3.046171
84 62 11.031873 10.348082
43 75 23.557330 21.498816
39 61 0.764446 0.686340
35 58 0.150812 0.156479
36 66 19.867849 16.939015
66 28 21.825157 26.349098
48 43 25.608153 23.226669
0 5 46.876695 2.236068
0 4 43.943162 5.099020
1 4 40.010160 66.640828
1 2 49.601847 63.063460
2 8 41.821238 40.706265
2 4 45.391412 45.011110
3 8 48.828632 32.388269
3 5 44.123232 18.788294
4 7 45.648994 42.638011
5 7 49.784559 43.139309
5 6 40.847575 8.062258
