10 10 20260 1625 94 9 0.001000 20
13 81 15.815107 17.988280
80 78 12.649486 14.512075
22 73 14.096171 11.790231
85 16 22.180543 26.183528
50 19 38.838238 39.191125
8 50 16.200347 14.967433
73 85 30.685177 29.580293
71 58 39.053289 34.574401
79 14 40.096949 46.708498
79 82 44.365825 45.508227
0 2 24.310242 12.041595
1 9 17.967981 4.123106
1 6 19.974120 9.899495
2 8 23.920654 82.036577
2 7 16.525309 51.244512
3 8 22.229465 6.324555
4 9 20.212369 69.354164
5 8 16.614437 79.605276
6 9 20.225632 6.708204
7 9 16.150758 25.298221
