9 11 19857 722 91 9 0.001000 20
34 60 43.524536 39.530977
68 1 3.290154 3.575721
84 62 29.437142 31.787689
43 75 27.534689 27.788343
39 61 9.343354 11.414355
35 58 23.146684 19.831514
36 66 31.430535 26.728838
66 28 30.942886 27.151605
48 43 7.773370 6.544033
0 5 24.519953 2.236068
0 4 15.926844 5.099020
1 4 19.243871 66.640828
1 2 15.535064 63.063460
2 8 21.487268 40.706265
2 4 16.179148 45.011110
3 8 24.446779 32.388269
3 5 23.727143 18.788294
4 7 19.583168 42.638011
5 7 15.055486 43.139309
5 6 21.661911 8.062258
