10 10 20369 334 96 7 0.001000 20
13 81 46.249951 40.538674
80 78 1.276677 1.385299
22 73 32.218821 32.885094
85 16 17.186912 15.216036
50 19 25.509173 26.176732
8 50 46.350065 44.581067
73 85 37.563864 35.839114
71 58 3.916819 4.882725
79 14 35.364589 30.169747
79 82 19.704812 20.717829
0 2 20.479816 12.041595
1 9 24.442732 4.123106
1 6 17.449052 9.899495
2 8 19.200286 82.036577
2 7 15.576967 51.244512
3 8 17.649090 6.324555
4 9 20.041920 69.354164
5 8 18.418938 79.605276
6 9 18.060809 6.708204
7 9 24.831856 25.298221
