9 11 22323 511 144 25 0 20
34 60 21.445012 21.031961
68 1 41.474182 36.513836
84 62 4.754965 5.739166
43 75 13.315903 15.596699
39 61 51.764248 45.023845
35 58 0.553808 0.474611
36 66 8.944455 10.138522
66 28 10.250840 10.625272
48 43 21.765222 25.129446
0 5 9.280835 2.236068
0 4 4.110383 5.099020
1 4 1.812812 66.640828
1 2 8.761214 63.063460
2 8 1.607694 40.706265
2 4 6.299629 45.011110
3 8 0.542262 32.388269
3 5 9.359643 18.788294
4 7 3.914625 42.638011
5 7 7.998095 43.139309
5 6 4.992255 8.062258
