10 10 243 1378 198 46 0.001000 20
13 81 18.193992 21.245599
80 78 11.934165 11.998205
22 73 4.652777 4.636802
85 16 32.824112 40.471432
50 19 28.308588 32.118595
8 50 33.512006 37.768834
73 85 29.364824 34.887345
71 58 25.487268 22.906752
79 14 2.250882 2.008787
79 82 53.894856 48.033742
0 2 36.718525 12.041595
1 9 41.925747 4.123106
1 6 43.048839 9.899495
2 8 37.981798 82.036577
2 7 37.844354 51.244512
3 8 39.271247 6.324555
4 9 35.460392 69.354164
5 8 43.313631 79.605276
6 9 43.340419 6.708204
7 9 44.201767 25.298221
