9 11 22242 500 993 996 1.000000 20
34 60 8.451699 9.175954
68 1 16.177562 18.759369
84 62 29.744330 35.270301
43 75 21.461723 19.979138
39 61 14.914953 17.245021
35 58 10.571129 9.423481
36 66 50.154012 47.884437
66 28 17.922141 22.332478
48 43 11.152343 13.891242
0 5 41.036926 2.236068
0 4 45.131612 5.099020
1 4 42.724578 66.640828
1 2 44.748077 63.063460
2 8 40.990150 40.706265
2 4 48.406359 45.011110
3 8 47.960637 32.388269
3 5 48.832407 18.788294
4 7 44.148798 42.638011
5 7 47.503702 43.139309
5 6 42.513976 8.062258
