10 10 23151 552 997 998 1 20
13 81 1.615187 1.863749
80 78 43.180202 37.541213
22 73 18.723088 22.777463
85 16 34.368674 39.231150
50 19 10.692854 12.156385
8 50 2.996547 3.132167
73 85 9.108500 9.985219
71 58 42.786995 43.194068
79 14 9.162376 9.573081
79 82 5.902559 5.387857
0 2 48.139298 12.041595
1 9 41.741992 4.123106
1 6 45.352484 9.899495
2 8 46.298626 82.036577
2 7 49.877839 51.244512
3 8 48.114441 6.324555
4 9 45.469873 69.354164
5 8 41.517449 79.605276
6 9 47.737766 6.708204
7 9 42.997484 25.298221
