10 10 21928 861 97 7 0.000100 20
13 81 40.601295 49.648615
80 78 42.027370 47.889975
22 73 35.069245 42.271873
85 16 34.064800 42.205337
50 19 27.963619 26.814460
8 50 48.631172 47.679263
73 85 34.085093 28.998260
71 58 12.739944 13.320816
79 14 19.594849 19.061976
79 82 16.616177 15.058434
0 2 20.449735 12.041595
1 9 21.784281 4.123106
1 6 19.702666 9.899495
2 8 23.835464 82.036577
2 7 20.254622 51.244512
3 8 15.475652 6.324555
4 9 24.487976 69.354164
5 8 21.738349 79.605276
6 9 21.769569 6.708204
7 9 21.625206 25.298221
