9 11 1767 928 990 997 1.000000 20
34 60 26.091397 22.564777
68 1 22.303546 21.081195
84 62 5.565005 5.157879
43 75 24.730499 22.104462
39 61 39.773305 34.335730
35 58 24.375376 20.466829
36 66 40.066879 45.437088
66 28 46.356346 39.775538
48 43 15.522435 15.321981
0 5 0.303183 2.236068
0 4 4.430931 5.099020
1 4 5.397993 66.640828
1 2 5.491921 63.063460
2 8 8.533950 40.706265
2 4 0.584726 45.011110
3 8 7.424152 32.388269
3 5 2.588800 18.788294
4 7 7.489330 42.638011
5 7 3.010855 43.139309
5 6 3.662804 8.062258
