10 10 22500 758 998 997 1 20
13 81 30.295588 37.692044
80 78 11.696405 9.814715
22 73 35.531765 31.773402
85 16 5.784408 6.356280
50 19 10.664552 9.362404
8 50 52.887957 44.399667
73 85 23.632962 22.698765
71 58 25.985097 28.852633
79 14 11.426887 11.988829
79 82 13.389973 12.689220
0 2 7.945556 12.041595
1 9 3.536188 4.123106
1 6 7.529033 9.899495
2 8 1.763341 82.036577
2 7 0.175554 51.244512
3 8 8.185877 6.324555
4 9 4.935174 69.354164
5 8 3.225054 79.605276
6 9 1.556613 6.708204
7 9 2.491014 25.298221
