9 11 22852 311 45 8 0 20
34 60 37.215937 36.429604
68 1 6.372884 6.746379
84 62 16.528349 13.865522
43 75 10.327609 9.126583
39 61 46.826873 46.311949
35 58 36.392144 43.935970
36 66 21.864247 18.682581
66 28 0.295176 0.364019
48 43 33.814479 39.330093
0 5 2.506225 2.236068
0 4 2.706626 5.099020
1 4 2.474480 66.640828
1 2 9.679498 63.063460
2 8 4.574410 40.706265
2 4 3.823931 45.011110
3 8 5.159966 32.388269
3 5 5.934755 18.788294
4 7 1.327939 42.638011
5 7 8.497157 43.139309
5 6 5.894143 8.062258
