10 10 2571 280 42 8 0 20
13 81 42.065692 48.232203
80 78 45.602426 46.031724
22 73 1.762697 1.926440
85 16 15.415314 18.126940
50 19 26.641361 24.743716
8 50 0.712136 0.745537
73 85 9.366435 9.051985
71 58 8.699918 10.588873
79 14 42.865981 36.561996
79 82 55.213780 49.854124
0 2 4.805322 12.041595
1 9 2.104283 4.123106
1 6 9.510407 9.899495
2 8 5.576073 82.036577
2 7 4.149056 51.244512
3 8 8.051052 6.324555
4 9 0.599039 69.354164
5 8 1.963691 79.605276
6 9 9.701402 6.708204
7 9 9.866117 25.298221
