9 11 20636 436 995 999 1.000000 20
34 60 35.032998 34.418036
68 1 53.039081 44.524429
84 62 7.020643 6.045758
43 75 34.259789 28.952086
39 61 39.558664 40.664119
35 58 33.697797 34.480729
36 66 35.696937 39.136321
66 28 34.641671 34.377504
48 43 15.204801 17.829221
0 5 0.931530 2.236068
0 4 4.472228 5.099020
1 4 2.543259 66.640828
1 2 8.958483 63.063460
2 8 8.326081 40.706265
2 4 1.648230 45.011110
3 8 8.987927 32.388269
3 5 4.385703 18.788294
4 7 3.005750 42.638011
5 7 8.737858 43.139309
5 6 9.021848 8.062258
