10 10 21333 403 995 996 1.000000 20
13 81 29.830686 25.229552
80 78 47.404066 46.704294
22 73 4.909389 4.562789
85 16 15.492204 16.441557
50 19 11.974318 10.670912
8 50 29.041900 36.103562
73 85 28.800963 25.547497
71 58 24.829921 25.636106
79 14 44.955437 43.683439
79 82 6.619436 8.040112
0 2 45.585995 12.041595
1 9 49.993544 4.123106
1 6 42.973817 9.899495
2 8 47.046762 82.036577
2 7 48.522069 51.244512
3 8 47.119597 6.324555
4 9 49.658474 69.354164
5 8 46.292854 79.605276
6 9 49.086439 6.708204
7 9 45.166155 25.298221
