10 10 20931 1866 91 7 0.000100 20
13 81 0.227633 0.198762
80 78 17.694519 18.807597
22 73 7.459444 8.272134
85 16 28.014956 31.162119
50 19 38.603495 34.208571
8 50 9.368540 8.169790
73 85 31.270056 31.334695
71 58 31.006451 27.775218
79 14 30.891734 37.357047
79 82 22.154165 27.531196
0 2 15.154386 12.041595
1 9 19.004432 4.123106
1 6 16.834473 9.899495
2 8 16.548493 82.036577
2 7 19.579156 51.244512
3 8 20.560315 6.324555
4 9 15.729361 69.354164
5 8 24.150285 79.605276
6 9 24.338500 6.708204
7 9 21.285552 25.298221
