9 11 19976 3028 147 25 0.010000 20
34 60 19.489186 20.141787
68 1 33.700862 31.007168
84 62 37.736732 45.676860
43 75 4.886006 4.794676
39 61 15.147350 16.856444
35 58 42.103582 41.457460
36 66 21.259669 23.149563
66 28 21.207061 20.229629
48 43 2.059519 2.173368
0 5 8.593764 2.236068
0 4 6.279988 5.099020
1 4 3.686337 66.640828
1 2 7.834713 63.063460
2 8 0.745235 40.706265
2 4 8.008441 45.011110
3 8 0.506895 32.388269
3 5 7.208780 18.788294
4 7 1.271732 42.638011
5 7 3.392798 43.139309
5 6 1.682666 8.062258
