10 10 22941 778 198 47 0 20
13 81 0.960191 0.979283
80 78 40.400824 37.905681
22 73 39.483936 48.219035
85 16 6.166295 7.174322
50 19 40.516963 47.969777
8 50 3.492681 3.116435
73 85 36.240443 34.256800
71 58 20.599760 22.930612
79 14 24.548221 30.070276
79 82 0.895900 0.774526
0 2 35.448104 12.041595
1 9 37.691362 4.123106
1 6 41.534549 9.899495
2 8 37.225180 82.036577
2 7 40.457172 51.244512
3 8 36.703079 6.324555
4 9 44.541039 69.354164
5 8 43.144027 79.605276
6 9 37.851159 6.708204
7 9 42.626161 25.298221
