10 10 20717 638 199 49 0.010000 20
13 81 43.482656 40.203028
80 78 56.508334 49.648958
22 73 9.644819 11.940457
85 16 37.923100 46.117847
50 19 3.891551 3.445649
8 50 8.186641 6.882009
73 85 49.431992 45.091364
71 58 8.399185 9.290863
79 14 38.178347 44.979169
79 82 13.435437 13.301361
0 2 38.167062 12.041595
1 9 37.687245 4.123106
1 6 35.339455 9.899495
2 8 37.078415 82.036577
2 7 43.405223 51.244512
3 8 44.299525 6.324555
4 9 39.592697 69.354164
5 8 37.476252 79.605276
6 9 44.666289 6.708204
7 9 37.155020 25.298221
