10 10 22727 1289 992 995 1.000000 20
13 81 0.866039 0.854166
80 78 7.777866 6.582900
22 73 20.506407 24.308287
85 16 24.649059 22.168376
50 19 35.061257 29.344616
8 50 39.426181 35.227312
73 85 24.257232 22.387067
71 58 3.786054 3.511006
79 14 9.769826 11.397538
79 82 11.173697 9.758172
0 2 8.752560 12.041595
1 9 9.900696 4.123106
1 6 1.371282 9.899495
2 8 3.318928 82.036577
2 7 6.064521 51.244512
3 8 7.973862 6.324555
4 9 1.455183 69.354164
5 8 6.193602 79.605276
6 9 6.078301 6.708204
7 9 1.554076 25.298221
