9 11 22764 1556 144 27 0 20
34 60 39.770886 41.781967
68 1 13.045963 12.797903
84 62 9.884136 10.708979
43 75 36.715579 45.673896
39 61 44.883902 42.340368
35 58 29.407136 31.575919
36 66 17.931964 19.292683
66 28 46.725156 46.534430
48 43 5.480041 5.435859
0 5 3.198947 2.236068
0 4 0.299490 5.099020
1 4 6.201919 66.640828
1 2 4.320321 63.063460
2 8 8.008337 40.706265
2 4 0.353538 45.011110
3 8 4.882409 32.388269
3 5 3.918467 18.788294
4 7 8.477988 42.638011
5 7 5.598577 43.139309
5 6 6.507784 8.062258
