9 11 21595 802 994 995 1.000000 20
34 60 10.518646 9.466774
68 1 23.795759 21.638112
84 62 33.486698 30.127074
43 75 38.613498 36.648233
39 61 32.002085 39.272713
35 58 11.049772 11.848123
36 66 49.359346 49.613771
66 28 48.402427 49.333383
48 43 29.234283 34.441231
0 5 6.576343 2.236068
0 4 0.495853 5.099020
1 4 3.229911 66.640828
1 2 0.871213 63.063460
2 8 6.364269 40.706265
2 4 4.184338 45.011110
3 8 9.125159 32.388269
3 5 9.253875 18.788294
4 7 5.817651 42.638011
5 7 8.631892 43.139309
5 6 5.984944 8.062258
