10 10 21880 5950 991 998 1.000000 20
13 81 2.470371 2.754071
80 78 24.652110 24.624724
22 73 18.552182 23.143706
85 16 12.892001 15.969967
50 19 11.159048 12.120682
8 50 44.868659 47.744945
73 85 19.745438 23.525095
71 58 9.765914 8.505103
79 14 12.171319 11.561853
79 82 12.798666 14.751364
0 2 2.485564 12.041595
1 9 5.958252 4.123106
1 6 3.985590 9.899495
2 8 6.944712 82.036577
2 7 4.069136 51.244512
3 8 1.052805 6.324555
4 9 2.234679 69.354164
5 8 4.519428 79.605276
6 9 3.298166 6.708204
7 9 3.271612 25.298221
