9 11 21119 1353 148 28 0.001000 20
34 60 50.990413 42.932944
68 1 18.420031 17.513319
84 62 38.862986 37.112473
43 75 14.335052 16.308329
39 61 25.714226 27.558560
35 58 3.947490 3.636705
36 66 21.797866 19.421744
66 28 16.164854 14.791633
48 43 13.936081 14.723586
0 5 3.748622 2.236068
0 4 9.557359 5.099020
1 4 1.302784 66.640828
1 2 6.901335 63.063460
2 8 6.411972 40.706265
2 4 4.591487 45.011110
3 8 9.171616 32.388269
3 5 8.292256 18.788294
4 7 9.876454 42.638011
5 7 3.460055 43.139309
5 6 7.343416 8.062258
