9 11 20745 358 41 5 0 20
34 60 7.486552 8.864793
68 1 38.003317 32.982259
84 62 11.967951 11.105551
43 75 33.370622 28.061299
39 61 0.233716 0.199181
35 58 33.245682 28.919296
36 66 40.710089 40.218512
66 28 10.593060 9.576925
48 43 14.589509 13.911064
0 5 7.746716 2.236068
0 4 5.199952 5.099020
1 4 3.652760 66.640828
1 2 2.557904 63.063460
2 8 0.904994 40.706265
2 4 5.964900 45.011110
3 8 4.508843 32.388269
3 5 7.812270 18.788294
4 7 0.122023 42.638011
5 7 5.962378 43.139309
5 6 0.399279 8.062258
