10 10 20568 397 144 27 0.001000 20
13 81 20.643226 18.586194
80 78 4.872203 4.093775
22 73 20.032828 20.842146
85 16 14.347255 12.301034
50 19 10.212201 8.819450
8 50 9.780521 8.199796
73 85 35.971468 37.973449
71 58 14.947811 13.222368
79 14 46.331563 45.352493
79 82 12.021702 12.965880
0 2 7.345648 12.041595
1 9 7.113643 4.123106
1 6 0.479432 9.899495
2 8 3.003284 82.036577
2 7 5.345991 51.244512
3 8 9.856377 6.324555
4 9 0.865999 69.354164
5 8 9.577509 79.605276
6 9 1.064469 6.708204
7 9 0.520919 25.298221
