9 11 22235 419 991 999 1 20
34 60 0.225300 0.237905
68 1 31.081656 32.198141
84 62 2.279528 2.359710
43 75 28.598084 31.633325
39 61 15.703313 13.310955
35 58 23.133717 20.430230
36 66 26.832371 24.261809
66 28 14.016172 12.864431
48 43 4.052480 3.794302
0 5 49.862228 2.236068
0 4 48.264777 5.099020
1 4 42.655203 66.640828
1 2 44.307308 63.063460
2 8 40.964003 40.706265
2 4 44.585794 45.011110
3 8 43.297115 32.388269
3 5 40.562313 18.788294
4 7 47.223747 42.638011
5 7 48.823015 43.139309
5 6 45.795907 8.062258
