10 10 20882 1877 45 6 0 20
13 81 15.854367 19.536822
80 78 1.339433 1.606096
22 73 29.395465 36.668316
85 16 1.040374 1.030603
50 19 32.934203 35.583353
8 50 45.473006 37.899425
73 85 8.382576 7.179295
71 58 25.250510 21.846337
79 14 14.258054 16.267439
79 82 48.315385 47.203954
0 2 4.053609 12.041595
1 9 4.599860 4.123106
1 6 0.590207 9.899495
2 8 4.498391 82.036577
2 7 1.966436 51.244512
3 8 5.044193 6.324555
4 9 6.633793 69.354164
5 8 8.391271 79.605276
6 9 0.274528 6.708204
7 9 2.479088 25.298221
