9 11 20826 515 145 26 0.010000 20
34 60 25.383524 22.571178
68 1 30.653853 30.075328
84 62 27.505983 28.604608
43 75 1.016661 0.857434
39 61 41.166877 46.112384
35 58 54.412667 48.702408
36 66 8.953334 8.969324
66 28 40.894793 35.858033
48 43 41.377307 41.793818
0 5 9.289720 2.236068
0 4 6.177187 5.099020
1 4 8.607173 66.640828
1 2 2.071230 63.063460
2 8 4.323237 40.706265
2 4 6.766802 45.011110
3 8 2.212697 32.388269
3 5 6.762533 18.788294
4 7 8.993057 42.638011
5 7 6.751107 43.139309
5 6 6.271127 8.062258
