10 10 21261 3153 991 997 1.000000 20
13 81 43.784825 38.732070
80 78 0.678078 0.688409
22 73 4.312693 4.622582
85 16 35.601169 40.654208
50 19 13.744980 14.893326
8 50 8.683228 10.156806
73 85 7.698588 8.847957
71 58 23.870021 24.488962
79 14 7.777683 7.298986
79 82 7.787075 7.120967
0 2 46.180398 12.041595
1 9 47.564049 4.123106
1 6 47.936927 9.899495
2 8 46.752356 82.036577
2 7 41.458451 51.244512
3 8 44.464443 6.324555
4 9 43.825742 69.354164
5 8 42.564544 79.605276
6 9 43.441441 6.708204
7 9 43.920422 25.298221
