9 11 22147 342 991 999 1 20
34 60 50.231282 47.810948
68 1 20.866360 22.541044
84 62 30.258436 28.632434
43 75 4.183060 3.700204
39 61 17.051098 17.738938
35 58 9.540314 9.638865
36 66 7.917693 9.305178
66 28 40.306511 37.963539
48 43 44.391755 41.916700
0 5 48.223580 2.236068
0 4 44.443149 5.099020
1 4 48.331418 66.640828
1 2 40.492317 63.063460
2 8 45.946691 40.706265
2 4 45.412832 45.011110
3 8 48.615442 32.388269
3 5 42.410076 18.788294
4 7 47.574559 42.638011
5 7 49.326582 43.139309
5 6 41.070351 8.062258
