9 11 21500 316 992 997 1.000000 20
34 60 35.067324 35.483166
68 1 4.565224 4.136542
84 62 20.446600 19.704859
43 75 41.816436 49.433051
39 61 13.345697 15.861164
35 58 40.672158 44.110258
36 66 33.959279 29.578711
66 28 46.395578 39.102189
48 43 30.148647 27.759141
0 5 47.378774 2.236068
0 4 49.808664 5.099020
1 4 40.583584 66.640828
1 2 44.948718 63.063460
2 8 42.377703 40.706265
2 4 49.842641 45.011110
3 8 40.589441 32.388269
3 5 49.068277 18.788294
4 7 47.087973 42.638011
5 7 46.565853 43.139309
5 6 49.491489 8.062258
