10 10 20340 1221 145 25 0.001000 20
13 81 1.932698 2.058808
80 78 1.546489 1.651429
22 73 8.866256 9.047390
85 16 33.241119 40.258260
50 19 33.267920 39.699511
8 50 25.225617 25.472104
73 85 44.163537 39.719338
71 58 10.463055 10.786592
79 14 8.974229 7.764031
79 82 39.239788 33.027727
0 2 0.966729 12.041595
1 9 4.113804 4.123106
1 6 7.342408 9.899495
2 8 5.325502 82.036577
2 7 8.221454 51.244512
3 8 4.354731 6.324555
4 9 7.293918 69.354164
5 8 1.433037 79.605276
6 9 0.506675 6.708204
7 9 9.536767 25.298221
