9 11 21285 686 90 7 0.000100 20
34 60 0.048459 0.052792
68 1 6.185455 5.524374
84 62 39.382911 39.615474
43 75 25.894674 31.604531
39 61 27.505742 24.379334
35 58 28.429016 31.712496
36 66 2.899516 2.537306
66 28 17.633531 16.904270
48 43 12.942244 11.435672
0 5 21.619444 2.236068
0 4 15.977807 5.099020
1 4 16.120797 66.640828
1 2 19.196294 63.063460
2 8 17.981526 40.706265
2 4 22.721693 45.011110
3 8 23.123795 32.388269
3 5 22.311564 18.788294
4 7 16.688405 42.638011
5 7 22.691871 43.139309
5 6 15.104361 8.062258
