9 11 22882 2302 999 996 1 20
34 60 9.978950 9.304503
68 1 5.168032 4.624069
84 62 19.756911 24.097210
43 75 12.648726 13.277353
39 61 23.281498 25.481103
35 58 13.998274 12.389901
36 66 32.791134 35.032690
66 28 52.199392 49.134276
48 43 4.759736 5.775339
0 5 5.186974 2.236068
0 4 5.152467 5.099020
1 4 9.419433 66.640828
1 2 6.810057 63.063460
2 8 0.958915 40.706265
2 4 4.954439 45.011110
3 8 0.055172 32.388269
3 5 3.172503 18.788294
4 7 7.540343 42.638011
5 7 3.474525 43.139309
5 6 0.375312 8.062258
