9 11 18771 357 144 26 0.010000 20
34 60 10.664724 12.025808
68 1 31.765068 31.952075
84 62 48.994602 47.216725
43 75 49.239785 44.811380
39 61 36.676236 38.041460
35 58 45.253449 43.183001
36 66 22.505639 26.395122
66 28 33.290900 37.702281
48 43 29.393933 29.880949
0 5 0.617464 2.236068
0 4 1.314260 5.099020
1 4 9.888306 66.640828
1 2 1.792031 63.063460
2 8 5.107090 40.706265
2 4 1.596445 45.011110
3 8 1.275187 32.388269
3 5 1.133590 18.788294
4 7 5.231075 42.638011
5 7 8.969445 43.139309
5 6 5.890009 8.062258
