9 11 21547 1701 149 28 0 20
34 60 30.582799 27.262442
68 1 31.293555 28.829454
84 62 17.506311 16.254185
43 75 25.688754 24.269766
39 61 31.057434 36.127152
35 58 25.627210 23.216261
36 66 11.685651 11.927856
66 28 1.717100 1.922831
48 43 14.312727 12.642882
0 5 3.844180 2.236068
0 4 3.189524 5.099020
1 4 9.302286 66.640828
1 2 6.269648 63.063460
2 8 5.423107 40.706265
2 4 3.965829 45.011110
3 8 0.690203 32.388269
3 5 7.441816 18.788294
4 7 2.628485 42.638011
5 7 4.762766 43.139309
5 6 9.265909 8.062258
