10 10 20304 1279 198 49 0.010000 20
13 81 29.948471 32.279055
80 78 10.465564 9.866541
22 73 47.784101 43.378060
85 16 21.761174 24.886813
50 19 19.680593 22.864867
8 50 24.123603 29.550025
73 85 37.014043 41.484189
71 58 8.382017 8.189653
79 14 27.941882 33.996588
79 82 42.876138 44.318462
0 2 38.605871 12.041595
1 9 41.310630 4.123106
1 6 40.122797 9.899495
2 8 44.023364 82.036577
2 7 44.285981 51.244512
3 8 39.251888 6.324555
4 9 40.049985 69.354164
5 8 35.599373 79.605276
6 9 41.708895 6.708204
7 9 37.849404 25.298221
