9 11 21857 634 47 8 0.000100 20
34 60 14.783845 13.019433
68 1 26.728990 23.252420
84 62 44.633995 37.626179
43 75 29.383402 27.763497
39 61 2.629869 2.867028
35 58 24.658239 24.975149
36 66 2.028053 2.194844
66 28 40.843386 37.003766
48 43 38.462446 41.669404
0 5 9.131217 2.236068
0 4 6.575418 5.099020
1 4 9.248772 66.640828
1 2 5.159818 63.063460
2 8 6.816800 40.706265
2 4 7.983413 45.011110
3 8 9.116714 32.388269
3 5 3.519587 18.788294
4 7 8.020275 42.638011
5 7 5.928822 43.139309
5 6 9.900227 8.062258
