10 10 22823 327 995 996 1 20
13 81 9.795752 11.306758
80 78 15.240933 15.938137
22 73 16.908188 15.658455
85 16 15.580647 15.556224
50 19 20.303729 22.656347
8 50 19.758516 22.358573
73 85 44.844763 43.579704
71 58 18.726218 16.152879
79 14 20.466617 25.128306
79 82 38.721735 35.815374
0 2 43.579502 12.041595
1 9 44.203593 4.123106
1 6 41.247778 9.899495
2 8 42.997302 82.036577
2 7 48.849880 51.244512
3 8 45.491343 6.324555
4 9 44.773752 69.354164
5 8 43.651903 79.605276
6 9 43.157953 6.708204
7 9 44.282115 25.298221
