10 10 22588 291 142 27 0 20
13 81 26.301941 32.328914
80 78 34.588778 35.288591
22 73 9.048879 8.264338
85 16 36.339986 34.020740
50 19 22.755473 25.831226
8 50 16.700434 20.079923
73 85 12.699010 15.711464
71 58 19.334814 20.928139
79 14 13.460945 11.347181
79 82 10.890721 9.288426
0 2 0.989184 12.041595
1 9 6.278345 4.123106
1 6 0.604106 9.899495
2 8 2.900841 82.036577
2 7 5.421533 51.244512
3 8 3.222057 6.324555
4 9 3.547525 69.354164
5 8 1.960135 79.605276
6 9 4.280071 6.708204
7 9 8.517731 25.298221
