10 10 19214 550 994 997 1.000000 20
13 81 16.737668 17.996196
80 78 2.603669 2.178838
22 73 38.715923 33.033780
85 16 30.640512 29.713208
50 19 24.270097 24.873972
8 50 7.123836 7.895709
73 85 37.721833 42.291975
71 58 8.984350 8.953534
79 14 32.532905 33.574442
79 82 3.551165 3.176549
0 2 43.451290 12.041595
1 9 43.023676 4.123106
1 6 45.231414 9.899495
2 8 46.685893 82.036577
2 7 41.127053 51.244512
3 8 42.502851 6.324555
4 9 43.613072 69.354164
5 8 47.648478 79.605276
6 9 48.711011 6.708204
7 9 40.039529 25.298221
