10 10 20666 1224 93 9 0 20
13 81 12.458475 14.661406
80 78 37.997631 36.026906
22 73 9.322105 10.622829
85 16 24.535269 23.110943
50 19 3.789221 3.852337
8 50 30.491867 35.554445
73 85 26.620709 30.014279
71 58 30.097673 32.632465
79 14 52.722368 49.638634
79 82 37.899845 33.823548
0 2 17.955578 12.041595
1 9 16.931697 4.123106
1 6 23.475011 9.899495
2 8 21.677777 82.036577
2 7 19.373013 51.244512
3 8 23.934041 6.324555
4 9 19.143234 69.354164
5 8 24.212374 79.605276
6 9 21.486500 6.708204
7 9 19.702521 25.298221
