10 10 1750 1335 197 49 0.010000 20
13 81 21.362510 24.181330
80 78 9.887788 8.586286
22 73 0.217651 0.210317
85 16 14.268997 16.526841
50 19 22.835031 22.309534
8 50 7.869761 7.981810
73 85 5.015887 5.486506
71 58 14.702411 17.659635
79 14 0.721330 0.725345
79 82 47.396019 41.549908
0 2 41.858033 12.041595
1 9 41.944479 4.123106
1 6 44.918050 9.899495
2 8 40.701672 82.036577
2 7 41.117979 51.244512
3 8 43.811217 6.324555
4 9 42.170269 69.354164
5 8 36.051035 79.605276
6 9 44.006070 6.708204
7 9 43.326767 25.298221
