9 11 21261 488 991 998 1 20
34 60 26.057772 30.037056
68 1 36.516896 33.605023
84 62 27.407809 24.395503
43 75 2.611566 2.582668
39 61 39.905714 38.453108
35 58 3.054081 3.387814
36 66 26.145309 30.084824
66 28 24.141168 21.138835
48 43 21.493942 26.370307
0 5 47.179523 2.236068
0 4 40.929932 5.099020
1 4 42.433271 66.640828
1 2 47.213891 63.063460
2 8 48.738195 40.706265
2 4 40.710245 45.011110
3 8 40.425393 32.388269
3 5 47.519374 18.788294
4 7 44.602535 42.638011
5 7 41.051053 43.139309
5 6 45.590026 8.062258
