9 11 23090 456 96 5 0 20
34 60 2.931772 3.353757
68 1 21.314250 26.549552
84 62 4.186987 4.836427
43 75 22.887029 23.592576
39 61 20.170552 22.018493
35 58 13.521030 12.434592
36 66 35.697804 33.212930
66 28 8.999010 9.601041
48 43 37.042611 33.937421
0 5 16.930863 2.236068
0 4 22.959961 5.099020
1 4 19.441298 66.640828
1 2 23.878715 63.063460
2 8 19.647901 40.706265
2 4 15.114737 45.011110
3 8 18.681376 32.388269
3 5 22.606443 18.788294
4 7 24.798219 42.638011
5 7 17.618923 43.139309
5 6 16.453653 8.062258
