9 11 22842 1062 996 999 1.000000 20
34 60 2.639793 2.964077
68 1 43.832301 41.567869
84 62 38.035372 40.425485
43 75 45.659565 49.409542
39 61 8.858037 7.472231
35 58 34.143118 34.410687
36 66 35.882533 30.525743
66 28 16.878609 15.287026
48 43 36.322326 35.467786
0 5 6.595591 2.236068
0 4 0.154775 5.099020
1 4 5.140021 66.640828
1 2 6.723780 63.063460
2 8 1.761987 40.706265
2 4 4.297168 45.011110
3 8 9.186564 32.388269
3 5 9.316225 18.788294
4 7 2.361891 42.638011
5 7 4.748122 43.139309
5 6 8.993017 8.062258
