9 11 23723 1947 990 995 1.000000 20
34 60 42.124267 42.734737
68 1 29.354734 24.575995
84 62 13.175553 11.473312
43 75 0.348594 0.355884
39 61 37.897180 34.886917
35 58 39.767851 37.680956
36 66 52.370291 45.719916
66 28 33.586598 36.672794
48 43 11.270328 13.114232
0 5 1.794037 2.236068
0 4 4.831164 5.099020
1 4 1.943477 66.640828
1 2 7.826450 63.063460
2 8 5.039683 40.706265
2 4 9.234625 45.011110
3 8 4.979705 32.388269
3 5 1.999050 18.788294
4 7 3.243553 42.638011
5 7 9.644622 43.139309
5 6 1.490706 8.062258
