9 11 24384 427 40 5 0 20
34 60 6.364388 5.754507
68 1 25.435260 23.721892
84 62 4.452021 5.318510
43 75 0.757941 0.742331
39 61 25.156857 21.062165
35 58 57.486936 48.053397
36 66 6.886408 8.599471
66 28 20.829297 18.556974
48 43 36.610066 41.841559
0 5 2.353130 2.236068
0 4 8.058016 5.099020
1 4 6.114664 66.640828
1 2 8.544161 63.063460
2 8 8.017986 40.706265
2 4 1.366771 45.011110
3 8 0.911716 32.388269
3 5 5.253730 18.788294
4 7 6.064045 42.638011
5 7 8.960793 43.139309
5 6 3.262601 8.062258
