10 10 21282 941 997 996 1.000000 20
13 81 38.092547 38.092723
80 78 5.530226 5.135177
22 73 15.706367 18.660522
85 16 47.707134 42.397438
50 19 42.315539 48.943696
8 50 9.939456 11.993462
73 85 19.970518 17.883803
71 58 36.633287 44.711364
79 14 27.773856 30.261577
79 82 10.150388 12.268371
0 2 7.290744 12.041595
1 9 9.870314 4.123106
1 6 2.580709 9.899495
2 8 0.366263 82.036577
2 7 9.087664 51.244512
3 8 3.690768 6.324555
4 9 3.900241 69.354164
5 8 4.756216 79.605276
6 9 5.936437 6.708204
7 9 0.864225 25.298221
