10 10 21128 556 149 28 0.010000 20
13 81 35.105285 36.781794
80 78 30.662063 34.323901
22 73 13.046522 14.564285
85 16 0.276030 0.294381
50 19 36.471399 39.660979
8 50 1.448513 1.496372
73 85 17.198408 19.625832
71 58 7.273089 8.514966
79 14 36.534044 37.723946
79 82 26.283907 30.073095
0 2 9.736162 12.041595
1 9 6.652172 4.123106
1 6 8.003414 9.899495
2 8 9.694613 82.036577
2 7 3.917797 51.244512
3 8 4.019869 6.324555
4 9 0.203102 69.354164
5 8 2.518990 79.605276
6 9 0.580056 6.708204
7 9 4.441562 25.298221
