9 11 2857 1001 41 6 0 20
34 60 14.151276 12.975031
68 1 15.354588 12.861939
84 62 15.683987 19.156353
43 75 16.736868 20.561788
39 61 35.745516 38.297651
35 58 35.022382 33.894882
36 66 23.244589 28.488941
66 28 23.449991 26.578734
48 43 41.071853 34.612495
0 5 7.617445 2.236068
0 4 4.441096 5.099020
1 4 0.887427 66.640828
1 2 5.829608 63.063460
2 8 6.184456 40.706265
2 4 4.973281 45.011110
3 8 4.734906 32.388269
3 5 5.765511 18.788294
4 7 9.419059 42.638011
5 7 4.173018 43.139309
5 6 4.197575 8.062258
