9 11 24692 955 995 995 1 20
34 60 27.698827 26.262712
68 1 15.008069 13.502677
84 62 11.035381 12.898232
43 75 15.088101 16.497780
39 61 29.026863 35.801497
35 58 19.123253 17.449718
36 66 8.134585 9.511804
66 28 28.947485 28.252580
48 43 33.575651 33.071362
0 5 46.339451 2.236068
0 4 48.024662 5.099020
1 4 41.395892 66.640828
1 2 45.126370 63.063460
2 8 42.723297 40.706265
2 4 43.142901 45.011110
3 8 49.043878 32.388269
3 5 48.125887 18.788294
4 7 48.157303 42.638011
5 7 42.548289 43.139309
5 6 45.897393 8.062258
