9 11 25075 275 195 47 0 20
34 60 33.858856 41.388393
68 1 35.292744 32.016225
84 62 24.069987 26.475290
43 75 33.857833 35.707637
39 61 25.576072 26.738679
35 58 35.050074 31.449955
36 66 18.528814 21.957040
66 28 30.711530 37.998240
48 43 27.870720 32.695280
0 5 41.521851 2.236068
0 4 40.437170 5.099020
1 4 42.121728 66.640828
1 2 35.486326 63.063460
2 8 41.441131 40.706265
2 4 43.177382 45.011110
3 8 42.349033 32.388269
3 5 36.767353 18.788294
4 7 39.675830 42.638011
5 7 38.172681 43.139309
5 6 35.271228 8.062258
