10 10 2595 1808 98 6 0.000100 20
13 81 17.874325 19.190457
80 78 45.663985 41.307610
22 73 45.879922 45.792918
85 16 42.142770 46.794571
50 19 7.671186 8.796554
8 50 30.206252 30.502108
73 85 53.323460 45.347651
71 58 8.965509 8.927087
79 14 1.376785 1.491505
79 82 12.534833 13.152426
0 2 21.247442 12.041595
1 9 24.093478 4.123106
1 6 15.890431 9.899495
2 8 17.921697 82.036577
2 7 17.607906 51.244512
3 8 16.561435 6.324555
4 9 17.273771 69.354164
5 8 24.503499 79.605276
6 9 17.375061 6.708204
7 9 15.440953 25.298221
