9 11 22763 1033 91 9 0.001000 20
34 60 13.270092 12.250634
68 1 24.088968 23.250393
84 62 37.080368 31.403836
43 75 11.598493 11.811021
39 61 36.959470 42.581173
35 58 28.804629 27.261940
36 66 10.580271 9.925242
66 28 31.993772 29.741336
48 43 28.611756 32.172252
0 5 15.112911 2.236068
0 4 22.542797 5.099020
1 4 22.980482 66.640828
1 2 21.668769 63.063460
2 8 21.988443 40.706265
2 4 20.456388 45.011110
3 8 24.463876 32.388269
3 5 22.778377 18.788294
4 7 24.932785 42.638011
5 7 21.795625 43.139309
5 6 15.185724 8.062258
