10 10 2685 1541 90 9 0 20
13 81 23.519022 24.022248
80 78 56.715514 48.109815
22 73 20.042155 22.918726
85 16 16.058680 13.927128
50 19 20.012483 20.802398
8 50 25.589425 21.571800
73 85 5.262925 5.319553
71 58 1.766595 1.538770
79 14 27.640319 25.355733
79 82 37.789062 33.804216
0 2 18.128229 12.041595
1 9 20.775499 4.123106
1 6 21.405986 9.899495
2 8 20.505186 82.036577
2 7 22.844832 51.244512
3 8 16.234239 6.324555
4 9 21.681113 69.354164
5 8 18.413535 79.605276
6 9 15.721290 6.708204
7 9 23.207406 25.298221
