9 11 23378 652 192 47 0.010000 20
34 60 40.435877 38.547385
68 1 0.312368 0.295462
84 62 14.083461 17.215781
43 75 27.141273 27.607652
39 61 0.019744 0.019364
35 58 37.832848 36.475046
36 66 51.451157 48.855885
66 28 26.708766 24.125534
48 43 33.363673 38.749123
0 5 37.150865 2.236068
0 4 43.230132 5.099020
1 4 35.773335 66.640828
1 2 36.825438 63.063460
2 8 37.457729 40.706265
2 4 37.574780 45.011110
3 8 42.678494 32.388269
3 5 38.817114 18.788294
4 7 43.911281 42.638011
5 7 38.631675 43.139309
5 6 44.072416 8.062258
