9 11 24386 337 997 996 1.000000 20
34 60 19.597489 21.559946
68 1 32.720903 39.016223
84 62 39.972865 48.709344
43 75 31.083591 36.838432
39 61 35.972204 36.955691
35 58 23.163352 20.881017
36 66 48.264243 42.353121
66 28 7.538047 6.339927
48 43 42.454988 38.079244
0 5 46.301471 2.236068
0 4 42.249653 5.099020
1 4 46.971992 66.640828
1 2 41.699656 63.063460
2 8 44.413533 40.706265
2 4 43.120539 45.011110
3 8 48.427117 32.388269
3 5 45.261491 18.788294
4 7 47.251236 42.638011
5 7 44.877999 43.139309
5 6 47.357969 8.062258
