10 10 24256 611 998 999 1 20
13 81 20.743264 20.984752
80 78 13.668134 13.998537
22 73 27.633420 26.098611
85 16 28.166663 23.673252
50 19 38.852671 33.399692
8 50 45.554570 47.595139
73 85 28.854473 35.584928
71 58 43.482410 38.589745
79 14 18.330376 18.528660
79 82 7.739286 9.539685
0 2 44.405947 12.041595
1 9 45.771497 4.123106
1 6 48.814333 9.899495
2 8 43.730267 82.036577
2 7 45.367926 51.244512
3 8 47.491529 6.324555
4 9 48.086752 69.354164
5 8 47.239727 79.605276
6 9 41.182680 6.708204
7 9 47.712729 25.298221
