10 10 23978 4650 993 996 1.000000 20
13 81 11.468570 10.151766
80 78 12.246987 12.455319
22 73 38.410639 45.291786
85 16 16.905564 16.066247
50 19 34.609203 34.675189
8 50 21.138721 22.934415
73 85 36.354346 30.887322
71 58 41.941792 38.640057
79 14 30.266123 29.357313
79 82 48.628989 47.393466
0 2 0.439263 12.041595
1 9 4.220571 4.123106
1 6 9.557440 9.899495
2 8 7.976964 82.036577
2 7 3.626468 51.244512
3 8 1.645146 6.324555
4 9 4.663216 69.354164
5 8 8.440659 79.605276
6 9 7.532490 6.708204
7 9 3.102550 25.298221
