10 10 24931 911 198 49 0.001000 20
13 81 14.692419 17.379233
80 78 16.632557 19.826975
22 73 28.441742 25.979452
85 16 44.993972 42.607536
50 19 32.259633 28.153576
8 50 41.788020 46.761909
73 85 17.406167 21.433992
71 58 9.695271 8.332654
79 14 40.367298 39.712854
79 82 40.348023 42.473728
0 2 37.346819 12.041595
1 9 39.486197 4.123106
1 6 36.807620 9.899495
2 8 36.245962 82.036577
2 7 37.731274 51.244512
3 8 44.279037 6.324555
4 9 38.122577 69.354164
5 8 41.179084 79.605276
6 9 38.890663 6.708204
7 9 36.251996 25.298221
