9 11 24333 1272 40 6 0 20
34 60 33.607538 41.193189
68 1 18.369669 18.800191
84 62 19.717905 24.101664
43 75 7.538609 9.382560
39 61 27.049216 22.785973
35 58 43.252462 49.868893
36 66 26.502884 22.757307
66 28 3.475594 3.834328
48 43 20.363975 23.702560
0 5 9.318225 2.236068
0 4 5.952758 5.099020
1 4 9.691600 66.640828
1 2 4.330992 63.063460
2 8 2.301175 40.706265
2 4 2.378121 45.011110
3 8 1.252110 32.388269
3 5 8.119731 18.788294
4 7 6.546449 42.638011
5 7 7.449316 43.139309
5 6 0.245219 8.062258
