10 10 24113 342 98 8 0.000100 20
13 81 49.635119 47.355616
80 78 6.045101 6.169910
22 73 37.998980 35.208487
85 16 2.002826 1.978710
50 19 41.333118 40.320533
8 50 49.836782 44.226993
73 85 42.446770 45.738287
71 58 26.007296 26.403473
79 14 5.053457 4.480816
79 82 51.682733 48.211003
0 2 17.248559 12.041595
1 9 22.486175 4.123106
1 6 22.654721 9.899495
2 8 22.293571 82.036577
2 7 23.771876 51.244512
3 8 20.700336 6.324555
4 9 15.657947 69.354164
5 8 20.861968 79.605276
6 9 22.653190 6.708204
7 9 23.901895 25.298221
