9 11 23424 544 194 47 0 20
34 60 37.473550 43.475886
68 1 32.491485 30.602706
84 62 15.925464 18.577815
43 75 25.641380 28.050680
39 61 21.771695 26.134045
35 58 44.814767 47.196882
36 66 35.612947 31.769661
66 28 7.863106 7.186348
48 43 43.232037 41.841126
0 5 40.567779 2.236068
0 4 44.731844 5.099020
1 4 43.623149 66.640828
1 2 36.457597 63.063460
2 8 39.435349 40.706265
2 4 38.640553 45.011110
3 8 42.704087 32.388269
3 5 43.619265 18.788294
4 7 40.337675 42.638011
5 7 38.939259 43.139309
5 6 37.313673 8.062258
