10 10 2828 250 40 9 0 20
13 81 23.189606 23.756969
80 78 32.974030 35.055760
22 73 3.703246 4.398551
85 16 11.037044 10.060756
50 19 50.275737 43.500275
8 50 3.984058 3.370294
73 85 25.457962 22.072742
71 58 40.445071 41.568792
79 14 45.220414 38.452754
79 82 20.181808 21.138297
0 2 8.904678 12.041595
1 9 9.495453 4.123106
1 6 0.434249 9.899495
2 8 8.337273 82.036577
2 7 2.946690 51.244512
3 8 6.010630 6.324555
4 9 8.229820 69.354164
5 8 1.012137 79.605276
6 9 1.345515 6.708204
7 9 7.827505 25.298221
