10 10 23468 849 42 7 0.000100 20
13 81 34.785812 42.360364
80 78 19.190302 18.579657
22 73 27.774403 34.587007
85 16 23.119424 23.533174
50 19 9.217203 8.467140
8 50 20.787716 19.587675
73 85 29.043967 28.013296
71 58 28.164571 30.219324
79 14 19.091347 18.055191
79 82 47.310962 47.487576
0 2 9.221607 12.041595
1 9 0.830802 4.123106
1 6 3.684352 9.899495
2 8 2.191606 82.036577
2 7 3.595727 51.244512
3 8 2.931460 6.324555
4 9 8.112774 69.354164
5 8 0.786139 79.605276
6 9 6.583059 6.708204
7 9 1.340021 25.298221
