10 10 21179 683 41 8 0.001000 20
13 81 34.014738 40.175490
80 78 29.238515 26.209160
22 73 40.830355 40.388012
85 16 37.610171 40.220284
50 19 24.704374 30.837274
8 50 36.501186 40.522304
73 85 42.358876 40.863026
71 58 20.450402 18.632069
79 14 9.707967 10.478384
79 82 41.077795 37.014410
0 2 5.964284 12.041595
1 9 6.763476 4.123106
1 6 3.669507 9.899495
2 8 4.729845 82.036577
2 7 7.322428 51.244512
3 8 0.875919 6.324555
4 9 8.252762 69.354164
5 8 6.516063 79.605276
6 9 2.598787 6.708204
7 9 1.828881 25.298221
