9 11 2657 716 991 997 1 20
34 60 23.219662 26.437758
68 1 14.371023 17.730050
84 62 55.161370 46.684480
43 75 14.739545 12.783587
39 61 36.998721 32.450304
35 58 28.264316 34.975478
36 66 17.882988 18.361247
66 28 10.183104 10.005180
48 43 6.936568 6.308615
0 5 49.865611 2.236068
0 4 49.429024 5.099020
1 4 47.203276 66.640828
1 2 45.828320 63.063460
2 8 40.608177 40.706265
2 4 44.018195 45.011110
3 8 46.096453 32.388269
3 5 44.924318 18.788294
4 7 41.453739 42.638011
5 7 41.589094 43.139309
5 6 44.250667 8.062258
