9 11 22684 1880 997 995 1.000000 20
34 60 22.511216 20.556342
68 1 17.793080 17.219435
84 62 26.192378 30.625123
43 75 23.584547 23.685644
39 61 11.039241 9.605429
35 58 35.252092 30.499349
36 66 35.340305 36.875930
66 28 16.567365 20.495056
48 43 23.302749 19.624588
0 5 48.262878 2.236068
0 4 41.171213 5.099020
1 4 42.913170 66.640828
1 2 43.961715 63.063460
2 8 41.770227 40.706265
2 4 48.343386 45.011110
3 8 41.637718 32.388269
3 5 40.622613 18.788294
4 7 48.200519 42.638011
5 7 49.507685 43.139309
5 6 47.805163 8.062258
