9 11 1964 3598 994 996 1.000000 20
34 60 34.494879 38.268137
68 1 35.523540 37.830222
84 62 41.753535 35.921004
43 75 50.620857 43.629919
39 61 18.875064 21.380569
35 58 38.146534 43.156824
36 66 44.924976 43.416533
66 28 27.546045 27.626559
48 43 16.701895 19.397264
0 5 45.448969 2.236068
0 4 43.291003 5.099020
1 4 43.267947 66.640828
1 2 48.354097 63.063460
2 8 44.659646 40.706265
2 4 47.073231 45.011110
3 8 41.364161 32.388269
3 5 47.664898 18.788294
4 7 41.693614 42.638011
5 7 49.006280 43.139309
5 6 45.193069 8.062258
