10 10 23135 419 995 995 1.000000 20
13 81 37.124607 42.056876
80 78 38.478099 41.837083
22 73 11.831637 10.667348
85 16 39.565756 44.933264
50 19 29.017263 30.223203
8 50 44.322648 37.427280
73 85 6.292810 6.058329
71 58 6.649672 7.044221
79 14 47.822493 46.214633
79 82 52.401047 44.665976
0 2 2.633307 12.041595
1 9 6.858048 4.123106
1 6 9.762710 9.899495
2 8 9.458125 82.036577
2 7 0.456033 51.244512
3 8 2.430790 6.324555
4 9 0.953159 69.354164
5 8 0.656206 79.605276
6 9 1.701562 6.708204
7 9 0.054985 25.298221
