9 11 25100 2468 991 995 1 20
34 60 11.913813 10.556880
68 1 26.805851 24.101866
84 62 43.221824 46.613496
43 75 16.406141 14.890517
39 61 54.735737 46.228772
35 58 16.724239 16.920636
36 66 27.078334 22.572889
66 28 23.477799 23.998088
48 43 31.105796 26.743439
0 5 46.688706 2.236068
0 4 43.525316 5.099020
1 4 49.588715 66.640828
1 2 48.880919 63.063460
2 8 48.295269 40.706265
2 4 40.950984 45.011110
3 8 48.744826 32.388269
3 5 48.043275 18.788294
4 7 45.998126 42.638011
5 7 40.225509 43.139309
5 6 43.842062 8.062258
