9 11 24159 1008 990 998 1.000000 20
34 60 20.195694 19.898081
68 1 18.375528 19.249666
84 62 40.033016 36.837941
43 75 0.889167 1.108837
39 61 24.090204 29.127469
35 58 50.173629 43.509088
36 66 24.809339 27.119573
66 28 26.839044 27.198167
48 43 10.969074 11.201995
0 5 9.322285 2.236068
0 4 7.776541 5.099020
1 4 9.229994 66.640828
1 2 2.888099 63.063460
2 8 1.750344 40.706265
2 4 1.202799 45.011110
3 8 7.214959 32.388269
3 5 0.294888 18.788294
4 7 3.185989 42.638011
5 7 4.487968 43.139309
5 6 4.776771 8.062258
