9 11 24727 444 995 997 1.000000 20
34 60 4.767743 4.308027
68 1 18.779090 20.120102
84 62 47.300710 40.236910
43 75 42.198724 42.569174
39 61 3.074135 3.275301
35 58 5.518622 6.379370
36 66 39.855971 40.658499
66 28 13.198973 11.233204
48 43 46.367104 44.758538
0 5 0.844603 2.236068
0 4 7.846633 5.099020
1 4 3.164816 66.640828
1 2 7.932783 63.063460
2 8 6.256614 40.706265
2 4 1.724758 45.011110
3 8 1.403880 32.388269
3 5 3.463271 18.788294
4 7 2.996890 42.638011
5 7 4.543459 43.139309
5 6 4.244583 8.062258
