9 11 24871 831 997 997 1 20
34 60 33.513841 33.310514
68 1 28.493321 27.307559
84 62 42.088829 41.081382
43 75 21.346149 19.790087
39 61 45.719679 39.327798
35 58 38.299132 32.409273
36 66 1.343276 1.332347
66 28 3.796513 4.089942
48 43 3.096649 2.681833
0 5 49.427145 2.236068
0 4 46.194139 5.099020
1 4 40.065657 66.640828
1 2 45.486174 63.063460
2 8 47.194854 40.706265
2 4 47.975309 45.011110
3 8 41.886087 32.388269
3 5 47.671448 18.788294
4 7 43.418863 42.638011
5 7 46.257686 43.139309
5 6 47.332017 8.062258
