10 10 25078 911 991 999 1.000000 20
13 81 48.003564 44.177363
80 78 34.060521 34.959905
22 73 24.049171 23.422502
85 16 25.447094 22.971666
50 19 57.739203 49.164561
8 50 45.950318 43.796765
73 85 13.462629 14.717206
71 58 14.074233 16.157373
79 14 18.153050 17.445163
79 82 9.022730 10.367174
0 2 44.241190 12.041595
1 9 44.497518 4.123106
1 6 46.816908 9.899495
2 8 42.193610 82.036577
2 7 47.918617 51.244512
3 8 40.937629 6.324555
4 9 48.570739 69.354164
5 8 42.863872 79.605276
6 9 40.658043 6.708204
7 9 48.207599 25.298221
