9 11 23270 524 196 48 0.010000 20
34 60 19.922926 23.595907
68 1 44.561850 37.466322
84 62 0.640064 0.603760
43 75 35.678848 34.690032
39 61 17.334499 19.760651
35 58 34.049787 28.444293
36 66 44.511516 44.655887
66 28 47.296412 47.027750
48 43 11.547232 13.362324
0 5 44.550352 2.236068
0 4 36.132632 5.099020
1 4 36.383494 66.640828
1 2 38.140156 63.063460
2 8 41.672423 40.706265
2 4 44.930663 45.011110
3 8 42.475411 32.388269
3 5 36.985366 18.788294
4 7 38.793254 42.638011
5 7 35.989595 43.139309
5 6 38.046007 8.062258
