9 11 2045 2683 998 999 1.000000 20
34 60 26.122396 32.542898
68 1 16.915032 18.845967
84 62 15.215500 16.272956
43 75 24.281430 22.837929
39 61 27.521987 27.600693
35 58 25.565461 31.946329
36 66 14.098737 12.190411
66 28 7.715944 8.590686
48 43 12.346199 11.296699
0 5 41.018249 2.236068
0 4 46.043696 5.099020
1 4 43.696470 66.640828
1 2 42.900316 63.063460
2 8 40.796953 40.706265
2 4 44.877820 45.011110
3 8 48.022922 32.388269
3 5 49.998604 18.788294
4 7 41.941626 42.638011
5 7 41.126596 43.139309
5 6 49.857872 8.062258
