10 10 24538 1160 996 997 1 20
13 81 19.190671 22.241775
80 78 40.866441 38.054421
22 73 11.567459 10.036785
85 16 26.218889 31.810828
50 19 15.453001 18.065454
8 50 19.876741 19.785303
73 85 42.595875 47.886282
71 58 2.094865 2.454916
79 14 50.509389 49.075443
79 82 47.560545 49.293740
0 2 48.780435 12.041595
1 9 49.896447 4.123106
1 6 42.771981 9.899495
2 8 45.750299 82.036577
2 7 40.983935 51.244512
3 8 45.491936 6.324555
4 9 41.623383 69.354164
5 8 42.787404 79.605276
6 9 41.271551 6.708204
7 9 49.100376 25.298221
