9 11 23893 2194 142 25 0.001000 20
34 60 3.255132 3.358038
68 1 12.887481 15.648423
84 62 7.328872 6.676603
43 75 28.568255 28.939256
39 61 6.867166 7.569334
35 58 33.284169 35.031710
36 66 26.527436 24.711106
66 28 16.513897 17.705241
48 43 12.903613 14.723294
0 5 7.476932 2.236068
0 4 8.180783 5.099020
1 4 4.208021 66.640828
1 2 3.813161 63.063460
2 8 9.149543 40.706265
2 4 0.851324 45.011110
3 8 4.522330 32.388269
3 5 2.607877 18.788294
4 7 1.237656 42.638011
5 7 9.517855 43.139309
5 6 1.167020 8.062258
