10 10 23638 505 95 5 0.000100 20
13 81 35.714027 39.270500
80 78 13.544808 13.613856
22 73 19.666441 17.516593
85 16 5.050666 4.318727
50 19 26.944523 30.756791
8 50 16.743156 14.611241
73 85 7.689779 6.813045
71 58 29.051115 32.979346
79 14 43.853398 42.652459
79 82 56.519964 49.095960
0 2 17.126640 12.041595
1 9 16.373626 4.123106
1 6 22.511963 9.899495
2 8 18.377629 82.036577
2 7 23.518099 51.244512
3 8 24.859310 6.324555
4 9 16.574142 69.354164
5 8 21.522303 79.605276
6 9 22.505338 6.708204
7 9 16.822518 25.298221
