10 10 22815 632 190 49 0.010000 20
13 81 5.842619 6.253421
80 78 38.333568 35.817066
22 73 9.527910 8.278774
85 16 39.081516 36.000500
50 19 19.110506 17.859544
8 50 37.954168 46.776680
73 85 19.664260 17.174860
71 58 9.729680 11.813035
79 14 22.846266 19.959900
79 82 22.266499 24.858295
0 2 35.085763 12.041595
1 9 39.251257 4.123106
1 6 35.459399 9.899495
2 8 43.807161 82.036577
2 7 41.049412 51.244512
3 8 41.134134 6.324555
4 9 43.623182 69.354164
5 8 42.584886 79.605276
6 9 40.676362 6.708204
7 9 44.134919 25.298221
