10 10 1857 262 997 999 1.000000 20
13 81 44.119743 41.144853
80 78 43.609176 44.956027
22 73 40.733674 47.293859
85 16 6.993472 7.137513
50 19 30.645594 37.740859
8 50 26.298346 23.002638
73 85 9.331080 9.210119
71 58 26.546190 32.424295
79 14 8.138585 6.889716
79 82 22.489790 23.093380
0 2 4.103326 12.041595
1 9 7.545576 4.123106
1 6 7.040450 9.899495
2 8 4.718895 82.036577
2 7 3.001196 51.244512
3 8 2.406751 6.324555
4 9 4.454222 69.354164
5 8 6.080522 79.605276
6 9 5.159094 6.708204
7 9 9.678529 25.298221
