10 10 24743 553 992 995 1 20
13 81 17.284772 16.506161
80 78 35.804438 36.211175
22 73 38.398425 35.431066
85 16 9.097967 10.399381
50 19 6.470350 6.371857
8 50 50.651311 43.737890
73 85 19.550606 22.612151
71 58 30.755944 32.176314
79 14 38.459617 34.729873
79 82 10.730016 10.964327
0 2 45.324194 12.041595
1 9 41.955609 4.123106
1 6 42.994118 9.899495
2 8 45.318833 82.036577
2 7 43.417428 51.244512
3 8 44.702479 6.324555
4 9 41.409774 69.354164
5 8 41.935567 79.605276
6 9 44.828607 6.708204
7 9 48.895713 25.298221
