9 11 25125 1934 994 999 1 20
34 60 30.491507 34.298769
68 1 21.907349 26.940316
84 62 15.128392 16.167667
43 75 5.926651 5.242732
39 61 14.932999 16.998794
35 58 47.919500 42.519386
36 66 41.179064 39.555497
66 28 32.516576 37.259581
48 43 19.825790 16.949723
0 5 4.210901 2.236068
0 4 1.741006 5.099020
1 4 0.171321 66.640828
1 2 8.317812 63.063460
2 8 0.961902 40.706265
2 4 6.467220 45.011110
3 8 9.796582 32.388269
3 5 3.492565 18.788294
4 7 4.417814 42.638011
5 7 5.140476 43.139309
5 6 1.097538 8.062258
