10 10 23425 530 148 25 0.001000 20
13 81 3.569892 3.897549
80 78 45.592697 38.191923
22 73 8.804743 7.548048
85 16 29.593406 32.599827
50 19 1.708888 2.081270
8 50 50.954793 45.524294
73 85 8.526440 8.818457
71 58 41.111160 45.052271
79 14 10.669959 12.095162
79 82 1.844434 1.957057
0 2 7.768322 12.041595
1 9 3.637247 4.123106
1 6 5.568774 9.899495
2 8 1.526483 82.036577
2 7 9.617270 51.244512
3 8 1.276445 6.324555
4 9 9.490268 69.354164
5 8 4.682723 79.605276
6 9 4.482222 6.708204
7 9 5.323614 25.298221
