10 10 23829 1506 994 997 1.000000 20
13 81 10.362628 9.226647
80 78 12.925538 10.921512
22 73 42.113650 38.711618
85 16 25.959193 30.406213
50 19 24.819038 28.627262
8 50 56.400522 48.467929
73 85 34.955841 39.142034
71 58 36.091303 34.122005
79 14 28.294258 33.323085
79 82 8.745650 9.545700
0 2 41.567678 12.041595
1 9 42.221957 4.123106
1 6 47.035409 9.899495
2 8 44.369383 82.036577
2 7 41.596200 51.244512
3 8 44.822448 6.324555
4 9 45.370994 69.354164
5 8 45.957534 79.605276
6 9 41.318711 6.708204
7 9 49.447759 25.298221
