9 11 24068 548 197 48 0.001000 20
34 60 11.521550 13.668507
68 1 4.462918 3.973209
84 62 37.716703 32.328471
43 75 39.914999 39.825308
39 61 12.370467 15.264481
35 58 17.765724 20.749981
36 66 11.145297 13.295030
66 28 54.193863 47.642076
48 43 38.705641 45.424553
0 5 35.677346 2.236068
0 4 38.250504 5.099020
1 4 37.702252 66.640828
1 2 43.911030 63.063460
2 8 44.609704 40.706265
2 4 40.245130 45.011110
3 8 35.705767 32.388269
3 5 37.952282 18.788294
4 7 43.258845 42.638011
5 7 40.525482 43.139309
5 6 42.867023 8.062258
