10 10 21256 835 197 48 0.010000 20
13 81 15.318035 19.035848
80 78 8.449648 8.942167
22 73 21.465340 20.952623
85 16 27.465190 31.977365
50 19 40.641844 43.359920
8 50 54.225546 49.689909
73 85 10.237447 10.893611
71 58 35.959857 31.223350
79 14 2.106186 2.219172
79 82 35.281594 36.819695
0 2 44.906546 12.041595
1 9 36.905382 4.123106
1 6 42.554594 9.899495
2 8 44.154195 82.036577
2 7 39.419844 51.244512
3 8 44.706283 6.324555
4 9 35.506661 69.354164
5 8 38.379838 79.605276
6 9 38.288275 6.708204
7 9 42.069426 25.298221
