9 11 24000 572 991 996 1.000000 20
34 60 49.849390 49.404585
68 1 11.789100 9.956672
84 62 33.209704 30.307397
43 75 0.086800 0.087279
39 61 12.035642 12.850265
35 58 14.854961 13.971840
36 66 46.314980 39.620108
66 28 7.172236 6.442531
48 43 19.059490 20.589603
0 5 5.246031 2.236068
0 4 2.460958 5.099020
1 4 8.762117 66.640828
1 2 1.808136 63.063460
2 8 8.677090 40.706265
2 4 3.745276 45.011110
3 8 3.553224 32.388269
3 5 2.838210 18.788294
4 7 2.439698 42.638011
5 7 5.108404 43.139309
5 6 7.566770 8.062258
