9 11 25175 311 142 29 0 20
34 60 6.041318 5.804436
68 1 38.906398 43.367810
84 62 1.746750 1.709813
43 75 10.454804 10.023877
39 61 18.355990 17.521778
35 58 8.308242 9.802956
36 66 17.712847 17.152857
66 28 40.032605 34.359941
48 43 40.595079 39.229126
0 5 9.338127 2.236068
0 4 9.376222 5.099020
1 4 5.257614 66.640828
1 2 8.561499 63.063460
2 8 6.508026 40.706265
2 4 0.340783 45.011110
3 8 8.919967 32.388269
3 5 9.793501 18.788294
4 7 6.923830 42.638011
5 7 8.062245 43.139309
5 6 1.760144 8.062258
