9 11 25425 366 96 6 0 20
34 60 32.171058 32.611700
68 1 7.568902 7.145112
84 62 33.195572 32.170793
43 75 38.514180 37.790003
39 61 36.280800 34.634931
35 58 16.640105 15.575091
36 66 6.486412 7.982867
66 28 3.527382 3.757786
48 43 30.243516 31.707863
0 5 19.864179 2.236068
0 4 21.567114 5.099020
1 4 17.794912 66.640828
1 2 21.697893 63.063460
2 8 20.909419 40.706265
2 4 18.257625 45.011110
3 8 20.472332 32.388269
3 5 15.898736 18.788294
4 7 20.153048 42.638011
5 7 15.595136 43.139309
5 6 16.449004 8.062258
