9 11 24974 1341 998 998 1 20
34 60 8.807335 9.632609
68 1 0.051852 0.054186
84 62 39.578854 35.666742
43 75 29.394663 30.643606
39 61 11.421786 10.076925
35 58 29.412466 28.306082
36 66 32.555432 32.478984
66 28 45.991023 48.681506
48 43 13.008865 14.495300
0 5 2.183910 2.236068
0 4 6.852279 5.099020
1 4 1.288974 66.640828
1 2 2.370426 63.063460
2 8 9.914246 40.706265
2 4 6.236053 45.011110
3 8 9.655680 32.388269
3 5 5.629347 18.788294
4 7 1.403696 42.638011
5 7 1.698753 43.139309
5 6 0.709897 8.062258
