10 10 24704 1226 999 998 1.000000 20
13 81 6.348006 6.775048
80 78 46.387681 43.454439
22 73 20.891549 25.240746
85 16 52.065274 49.993685
50 19 37.916411 39.081439
8 50 23.464541 24.071215
73 85 13.422432 16.655070
71 58 57.409908 48.809647
79 14 7.526947 7.454284
79 82 46.382270 41.753760
0 2 7.951356 12.041595
1 9 4.824748 4.123106
1 6 6.483616 9.899495
2 8 1.342911 82.036577
2 7 3.260630 51.244512
3 8 7.062874 6.324555
4 9 1.823516 69.354164
5 8 7.921960 79.605276
6 9 9.230403 6.708204
7 9 1.991836 25.298221
