10 10 24717 835 41 9 0 20
13 81 49.083092 44.131412
80 78 29.388321 26.289670
22 73 31.637129 29.415453
85 16 41.981660 47.366749
50 19 2.498918 2.379980
8 50 18.462863 19.051284
73 85 16.376086 16.213488
71 58 25.798513 21.825596
79 14 28.955379 27.382653
79 82 17.771449 17.631145
0 2 2.295458 12.041595
1 9 8.590082 4.123106
1 6 9.680768 9.899495
2 8 1.241886 82.036577
2 7 2.409058 51.244512
3 8 6.703836 6.324555
4 9 0.519603 69.354164
5 8 0.623085 79.605276
6 9 8.382166 6.708204
7 9 2.785488 25.298221
