9 11 24045 254 991 997 1.000000 20
34 60 17.328785 21.354731
68 1 25.092637 28.883424
84 62 4.709249 4.656378
43 75 14.516953 12.357340
39 61 42.301216 36.945655
35 58 39.923857 48.423753
36 66 20.813395 19.248394
66 28 28.708982 25.750530
48 43 33.922167 38.181555
0 5 8.155688 2.236068
0 4 5.138546 5.099020
1 4 0.377176 66.640828
1 2 9.168836 63.063460
2 8 1.603652 40.706265
2 4 1.327916 45.011110
3 8 8.564288 32.388269
3 5 9.904757 18.788294
4 7 3.267172 42.638011
5 7 5.060852 43.139309
5 6 4.508140 8.062258
