9 11 23405 1042 999 997 1.000000 20
34 60 10.095968 10.447677
68 1 43.625713 46.317060
84 62 39.211101 37.222908
43 75 10.627983 9.636368
39 61 10.325283 10.953809
35 58 0.052359 0.055109
36 66 50.528279 46.697074
66 28 20.857836 25.068615
48 43 32.760520 30.348088
0 5 41.591946 2.236068
0 4 45.137949 5.099020
1 4 42.869955 66.640828
1 2 43.978587 63.063460
2 8 40.028638 40.706265
2 4 44.995728 45.011110
3 8 48.219333 32.388269
3 5 48.108177 18.788294
4 7 41.126360 42.638011
5 7 48.228838 43.139309
5 6 46.810467 8.062258
