10 10 21846 818 191 45 0.010000 20
13 81 18.266843 17.213552
80 78 17.401241 20.703953
22 73 32.265848 32.617546
85 16 7.959111 7.921806
50 19 25.203154 29.515426
8 50 45.480096 40.315481
73 85 47.167856 39.701719
71 58 28.573298 26.285566
79 14 46.126105 45.035690
79 82 2.343114 2.436498
0 2 37.788565 12.041595
1 9 39.167083 4.123106
1 6 42.046841 9.899495
2 8 37.870454 82.036577
2 7 44.982533 51.244512
3 8 37.758796 6.324555
4 9 35.515622 69.354164
5 8 35.582913 79.605276
6 9 42.277189 6.708204
7 9 38.109589 25.298221
