10 10 24564 442 142 26 0 20
13 81 31.745270 26.765652
80 78 45.898572 39.438200
22 73 39.392389 42.055755
85 16 38.328568 39.039692
50 19 6.801638 8.152885
8 50 44.902248 44.229366
73 85 43.623707 40.472265
71 58 28.281260 31.406527
79 14 2.353293 1.990940
79 82 24.098966 20.672599
0 2 1.486322 12.041595
1 9 4.784660 4.123106
1 6 5.609332 9.899495
2 8 3.509759 82.036577
2 7 4.673801 51.244512
3 8 8.659400 6.324555
4 9 3.680437 69.354164
5 8 3.413347 79.605276
6 9 4.612494 6.708204
7 9 1.226737 25.298221
