100 246
53 0 173.374307 177.925868 0.004123
58 43 159.757054 154.093504 0.008883
70 42 177.946501 171.735870 0.006154
59 24 188.599007 199.373739 0.000452
52 25 92.082199 91.063517 0.001427
56 33 49.070407 59.245012 0.008492
44 22 82.638905 96.566419 0.000626
43 4 64.714262 72.977183 0.005816
49 30 108.530356 93.169528 0.001359
46 13 74.538419 75.966087 0.004546
29 25 62.183241 67.615434 0.007440
40 26 61.133564 53.051561 0.009251
52 14 66.572229 64.565348 0.007815
51 13 93.866280 94.370286 0.001172
37 13 102.195898 89.787231 0.001444
58 12 86.785156 88.115170 0.001848
80 17 64.154429 60.019730 0.008232
69 24 78.203471 75.160277 0.005436
85 29 67.918431 79.757785 0.003944
69 25 76.935794 72.184980 0.005912
67 8 90.096568 84.803846 0.003357
76 14 78.925227 68.134715 0.007375
61 8 63.259484 78.965500 0.004000
85 13 76.637980 72.798549 0.005842
66 17 75.294609 84.936671 0.003080
64 9 69.058613 70.467291 0.006640
52 23 61.763445 73.126030 0.005722
46 6 61.656426 63.396359 0.007923
58 1 56.744199 55.156084 0.008679
50 30 54.718907 67.477589 0.007484
68 2 86.921425 93.746527 0.001263
55 24 87.202195 87.105654 0.002547
61 15 55.095321 67.636875 0.007398
54 21 82.108149 71.455770 0.006218
39 15 61.826258 56.254373 0.008626
38 4 56.460447 52.079073 0.009433
84 59 67.344137 70.306369 0.006727
57 64 90.491934 76.404126 0.004210
59 62 82.713758 97.709157 0.000619
61 47 73.023479 86.129699 0.002911
58 63 65.940113 74.782968 0.005582
82 51 47.480324 54.865887 0.008687
53 11 68.803585 68.733984 0.007151
69 21 54.881921 53.479162 0.009213
55 21 104.949983 99.611090 0.000441
61 12 53.785936 60.546715 0.008169
39 34 69.358844 70.839711 0.006409
58 23 68.507193 57.324097 0.008548
56 28 70.855687 88.508393 0.001834
38 54 94.809974 91.786210 0.001372
64 36 85.086546 82.199053 0.003731
63 39 83.608583 75.512477 0.005287
45 26 76.189157 70.155640 0.006926
50 21 79.616855 98.346874 0.000567
44 26 42.233375 51.404767 0.009706
30 38 69.729905 60.239119 0.008173
40 43 81.853625 88.873708 0.001682
35 44 79.098378 74.174427 0.005694
56 24 93.889141 84.389255 0.003445
61 31 92.538303 78.425333 0.004036
57 49 80.710464 71.072092 0.006407
67 25 59.872752 72.142246 0.006033
76 24 86.370393 84.039252 0.003485
64 31 97.681189 96.280390 0.000690
66 22 68.796325 70.707034 0.006516
62 43 103.893857 87.486651 0.002009
45 42 74.772003 66.746167 0.007650
66 39 57.952969 62.029586 0.008160
65 55 96.152858 84.569029 0.003422
57 56 92.794130 87.939820 0.001970
67 59 56.438851 53.613055 0.008991
64 55 89.849292 75.831599 0.004699
46 29 51.438023 53.530049 0.009172
61 36 66.116589 76.318288 0.004404
72 57 87.404195 82.657164 0.003673
58 34 63.434270 54.143369 0.008836
47 50 56.634321 67.337308 0.007529
43 36 56.132460 65.700912 0.007702
61 37 54.673666 54.408928 0.008778
37 44 59.973151 52.101136 0.009268
60 59 78.536261 78.233641 0.004056
47 43 53.827471 65.181373 0.007712
53 55 87.055962 75.616216 0.005141
37 34 50.371349 59.281149 0.008267
65 28 70.899121 63.092353 0.007969
40 31 56.719603 64.259111 0.007901
56 32 80.977741 71.235596 0.006265
53 39 52.825058 51.407395 0.009462
47 40 47.799722 58.015162 0.008524
35 37 72.830336 68.423548 0.007198
46 41 83.735930 84.474688 0.003435
40 22 108.213365 95.325358 0.000750
60 29 89.917436 82.179307 0.003896
66 41 84.316475 90.310063 0.001441
75 24 58.884958 50.479943 0.009862
80 26 76.375528 89.367849 0.001476
72 16 60.633906 62.605300 0.008049
47 46 92.767811 86.303405 0.002847
49 27 60.259696 68.341677 0.007255
64 18 92.189605 98.580808 0.000554
0 92 138.142596 10.625231 5.301287 29.832868
0 84 110.045102 37.505393 15.810214 30.463092
0 52 112.528765 35.782172 15.000389 27.202941
0 78 102.290524 46.150888 18.769279 37.854986
0 44 144.522208 5.287521 2.946532 21.095023
0 29 103.368263 42.995792 18.132866 30.149627
0 17 128.902161 21.111604 9.263628 28.844410
0 12 100.003219 49.783490 19.999925 14.035669
0 4 117.489638 29.777883 12.685459 25.019992
0 2 188.737167 10.074758 5.175987 45.310043
0 3 191.847287 7.436537 4.232741 24.738634
1 7 144.931733 4.520249 2.793547 41.785165
1 7 123.915426 23.958629 10.881167 41.785165
1 6 125.536778 22.985671 10.194396 25.238859
1 93 119.821827 27.290295 11.672434 8.246211
1 63 149.712655 1.112642 0.114021 13.416408
1 53 112.528765 35.782172 15.000389 23.409400
1 44 102.509687 45.423518 18.644875 22.203603
1 40 132.413546 16.692703 7.787683 20.000000
1 2 163.985100 33.844675 14.658887 12.041595
1 3 181.643167 18.121333 8.213227 19.026298
2 99 116.454045 31.112948 13.505892 24.738634
2 49 120.256659 26.719593 11.555455 34.176015
2 49 137.523011 12.493331 5.946267 34.176015
2 40 107.176992 40.319104 17.142024 24.186773
2 61 118.386260 28.872216 12.468165 17.262677
2 24 143.330056 6.575798 3.587669 25.317978
2 19 121.189517 25.949249 11.398422 17.029386
2 88 147.745437 2.142886 0.836015 23.086793
2 80 109.474699 38.198073 16.211141 19.723083
2 69 148.700863 1.574816 0.409536 19.104973
2 3 161.897822 36.274141 15.088755 21.095023
3 24 106.564135 40.548421 17.300679 9.899495
3 4 112.031250 36.046346 15.048236 7.071068
3 70 103.922529 42.286903 17.761301 35.902646
3 88 141.847287 7.436537 4.232741 20.000000
3 95 115.727024 33.154717 14.293731 21.095023
4 5 90.559385 7.636303 4.288579 8.944272
4 7 52.066691 46.618565 18.992174 22.847319
5 6 87.726047 11.395548 5.487491 16.278821
6 7 58.893364 38.422638 16.271530 18.027756
8 9 68.342932 28.967788 12.481414 17.262677
8 11 50.850509 48.474658 19.473071 9.848858
9 10 84.511685 14.339145 6.774291 20.808652
9 12 62.031250 36.046346 15.048236 6.082763
9 14 70.560510 26.424833 11.520220 9.000000
10 12 89.096895 9.669143 5.103975 25.495098
10 14 93.886268 5.972830 3.188421 14.422205
10 15 74.312784 23.853624 10.795649 31.780497
11 12 61.777136 36.305703 15.145316 16.970563
11 13 70.560510 26.424833 11.520220 17.029386
11 15 51.320239 48.341635 19.326917 22.803509
12 13 51.688793 48.199129 19.127973 1.414214
12 14 66.096759 32.013954 13.727929 15.033296
12 15 94.683280 5.019914 2.932351 6.324555
13 14 59.953098 37.698291 15.942769 14.000000
13 15 63.903886 34.849403 14.661311 7.071068
15 93 80.126832 20.618748 8.845667 30.083218
16 18 57.176992 40.319104 17.142024 13.000000
16 19 90.559385 7.636303 4.288579 13.601471
16 20 53.141128 44.191489 18.359692 15.811388
16 24 81.892538 17.278418 8.038937 14.000000
16 25 85.905769 13.667153 6.384871 17.888544
17 18 61.621792 36.450963 15.482811 16.763055
17 20 79.119804 21.080649 9.104148 16.124515
17 23 95.105245 3.910763 2.540344 19.416488
17 24 66.367322 31.213945 13.540421 7.615773
17 25 75.648247 22.958118 10.155735 15.811388
17 26 77.749970 21.641020 9.560786 17.029386
18 35 65.727024 33.154717 14.293731 53.235327
18 19 52.804294 44.662181 18.513230 16.492423
18 21 74.562411 23.603281 10.342099 17.492856
18 22 57.040392 40.511583 17.291476 31.890437
18 23 81.643167 18.121333 8.213227 16.000000
18 24 80.126832 20.618748 8.845667 22.472205
18 26 94.343268 5.647969 3.021325 33.541020
19 20 72.285826 25.636985 11.231083 17.117243
19 21 98.700863 1.574816 0.409536 13.038405
19 22 98.537731 1.575091 0.413419 18.788294
19 23 58.893364 38.422638 16.271530 20.000000
19 24 93.330056 6.575798 3.587669 8.544004
19 25 79.353707 21.065209 9.099529 16.763055
20 21 56.564135 40.548421 17.300679 10.816654
20 22 87.523011 12.493331 5.946267 6.000000
20 23 84.884738 14.289135 6.761920 18.681542
20 25 87.704065 11.407974 5.489837 3.162278
20 26 65.556021 33.225368 14.467802 21.213203
22 98 52.066691 46.618565 18.992174 22.472205
22 23 74.426672 23.627197 10.517594 24.515301
22 24 54.180279 41.254381 17.658119 10.295630
23 24 50.433248 48.630341 19.802208 19.416488
23 26 66.649219 30.850566 13.084260 34.481879
24 26 75.648247 22.958118 10.155735 15.231546
27 30 88.737167 10.074758 5.175987 22.360680
27 32 66.018782 32.800096 14.061650 17.492856
27 33 63.903886 34.849403 14.661311 17.000000
27 34 66.862708 29.987591 12.775125 11.401754
27 35 93.406777 6.322674 3.231133 8.246211
28 31 80.771296 18.709220 8.676064 23.194827
28 33 86.315255 13.471481 6.096815 20.396078
29 30 53.922529 42.286903 17.761301 33.286634
29 33 89.699960 9.366649 4.812780 9.848858
29 34 55.379492 40.928683 17.449060 18.601075
30 93 54.027070 41.891337 17.694104 39.051248
30 34 66.862708 29.987591 12.775125 31.780497
30 35 52.448666 45.979815 18.708899 30.066593
31 33 99.947621 0.521456 0.029173 3.162278
32 59 68.305574 29.271240 12.561088 16.000000
32 33 79.353707 21.065209 9.099529 9.219544
32 35 80.194719 20.346651 8.789159 25.495098
33 35 55.514329 40.695753 17.315773 23.345235
36 38 63.903886 34.849403 14.661311 25.179357
36 41 75.765984 22.732805 10.143342 8.246211
37 40 89.634249 9.395960 4.818917 1.414214
37 41 61.750074 36.314913 15.290969 28.178006
38 39 57.727062 39.486320 16.921131 15.132746
38 40 90.127121 9.226179 4.509774 1.414214
42 83 68.342932 28.967788 12.481414 28.017851
42 43 53.368263 42.995792 18.132866 18.867962
42 44 54.027070 41.891337 17.694104 10.198039
42 45 52.804294 44.662181 18.513230 8.062258
42 47 73.915426 23.958629 10.881167 13.000000
43 44 73.915426 23.958629 10.881167 14.000000
43 47 66.649219 30.850566 13.084260 11.180340
43 48 84.884738 14.289135 6.761920 14.764823
44 45 94.931733 4.520249 2.793547 10.816654
45 46 72.334971 24.837922 11.126823 31.112698
45 47 52.804294 44.662181 18.513230 11.401754
46 48 87.355052 12.729591 5.963683 18.027756
47 79 71.521125 25.674616 11.348266 29.698485
47 48 96.792806 3.378022 1.595739 5.385165
49 50 63.454227 35.007059 14.794823 31.622777
49 53 87.621067 11.690501 5.505423 35.114100
49 56 57.176992 40.319104 17.142024 11.180340
49 58 72.334971 24.837922 11.126823 34.985711
50 80 81.959261 16.893613 8.038151 23.345235
50 52 57.305827 40.178240 16.990919 21.470911
50 56 85.912861 13.591033 6.103353 25.000000
51 53 68.305574 29.271240 12.561088 22.203603
51 54 87.621067 11.690501 5.505423 23.021729
51 55 71.140064 26.393840 11.517136 33.015148
51 56 88.737167 10.074758 5.175987 23.345235
51 57 70.560510 26.424833 11.520220 28.442925
51 58 85.001765 13.843468 6.598451 16.552945
52 54 52.345656 45.997053 18.729920 1.000000
52 56 84.319815 14.757852 7.000581 17.720045
52 57 99.947621 0.521456 0.029173 20.591260
52 58 96.229962 3.508883 1.897084 11.180340
53 54 55.233815 41.052902 17.511483 7.810250
53 55 96.869740 2.945504 1.549611 26.248809
53 58 68.585882 28.440155 12.148865 6.708204
54 55 93.330056 6.575798 3.587669 18.439089
54 57 94.522208 5.287521 2.946532 20.124612
54 58 87.621067 11.690501 5.505423 12.165525
55 58 87.355052 12.729591 5.963683 29.529646
56 57 89.096895 9.669143 5.103975 5.099020
56 58 53.368263 42.995792 18.132866 24.839485
59 60 55.514329 40.695753 17.315773 18.439089
59 61 55.514329 40.695753 17.315773 8.485281
59 63 85.001765 13.843468 6.598451 3.000000
59 65 87.128429 13.015942 6.045377 12.041595
60 63 80.850738 18.475780 8.440732 19.313208
60 66 66.649219 30.850566 13.084260 13.892444
60 67 75.648247 22.958118 10.155735 13.453624
61 63 51.992230 46.972125 19.075569 6.708204
61 64 53.480200 42.465057 18.071626 3.162278
61 66 65.556021 33.225368 14.467802 27.802878
61 67 93.639699 6.184383 3.199047 14.035669
62 64 83.448751 15.858501 7.465830 10.198039
62 65 57.040392 40.511583 17.291476 23.600847
62 66 87.704065 11.407974 5.489837 35.846897
62 67 93.909583 5.941587 3.144933 18.027756
63 65 53.870337 42.402370 17.776917 12.165525
63 66 66.649219 30.850566 13.084260 21.954498
63 67 95.105245 3.910763 2.540344 8.246211
65 67 83.448751 15.858501 7.465830 5.656854
66 67 75.765984 22.732805 10.143342 21.213203
68 71 98.941272 1.174902 0.123667 1.000000
68 72 95.105245 3.910763 2.540344 32.202484
68 74 93.886268 5.972830 3.188421 7.280110
69 70 72.302573 24.860224 11.192020 10.440307
69 71 52.509687 45.423518 18.644875 7.071068
69 72 59.451300 38.233512 16.216601 29.154759
69 73 52.066691 46.618565 18.992174 20.396078
69 74 94.013806 5.813443 3.109396 15.033296
69 75 85.001765 13.843468 6.598451 22.022716
70 71 98.941272 1.174902 0.123667 5.000000
70 73 80.771296 18.709220 8.676064 23.769729
70 75 91.502529 7.551542 4.245702 26.570661
70 76 60.346545 37.336826 15.677190 21.931712
71 73 52.345656 45.997053 18.729920 19.235384
71 75 74.351451 23.791009 10.697658 21.840330
71 76 84.094618 15.043877 7.264105 17.720045
73 74 78.517329 21.274152 9.319725 23.706539
73 75 97.745437 2.142886 0.836015 3.605551
74 76 50.003219 49.783490 19.999925 25.961510
75 76 60.392229 37.320832 15.612587 19.416488
77 79 87.726047 11.395548 5.487491 10.000000
77 82 53.016284 44.379816 18.498821 21.470911
77 83 79.353707 21.065209 9.099529 6.324555
78 79 71.763056 25.658606 11.236524 25.000000
78 81 78.402862 21.336813 9.368117 15.231546
78 83 87.726047 11.395548 5.487491 24.186773
78 85 86.315255 13.471481 6.096815 21.840330
78 86 84.499193 14.340476 6.938670 7.071068
79 82 72.392490 24.667972 10.994001 19.416488
79 83 66.544508 30.931307 13.136397 10.000000
79 86 68.387619 28.835854 12.346430 22.472205
80 81 71.189517 25.949249 11.398422 20.615528
80 84 68.305574 29.271240 12.561088 31.400637
80 85 66.096759 32.013954 13.727929 34.409301
81 82 94.013806 5.813443 3.109396 13.416408
81 83 75.648247 22.958118 10.155735 13.453624
81 84 60.692715 37.126111 15.601235 23.430749
82 83 62.669308 35.075521 14.847981 26.400758
82 84 60.036256 37.561527 15.874645 29.546573
82 85 98.941272 1.174902 0.123667 27.294688
82 86 79.353707 21.065209 9.099529 23.194827
83 85 82.937941 15.957502 7.486731 4.242641
83 86 89.296387 9.646034 4.980474 19.104973
84 85 76.708292 21.765172 9.782912 25.179357
84 86 99.947621 0.521456 0.029173 9.848858
85 86 69.089691 28.169633 11.824056 16.031220
87 88 65.651708 33.214839 14.312552 6.082763
87 89 72.392490 24.667972 10.994001 18.110770
87 90 68.342932 28.967788 12.481414 7.280110
87 91 88.142596 10.625231 5.301287 21.400935
88 90 84.094618 15.043877 7.264105 1.414214
89 90 54.835732 41.163004 17.570751 11.704700
89 91 53.870337 42.402370 17.776917 15.811388
90 91 81.709878 17.871468 8.054570 19.924859
92 93 68.342932 28.967788 12.481414 13.416408
92 97 92.370245 6.955544 3.756524 21.400935
92 99 66.454045 31.112948 13.505892 11.704700
93 95 52.066691 46.618565 18.992174 20.518285
93 98 81.709878 17.871468 8.054570 22.022716
93 99 76.586829 21.894319 9.883948 23.086793
94 95 55.379492 40.928683 17.449060 5.385165
94 96 82.050670 16.831781 7.919309 8.544004
94 97 51.088772 48.394332 19.332799 35.608988
94 99 98.941272 1.174902 0.123667 12.529964
95 96 92.370245 6.955544 3.756524 12.806248
95 97 64.129909 33.832180 14.589084 38.587563
95 98 82.937941 15.957502 7.486731 31.016125
96 97 91.502529 7.551542 4.245702 39.051248
98 99 51.320239 48.341635 19.326917 17.492856
