100 570
33 42 96.573198 86.899168 0.000207
99 19 74.726621 84.066137 0.000248
12 84 48.207219 50.825741 0.000934
68 84 60.431454 65.824346 0.000613
72 31 45.162875 51.971966 0.000907
49 76 69.070337 61.882625 0.000695
64 36 63.320081 57.231592 0.000760
80 33 63.950296 68.285644 0.000523
60 77 49.406965 54.528622 0.000875
93 65 62.808630 60.552378 0.000737
59 99 71.103063 63.128275 0.000641
89 51 54.585233 55.155005 0.000823
53 61 83.326031 83.598990 0.000288
79 31 77.788058 90.864264 0.000157
32 3 105.519802 98.098954 0.000027
69 98 81.373037 79.370755 0.000335
84 73 59.273195 71.536475 0.000465
99 45 76.876094 76.925113 0.000377
58 37 95.920165 83.803174 0.000257
48 47 91.336704 78.472165 0.000370
5 93 47.317424 51.562974 0.000917
94 22 55.314785 65.675098 0.000615
65 59 75.003391 76.094445 0.000382
3 55 72.699794 61.655624 0.000706
55 75 96.270936 83.639876 0.000277
34 60 67.459787 64.727045 0.000628
75 7 83.305444 98.710262 0.000003
59 6 98.112313 95.166038 0.000094
11 85 50.922940 56.753684 0.000801
89 56 64.273070 57.560932 0.000746
99 14 47.424556 57.394954 0.000753
19 78 49.436047 55.982107 0.000810
5 69 59.687210 57.065997 0.000780
43 90 59.837375 66.953194 0.000567
19 16 65.245089 56.334882 0.000807
6 34 69.813083 74.520484 0.000444
33 75 93.371183 79.413211 0.000335
7 30 91.409929 95.658414 0.000069
20 19 75.953497 65.851551 0.000606
56 75 62.524577 65.461811 0.000618
31 62 90.773403 92.960570 0.000133
30 4 100.174236 85.022709 0.000239
85 2 97.319503 87.087729 0.000202
13 42 47.317039 51.895548 0.000909
74 28 59.624757 67.045109 0.000544
81 22 65.889296 57.678524 0.000744
17 64 93.605152 88.760627 0.000190
75 74 57.809451 68.725420 0.000488
44 66 84.547891 75.872483 0.000383
58 77 63.917163 56.582680 0.000804
79 70 64.159574 75.382566 0.000395
95 26 79.862106 68.538320 0.000495
30 17 55.298333 62.054959 0.000694
1 76 47.234761 58.821995 0.000737
66 60 59.411214 62.997143 0.000654
72 35 97.780023 86.677962 0.000221
33 30 95.790140 84.964388 0.000245
8 61 91.744741 96.083034 0.000059
71 12 106.917577 95.410236 0.000081
47 68 80.057229 67.165685 0.000544
30 66 71.468606 64.341059 0.000632
67 16 84.202935 72.856934 0.000447
71 9 67.110872 65.231259 0.000622
17 10 92.694490 91.796136 0.000136
52 91 76.182204 68.377078 0.000513
20 57 110.132371 93.078381 0.000116
55 47 87.634035 90.230878 0.000169
82 24 76.668570 71.771006 0.000452
52 7 95.535595 93.201787 0.000105
48 38 70.857721 80.507439 0.000332
43 7 55.433724 62.190429 0.000690
31 37 54.687419 53.735390 0.000905
39 25 90.134836 96.265670 0.000054
23 51 52.140711 62.785434 0.000682
93 45 80.763866 69.628651 0.000476
17 23 77.370364 65.907108 0.000590
23 16 89.492915 74.851864 0.000439
58 11 90.530073 78.261288 0.000377
12 9 71.862292 74.954801 0.000433
41 55 69.089016 62.142856 0.000693
58 71 50.900710 53.964346 0.000904
56 47 73.406032 74.589487 0.000444
5 21 96.723791 80.655941 0.000319
10 48 94.629190 81.607760 0.000302
74 7 58.757069 57.867972 0.000740
63 40 90.246412 79.020274 0.000342
29 3 89.505613 75.053340 0.000401
64 21 48.242758 55.827538 0.000814
49 53 77.032436 82.736585 0.000298
36 90 86.365080 82.390768 0.000298
63 68 62.840113 66.314333 0.000573
17 47 86.830433 75.301997 0.000397
90 78 74.831508 71.562268 0.000463
69 4 97.758275 88.481076 0.000195
55 51 66.562842 67.553064 0.000533
73 33 47.770900 50.769509 0.000997
56 49 44.135757 50.772117 0.000981
46 31 112.329178 94.961960 0.000099
83 44 45.828581 56.846961 0.000783
4 57 85.752240 79.303341 0.000338
0 96 95.742681 5.561417 2.599710 24.041631
0 90 76.439082 23.142701 9.908954 39.698866
0 82 87.079521 14.091860 6.189757 35.000000
0 71 83.795659 17.579054 7.707930 5.385165
0 70 71.521209 25.627273 11.457005 36.400549
0 69 65.378319 32.026110 13.584000 15.524175
0 61 51.137448 47.741060 19.379151 42.801869
0 59 83.144089 18.101835 7.826805 29.529646
0 49 55.692280 43.417561 17.386602 43.011626
0 37 99.936584 0.195398 0.162952 28.635642
0 22 86.218691 14.781901 6.364591 36.235342
1 84 57.458861 41.694414 16.761787 27.730849
1 77 76.777384 22.864721 9.711374 41.773197
1 74 91.603004 9.531387 3.891438 26.683328
1 72 95.517820 6.216507 2.748009 60.299254
1 56 76.959071 22.658557 9.623768 66.910388
1 51 92.332281 8.117648 3.546047 8.062258
1 42 65.590443 31.224489 13.381396 22.022716
1 21 70.788541 26.392106 11.866018 5.830952
1 11 91.947790 8.964010 3.773497 33.526109
2 96 98.780577 1.439658 0.924565 56.222771
2 73 97.727738 2.834756 1.211244 34.785054
2 66 69.928159 27.397723 12.097667 56.727418
2 65 82.100894 18.528298 8.078720 28.160256
2 58 92.920603 7.869874 3.246754 93.085982
2 20 75.544707 23.507024 10.085582 11.401754
3 96 86.070699 14.867120 6.454562 37.000000
3 94 88.410373 11.804611 5.322361 35.468296
3 90 68.817923 28.301689 12.411146 16.763055
3 89 68.096308 29.185365 12.555811 32.557641
3 73 77.663898 21.496177 9.223840 55.803226
3 66 98.054354 2.661614 1.138240 39.217343
3 59 89.212110 11.207828 4.740686 26.400758
3 50 98.718492 1.468261 0.977423 17.804494
3 25 60.316417 37.905736 15.612166 41.617304
3 16 69.250463 28.135134 12.344640 19.416488
3 6 85.075949 16.041388 7.224071 48.166378
4 88 77.468342 21.794276 9.239089 31.827661
4 87 58.161224 40.985845 16.423607 12.806248
4 85 77.623222 21.752854 9.235910 12.727922
4 77 58.848285 40.235662 16.131836 24.413111
4 66 74.499523 24.279333 10.519136 23.345235
4 65 98.731241 1.451832 0.965004 58.137767
4 62 61.213843 37.055847 15.399049 22.022716
4 50 96.077535 5.159646 2.407552 39.623226
4 26 85.853023 15.233474 6.619293 24.186773
4 22 80.827803 19.331139 8.425494 28.861739
4 7 73.833221 24.825970 10.635700 8.246211
4 6 96.991635 2.981365 1.619891 9.433981
5 93 78.269591 21.087186 9.114568 74.726167
5 79 72.984938 25.211236 10.884718 22.472205
5 39 78.269591 21.087186 9.114568 7.071068
5 35 78.081538 21.161446 9.145744 60.108236
5 31 70.182443 27.117804 12.028091 30.066593
5 24 88.607552 11.515859 5.149077 6.082763
5 16 85.853023 15.233474 6.619293 35.128336
5 12 92.278286 8.132723 3.562252 15.524175
5 8 77.367079 22.101952 9.315849 11.045361
5 7 95.534200 6.180834 2.696883 53.009433
6 98 67.422800 29.812330 12.781816 20.615528
6 85 71.154138 26.015548 11.726081 4.123106
6 73 92.086953 8.630274 3.751985 43.657760
6 72 78.737710 20.768471 8.906366 27.313001
6 69 65.553567 31.231747 13.401620 16.124515
6 61 73.833221 24.825970 10.635700 20.223748
6 58 92.760463 7.961033 3.271731 25.000000
6 56 69.414313 27.898573 12.243096 31.575307
6 55 92.760463 7.961033 3.271731 8.062258
6 54 50.322650 49.057950 19.622217 24.083189
6 50 63.829473 34.881821 14.209144 37.161808
6 45 58.363819 40.788150 16.285806 22.022716
6 42 54.847721 44.056669 17.721421 39.962482
6 36 94.807326 7.007414 2.882872 49.819675
6 22 98.877294 1.293830 0.784555 23.021729
6 7 76.808672 22.785166 9.692690 16.278821
7 95 51.241890 47.236838 19.223290 7.000000
7 93 77.082907 22.387651 9.489255 31.016125
7 77 65.770920 30.667533 13.112241 31.112698
7 74 99.386793 0.726702 0.580631 17.691806
7 55 70.182443 27.117804 12.028091 8.246211
7 54 65.487926 31.275322 13.443719 30.413813
7 44 94.405932 7.111082 2.933723 7.810250
7 37 96.855833 3.714142 1.774471 73.061618
7 27 78.459892 20.935060 9.014310 34.205263
7 25 53.283429 45.615603 18.381684 53.338541
7 24 62.536033 36.106002 14.910625 48.877398
7 10 84.948588 16.301458 7.344554 69.260378
8 98 85.108732 15.871260 7.199286 40.224371
8 90 87.817195 12.919410 5.774980 9.486833
8 88 72.479677 25.294473 11.011466 26.400758
8 80 65.948022 30.475779 13.107268 6.324555
8 60 54.923836 43.925939 17.682197 31.953091
8 59 50.918686 48.757379 19.532019 15.811388
8 55 76.777384 22.864721 9.711374 43.680659
8 39 74.307898 24.283223 10.563934 4.472136
8 36 80.859679 19.287369 8.382502 27.073973
9 85 68.096308 29.185365 12.555811 39.051248
9 79 85.826670 15.350041 6.686878 52.952809
9 60 50.519705 48.973439 19.614230 63.007936
9 55 88.607552 11.515859 5.149077 36.619667
9 28 57.919287 41.198934 16.509688 84.403791
9 12 93.360198 7.751521 3.131283 40.199502
9 11 54.406320 44.499619 17.860042 14.560220
9 10 96.341374 4.401037 2.013380 48.083261
10 83 51.142888 47.396172 19.304099 70.724819
10 80 68.576389 28.563256 12.467435 28.017851
10 65 62.766100 35.954123 14.666283 57.314920
10 64 79.707726 20.525299 8.759746 10.630146
10 59 63.831753 34.801130 14.195014 33.241540
10 49 97.914723 2.750312 1.168084 22.022716
10 28 76.191774 23.297766 9.969706 50.000000
10 22 69.021289 28.279514 12.408369 40.447497
10 16 53.434357 45.330853 18.209384 36.069378
11 92 78.737710 20.768471 8.906366 27.018512
11 81 61.522724 36.988700 15.348705 33.241540
11 61 65.049106 32.933651 13.653167 41.340053
11 53 77.367079 22.101952 9.315849 91.482239
11 50 70.180888 27.146506 12.036980 21.470911
11 49 82.100894 18.528298 8.078720 40.459857
11 48 68.408521 28.689686 12.478451 47.434165
11 29 99.386793 0.726702 0.580631 5.000000
11 26 73.118038 24.930166 10.804944 46.173586
11 24 69.412703 28.033424 12.274007 41.617304
11 19 77.632747 21.721631 9.234716 41.194660
11 17 78.737710 20.768471 8.906366 11.661904
12 80 51.342249 46.926582 19.118355 11.180340
12 59 97.727738 2.834756 1.211244 9.219544
12 32 89.307367 10.926203 4.667617 48.662100
12 28 83.291367 17.865937 7.780368 48.373546
12 22 70.324149 26.970159 11.980058 12.165525
13 96 96.409930 4.048231 1.985306 29.206164
13 95 82.100894 18.528298 8.078720 6.324555
13 90 65.024980 32.991329 13.675757 40.311289
13 87 81.841171 18.731804 8.175119 18.027756
13 74 63.185582 35.742897 14.556017 19.798990
13 70 56.059218 42.521949 17.072846 43.266615
13 67 52.495123 46.301527 18.761264 7.615773
13 62 85.247198 15.778963 7.157816 23.409400
13 59 54.251215 44.567772 18.033900 48.918299
13 55 92.760463 7.961033 3.271731 8.062258
13 51 99.738168 0.625714 0.476300 16.763055
13 48 66.254409 30.071836 13.020021 49.497475
13 45 75.508096 23.799635 10.114947 9.219544
13 26 58.363819 40.788150 16.285806 24.331050
14 82 59.238315 39.662283 16.021323 32.449961
14 70 55.343704 43.666030 17.452858 11.704700
14 68 58.993501 39.844938 16.042439 20.396078
14 65 95.039236 6.798303 2.844684 55.317267
14 63 60.988596 37.435755 15.471033 16.552945
14 61 50.258583 49.194331 19.622400 37.336309
14 44 63.081262 35.832798 14.614285 48.877398
14 18 87.788305 13.178085 5.858034 42.801869
15 86 66.176441 30.145437 13.056101 103.077641
15 79 85.633141 15.426682 6.726730 51.312766
15 50 81.739084 18.765011 8.226669 29.732137
15 49 59.238315 39.662283 16.021323 23.706539
15 48 75.231318 24.075988 10.145834 40.607881
15 40 55.641167 43.559318 17.422934 52.345009
15 36 95.868291 5.419915 2.542151 42.720019
16 90 55.471152 43.649967 17.425441 21.587033
16 80 65.024980 32.991329 13.675757 26.076810
16 74 90.195446 10.145724 4.223105 29.410882
16 60 79.258112 20.654249 8.845500 54.451814
16 59 55.343704 43.666030 17.452858 37.336309
16 54 72.987044 25.187675 10.857924 22.203603
16 50 82.697574 18.288814 7.926611 5.830952
16 40 64.842289 33.464198 13.927979 54.129474
16 39 50.003153 49.936866 19.950800 28.071338
16 29 88.191129 11.976116 5.428112 17.720045
17 96 93.360198 7.751521 3.131283 43.185646
17 92 69.551469 27.628468 12.116764 34.205263
17 85 55.786175 43.224597 17.288260 36.345564
17 74 88.472955 11.605243 5.204950 6.000000
17 45 73.706964 24.858734 10.659870 29.206164
17 30 69.556898 27.615203 12.100969 31.000000
18 97 63.191095 35.596350 14.500189 13.416408
18 96 89.047940 11.384418 4.835183 12.165525
18 94 57.723076 41.409005 16.701335 14.317821
18 92 83.707870 17.756595 7.779856 52.009614
18 81 92.278286 8.132723 3.562252 10.198039
18 79 70.180888 27.146506 12.036980 24.758837
18 77 72.984938 25.211236 10.884718 26.000000
18 59 56.012257 42.878636 17.173858 32.893768
18 56 93.360198 7.751521 3.131283 25.961510
18 55 79.928148 20.320976 8.698863 14.142136
18 41 70.117497 27.265898 12.039314 43.278170
18 40 89.047940 11.384418 4.835183 36.796739
18 36 61.288634 37.010483 15.392143 45.486262
18 28 62.154451 36.581971 15.217721 67.178866
18 20 61.213843 37.055847 15.399049 77.103826
19 98 73.558823 24.871016 10.662693 35.128336
19 97 64.601481 33.754807 13.948933 16.124515
19 95 85.020858 16.113445 7.283985 28.653098
19 94 57.921589 41.113326 16.456589 8.062258
19 88 80.816957 19.572152 8.477329 6.082763
19 40 70.949790 26.081072 11.730268 22.671568
19 37 94.088426 7.430500 3.027884 44.384682
19 36 80.513271 19.681810 8.538197 31.764760
19 35 51.426199 46.721319 19.080199 43.965896
19 27 84.791990 16.530831 7.379429 42.449971
19 24 56.132573 42.441155 17.064048 28.861739
19 22 81.222961 19.199508 8.308949 20.808652
20 73 73.706964 24.858734 10.659870 45.694639
20 58 78.379361 20.979483 9.028653 104.484449
20 53 65.049106 32.933651 13.653167 17.464249
20 40 85.751873 15.423890 6.692527 40.459857
20 32 93.785521 7.639518 3.090702 24.000000
20 25 58.363819 40.788150 16.285806 43.931765
20 22 87.274034 13.818776 6.053354 68.963759
21 98 57.866955 41.229184 16.603716 24.596748
21 95 87.989092 12.252261 5.524927 23.706539
21 74 65.658586 31.018556 13.188220 23.021729
21 61 70.449249 26.844338 11.955433 27.658633
21 58 50.258583 49.194331 19.622400 25.079872
21 45 50.711408 48.897628 19.573355 13.000000
21 44 89.861959 10.443453 4.315925 20.880613
21 42 57.683333 41.545768 16.715800 21.931712
21 38 62.608067 35.980112 14.712626 74.060786
21 30 93.785521 7.639518 3.090702 9.433981
21 29 89.816905 10.482945 4.343379 34.365681
22 91 85.247198 15.778963 7.157816 49.477268
22 90 53.405111 45.404122 18.210491 9.219544
22 80 62.472746 36.370585 15.087437 13.892444
22 79 98.113286 2.411564 1.122189 24.331050
22 74 65.948022 30.475779 13.107268 31.304952
22 73 84.250337 17.156480 7.616064 42.755117
22 70 58.300688 40.830049 16.367650 56.462377
23 99 90.997853 9.591890 3.952045 2.236068
23 96 66.396230 30.057933 13.019068 53.338541
23 94 72.987044 25.187675 10.857924 52.153619
23 89 70.944926 26.171976 11.785385 48.104054
23 78 76.302632 23.144342 9.910904 46.872167
23 75 86.218691 14.781901 6.364591 34.928498
23 71 65.001876 33.096811 13.676731 33.286634
23 70 54.251215 44.567772 18.033900 62.481997
23 56 90.997853 9.591890 3.952045 39.051248
23 38 65.553567 31.231747 13.401620 39.812058
23 34 70.449249 26.844338 11.955433 42.154478
23 31 72.096752 25.402532 11.219189 28.017851
23 25 56.922590 41.959799 16.839068 31.400637
24 82 99.699669 0.668984 0.551101 73.593478
24 65 73.118038 24.930166 10.804944 39.357337
24 58 89.763804 10.687602 4.368107 65.000000
24 56 95.742681 5.561417 2.599710 50.089919
24 48 66.417314 30.056302 13.009315 14.212670
24 47 58.993501 39.844938 16.042439 20.024984
24 39 59.812566 38.833982 15.770874 1.000000
24 36 92.909833 7.906628 3.256572 22.000000
24 33 58.608894 40.618158 16.264992 19.209373
24 31 84.250337 17.156480 7.616064 36.124784
25 85 87.693857 13.534428 5.929155 35.227830
25 81 80.414153 20.050412 8.628210 25.553865
25 66 62.102739 36.708612 15.238168 24.698178
25 60 55.343704 43.666030 17.452858 7.211103
25 49 55.072300 43.707034 17.596506 29.410882
25 33 58.993501 39.844938 16.042439 31.320920
25 32 63.829473 34.881821 14.209144 30.364453
25 28 89.861959 10.443453 4.315925 33.970576
26 96 92.332281 8.117648 3.546047 46.097722
26 93 85.395165 15.672007 6.980165 6.708204
26 88 55.641167 43.559318 17.422934 52.839379
26 86 52.889081 45.997526 18.532309 46.173586
26 85 62.233127 36.569345 15.210319 35.114100
26 75 61.522724 36.988700 15.348705 60.166436
26 68 50.258583 49.194331 19.622400 23.000000
26 56 89.653437 10.777873 4.451923 47.885280
26 42 62.405642 36.388632 15.157293 11.180340
26 38 90.961979 9.625525 3.993635 56.293872
26 29 65.770920 30.667533 13.112241 50.960769
26 27 79.358394 20.649754 8.842446 16.031220
27 93 80.414153 20.050412 8.628210 10.198039
27 84 96.852158 3.758159 1.836955 15.033296
27 77 69.021289 28.279514 12.408369 5.099020
27 75 54.978785 43.828044 17.655258 45.310043
27 72 89.229511 11.001034 4.722715 27.586228
27 68 52.459554 46.336752 18.867680 7.071068
28 99 99.399007 0.721254 0.578952 28.861739
28 97 56.922590 41.959799 16.839068 64.350602
28 81 58.370685 40.764245 16.285720 58.898217
28 53 65.770920 30.667533 13.112241 13.453624
28 46 92.753810 7.975970 3.370747 21.840330
28 34 66.813765 30.009064 12.841233 69.462220
28 31 95.039236 6.798303 2.844684 10.630146
29 99 96.229931 4.525876 2.263055 85.005882
29 98 90.178347 10.158161 4.256240 13.416408
29 97 98.113286 2.411564 1.122189 49.739320
29 96 99.987507 0.007023 0.043428 33.734256
29 95 87.807949 13.084044 5.782089 28.017851
29 94 95.742681 5.561417 2.599710 34.365681
29 84 88.390378 11.813021 5.358194 51.244512
29 77 65.948022 30.475779 13.107268 54.644304
29 72 84.316581 16.643464 7.452349 58.830264
29 65 64.300154 34.230723 14.028345 69.007246
29 39 92.095464 8.613554 3.726729 38.078866
29 38 71.492449 25.744723 11.467746 78.294317
30 98 83.291367 17.865937 7.780368 34.000000
30 94 76.439082 23.142701 9.908954 57.489129
30 77 68.016364 29.539937 12.723885 41.109610
30 70 94.807326 7.007414 2.882872 56.435804
30 61 95.378092 6.701318 2.782877 32.062439
31 96 72.420126 25.308499 11.042710 47.010637
31 77 99.757558 0.324751 0.285039 77.524190
31 65 96.409930 4.048231 1.985306 21.023796
31 60 65.948022 30.475779 13.107268 16.278821
31 58 51.227321 47.320064 19.273437 84.023806
31 36 50.996762 48.392222 19.416201 14.317821
31 35 85.111025 15.814256 7.179902 45.880279
32 89 66.176441 30.145437 13.056101 37.443290
32 74 83.707870 17.756595 7.779856 91.214034
32 73 79.875860 20.412705 8.707735 25.455844
32 65 80.414153 20.050412 8.628210 19.209373
32 57 95.378092 6.701318 2.782877 8.544004
33 79 70.699059 26.583560 11.902745 35.057096
33 65 79.928148 20.320976 8.698863 40.224371
33 48 73.833221 24.825970 10.635700 24.020824
33 39 65.232841 32.674684 13.617191 19.849433
34 75 91.734180 9.014687 3.815458 7.280110
34 72 51.241890 47.236838 19.223290 21.931712
34 67 87.103969 14.075837 6.147664 63.505905
34 63 90.731375 9.842884 4.104423 6.324555
34 49 87.274034 13.818776 6.053354 72.401657
34 46 65.770920 30.667533 13.112241 48.041649
34 40 99.844842 0.305769 0.281755 47.539457
34 38 81.739084 18.765011 8.226669 3.162278
34 35 90.948978 9.770502 4.065649 22.203603
35 83 61.717998 36.888478 15.289295 14.560220
35 79 61.213843 37.055847 15.399049 40.816663
35 75 72.607316 25.267564 10.964437 15.556349
35 73 92.909833 7.906628 3.256572 24.041631
35 60 96.930317 3.400750 1.689870 40.000000
35 57 90.301151 10.015153 4.169933 27.073973
35 55 96.250214 4.512927 2.227127 66.007575
35 51 59.703166 39.218554 15.874257 89.358827
36 90 58.893729 39.940893 16.059082 30.805844
36 64 76.527247 22.963792 9.711970 24.839485
36 59 72.096752 25.402532 11.219189 15.652476
36 57 65.380302 31.535090 13.497102 28.653098
36 48 85.075949 16.041388 7.224071 14.212670
36 39 89.229511 11.001034 4.722715 23.000000
37 88 65.487926 31.275322 13.443719 47.885280
37 79 85.395165 15.672007 6.980165 42.201896
37 73 65.770920 30.667533 13.112241 26.400758
37 70 96.175550 4.939069 2.286366 42.720019
37 68 88.390378 11.813021 5.358194 50.537115
37 67 67.422800 29.812330 12.781816 75.239617
37 63 75.157576 24.076218 10.172488 22.360680
37 56 88.876389 11.406416 5.106393 26.000000
37 54 92.158989 8.218393 3.684482 66.189123
38 90 84.296945 16.742069 7.485238 65.192024
38 83 60.128241 38.153585 15.632803 30.675723
38 82 99.844842 0.305769 0.281755 15.132746
38 78 51.342249 46.926582 19.118355 12.806248
38 75 93.785521 7.639518 3.090702 5.000000
38 72 68.817923 28.301689 12.411146 19.924859
38 68 92.432146 8.073948 3.491031 34.176015
38 63 95.534200 6.180834 2.696883 9.486833
38 49 87.946376 12.456435 5.632342 69.339743
38 41 57.031363 41.737165 16.795902 18.027756
39 97 72.778551 25.252656 10.907179 45.122057
39 90 87.464312 13.784909 5.961876 9.899495
39 89 64.842289 33.464198 13.927979 25.000000
39 81 98.718492 1.468261 0.977423 28.000000
39 80 92.191762 8.195780 3.674590 4.472136
39 56 87.841645 12.466155 5.652357 50.537115
39 55 64.601481 33.754807 13.948933 43.081318
39 48 85.111025 15.814256 7.179902 15.000000
39 47 62.102739 36.708612 15.238168 19.026298
40 73 85.020858 16.113445 7.283985 13.601471
40 65 87.946376 12.456435 5.632342 12.083046
40 60 54.406320 44.499619 17.860042 4.123106
40 58 62.578622 36.024054 14.910001 64.031242
40 57 96.855833 3.714142 1.774471 23.021729
41 91 80.816957 19.572152 8.477329 44.922155
41 88 62.154451 36.581971 15.217721 52.554733
41 86 75.717545 23.455007 10.081610 1.414214
41 83 75.157576 24.076218 10.172488 48.332184
41 78 93.686589 7.742516 3.130116 18.681542
41 61 80.513271 19.681810 8.538197 38.897301
41 55 71.447999 25.870376 11.584431 52.201533
42 84 53.868510 45.216720 18.162805 12.083046
42 80 55.641167 43.559318 17.422934 74.094534
42 64 98.823727 1.363809 0.921270 94.921020
42 58 50.258583 49.194331 19.622400 17.204651
43 91 72.987044 25.187675 10.857924 6.403124
43 87 64.216889 34.570766 14.115351 55.154329
43 82 60.186467 37.991385 15.613986 22.472205
43 75 65.049106 32.933651 13.653167 19.416488
43 66 50.996762 48.392222 19.416201 42.296572
43 65 71.357805 25.900707 11.628187 16.552945
44 95 79.707726 20.525299 8.759746 5.099020
44 80 68.469417 28.614006 12.468559 45.880279
44 79 83.291367 17.865937 7.780368 42.638011
44 77 98.715904 1.477914 1.029417 23.345235
44 76 51.117483 48.320175 19.382893 52.392748
44 68 78.755033 20.690806 8.904235 30.413813
44 67 95.742681 5.561417 2.599710 8.944272
44 61 88.255737 11.921038 5.397434 13.892444
44 58 55.786175 43.224597 17.288260 16.278821
44 55 67.422800 29.812330 12.781816 7.280110
45 92 62.536033 36.106002 14.910625 56.718604
45 84 58.608894 40.618158 16.264992 16.552945
45 77 95.540690 6.020238 2.695946 25.495098
45 70 82.652703 18.352444 7.993002 40.853396
45 67 69.021289 28.279514 12.408369 2.236068
45 51 85.853023 15.233474 6.619293 14.560220
46 79 87.817195 12.919410 5.774980 25.632011
46 59 88.607552 11.515859 5.149077 30.265492
46 53 65.770920 30.667533 13.112241 20.000000
47 61 68.022670 29.521524 12.703700 58.549125
47 56 69.414313 27.898573 12.243096 60.827625
47 55 88.191129 11.976116 5.428112 39.115214
47 54 52.601975 46.011296 18.610064 16.643317
47 50 89.428904 10.908313 4.608808 5.656854
48 91 61.192947 37.223782 15.429514 33.015148
48 77 54.320541 44.532757 17.878448 56.753854
48 72 50.519705 48.973439 19.614230 41.303753
48 57 54.076953 44.783800 18.051984 36.345564
48 55 99.743231 0.542791 0.454686 41.773197
49 89 95.534200 6.180834 2.696883 25.553865
49 80 62.405642 36.388632 15.157293 6.000000
49 70 64.148097 34.698571 14.143708 71.589105
49 64 87.817195 12.919410 5.774980 15.231546
50 92 58.085118 41.105620 16.440328 13.601471
50 73 90.178347 10.158161 4.256240 59.135438
50 54 78.887274 20.676810 8.857714 16.401219
50 51 86.218691 14.781901 6.364591 46.818800
51 88 99.524459 0.684641 0.573472 53.338541
51 75 54.179054 44.679236 18.044566 78.057671
51 59 85.108732 15.871260 7.199286 63.780875
51 55 92.095464 8.613554 3.726729 24.698178
52 85 71.357805 25.900707 11.628187 40.224371
52 78 70.235447 27.029086 12.023440 19.697716
52 76 73.118038 24.930166 10.804944 7.071068
52 72 69.414313 27.898573 12.243096 12.041595
52 66 65.296875 32.090716 13.597265 39.051248
52 58 73.339600 24.909375 10.790456 41.303753
52 57 69.412703 28.033424 12.274007 49.193496
53 98 73.706964 24.858734 10.659870 88.022724
53 85 58.085118 41.105620 16.440328 71.693793
53 65 70.324149 26.970159 11.980058 26.870058
53 57 64.842289 33.464198 13.927979 16.552945
54 96 50.711408 48.897628 19.573355 14.866069
54 80 58.608894 40.618158 16.264992 13.601471
54 69 50.003153 49.936866 19.950800 28.425341
54 59 50.711408 48.897628 19.573355 20.615528
54 58 90.948978 9.770502 4.065649 48.259714
54 57 86.314285 14.712775 6.341319 58.008620
55 98 78.269591 21.087186 9.114568 14.212670
55 93 84.296945 16.742069 7.485238 31.144823
55 74 69.021289 28.279514 12.408369 23.259407
55 69 51.142691 47.453937 19.305118 24.186773
56 85 93.785521 7.639518 3.090702 31.622777
56 84 77.097129 22.284539 9.391179 47.010637
56 80 78.459892 20.935060 9.014310 48.020829
56 75 82.910761 18.288031 7.917724 17.464249
56 66 85.848176 15.302881 6.673830 27.802878
57 69 64.992742 33.098711 13.740522 46.141088
57 65 80.859679 19.287369 8.382502 12.649111
57 64 70.699059 26.583560 11.902745 53.254108
58 97 64.392558 33.776679 13.953862 31.400637
58 83 96.991635 2.981365 1.619891 70.830784
58 62 54.847721 44.056669 17.721421 3.000000
59 97 90.301151 10.015153 4.169933 37.013511
59 95 96.311429 4.502363 2.172942 43.600459
59 88 88.030207 12.221250 5.492080 15.132746
59 74 89.229511 11.001034 4.722715 51.429563
59 69 84.646484 16.637453 7.418989 30.016662
59 67 77.066037 22.497073 9.622465 56.222771
59 66 56.059218 42.521949 17.072846 22.472205
59 62 81.664585 18.766577 8.254571 63.694584
60 95 99.844842 0.305769 0.281755 54.203321
60 91 91.668997 9.189552 3.875369 23.021729
60 90 59.573057 39.289965 15.882286 33.060551
60 89 71.760213 25.511616 11.380480 24.738634
60 82 96.945481 3.325551 1.686537 51.478151
60 80 68.022670 29.521524 12.703700 28.442925
60 76 85.826670 15.350041 6.686878 50.487622
61 87 92.197483 8.185417 3.568144 5.830952
61 77 94.807326 7.007414 2.882872 10.295630
61 69 86.070699 14.867120 6.454562 29.068884
62 82 55.343704 43.666030 17.452858 67.082039
63 78 84.870262 16.387084 7.354712 5.099020
63 71 59.858813 38.805594 15.656839 30.413813
64 81 57.723076 41.409005 16.701335 44.181444
65 83 94.088426 7.430500 3.027884 13.453624
65 79 77.623222 21.752854 9.235910 21.095023
65 78 86.131799 14.785506 6.399068 48.662100
65 73 87.274034 13.818776 6.053354 6.708204
66 90 74.755492 24.260455 10.477962 22.472205
66 87 69.928159 27.397723 12.097667 27.513633
66 85 62.405642 36.388632 15.157293 10.630146
66 81 98.672815 2.182177 1.073824 1.000000
66 67 70.788541 26.392106 11.866018 35.468296
67 97 92.551653 7.988115 3.379727 36.674242
67 95 95.742681 5.561417 2.599710 12.727922
67 86 80.474808 19.788209 8.606169 57.008771
67 80 90.050769 10.315381 4.314115 52.773099
67 72 51.142691 47.453937 19.305118 43.011626
68 87 63.271899 35.561375 14.454415 18.439089
68 86 96.109874 4.999895 2.397758 23.345235
68 85 87.103969 14.075837 6.147664 34.785054
68 75 90.301151 10.015153 4.169933 38.483763
69 97 62.578622 36.024054 14.910001 7.280110
69 96 62.233127 36.569345 15.210319 13.601471
69 95 58.085118 41.105620 16.440328 25.495098
69 94 62.816729 35.916522 14.624528 14.764823
69 83 93.360198 7.751521 3.131283 39.293765
69 76 69.045235 28.213963 12.369329 33.301652
69 73 68.817923 28.301689 12.411146 28.178006
69 72 68.817923 28.301689 12.411146 15.811388
70 93 53.283429 45.615603 18.381684 26.172505
70 85 64.007258 34.718184 14.167495 38.587563
70 84 77.658437 21.588781 9.228412 31.000000
70 82 99.743231 0.542791 0.454686 40.496913
70 77 94.947689 6.846466 2.879188 15.524175
71 97 84.646484 16.637453 7.418989 16.155494
71 94 99.524459 0.684641 0.573472 27.784888
71 87 65.049106 32.933651 13.653167 36.674242
71 86 87.799993 13.117368 5.816517 34.058773
72 85 78.081538 21.161446 9.145744 28.301943
72 81 65.655414 31.082075 13.249495 27.802878
73 93 64.216889 34.570766 14.115351 65.764732
73 92 98.701627 1.741571 1.065418 72.235725
73 83 54.179054 44.679236 18.044566 13.341664
73 81 72.096752 25.402532 11.219189 33.241540
74 98 71.447999 25.870376 11.584431 10.049876
74 96 62.601622 35.999395 14.888560 37.215588
74 94 80.414153 20.050412 8.628210 38.470768
74 84 71.521209 25.627273 11.457005 42.485292
75 92 66.254409 30.071836 13.020021 91.400219
75 91 71.492449 25.744723 11.467746 24.000000
75 82 54.406320 44.499619 17.860042 12.165525
76 94 99.399007 0.721254 0.578952 47.423623
76 83 85.751873 15.423890 6.692527 34.539832
76 82 55.471152 43.649967 17.425441 18.681542
76 77 96.539975 3.765245 1.884751 35.355339
77 80 73.434469 24.903783 10.777935 60.000000
78 83 63.191095 35.596350 14.500189 39.051248
79 97 78.081538 21.161446 9.145744 24.515301
79 96 87.211661 13.978162 6.077576 16.155494
79 91 87.788305 13.178085 5.858034 25.298221
79 88 99.252366 0.753646 0.595169 8.246211
79 85 81.995164 18.643774 8.169635 26.627054
80 96 60.186467 37.991385 15.613986 22.090722
80 95 69.226247 28.149066 12.366540 40.853396
80 87 98.672815 2.182177 1.073824 50.358713
81 97 59.812566 38.833982 15.770874 18.867962
81 96 94.088426 7.430500 3.027884 2.000000
81 94 58.866588 40.064274 16.061294 4.123106
82 85 80.414153 20.050412 8.628210 61.032778
83 96 55.753416 43.411976 17.325623 46.010868
83 91 95.398740 6.700473 2.773733 7.071068
84 95 84.791990 16.530831 7.379429 26.019224
85 98 63.441610 35.446735 14.433689 20.396078
85 97 61.192947 37.223782 15.429514 19.235384
85 95 73.434469 24.903783 10.777935 12.206556
85 92 59.573057 39.289965 15.882286 46.615448
86 99 92.197483 8.185417 3.568144 59.506302
86 94 94.002241 7.555482 3.083915 54.589376
87 93 96.855833 3.714142 1.774471 17.720045
88 96 85.111025 15.814256 7.179902 8.062258
90 98 79.707726 20.525299 8.759746 31.240999
90 97 90.997853 9.591890 3.952045 40.718546
90 96 77.212358 22.174883 9.342715 20.248457
91 94 90.949625 9.722020 4.065637 38.209946
92 98 90.301151 10.015153 4.169933 34.713110
92 95 71.154529 26.006654 11.708953 48.104054
93 98 99.185630 0.943794 0.692125 42.379240
94 96 90.948978 9.770502 4.065649 2.236068
94 95 88.390378 11.813021 5.358194 25.455844
