23513     	1.0                 	104.29275200000001  	107.40882400000001  	0.9709886778017418  	0.0050234975662535085	0.00046599149732076727
23540     	1.0                 	320.69169100000005  	351.7685670000001   	0.9116553355945529  	0.011669267413524441	0.0014843576330545577
23567     	1.0                 	430.64054400000003  	461.71742000000006  	0.9326928665589441  	0.01566098027244837 	0.0019487187247469954
23594     	1.0                 	598.215897          	724.2482090000001   	0.8259818796459046  	0.02004742002331308 	0.0035641451146371204
23621     	1.0                 	694.4604860000001   	820.4927980000001   	0.8463943713982484  	0.023264517507661557	0.00473325422749375 
23648     	1.0                 	1361.3086280000002  	2560.635044         	0.5316293046874353  	0.028592502593843976	0.014592303263424438
23702     	0.875               	1798.2714640000002  	3250.800626         	0.5531780231667767  	0.029768757170807764	0.021302118004854115
23756     	0.8                 	1983.0595260000002  	3561.9236800000003  	0.5567383538099839  	0.031345941136341114	0.026182149938363385
23783     	0.8181818181818182  	2185.7557580000002  	3764.619912         	0.580604631833547   	0.03655427139810741 	0.032456743757632654
23810     	0.8333333333333334  	2456.5926640000002  	4166.990427         	0.5895364309172675  	0.04226556097736225 	0.03841607945898647 
23837     	0.8461538461538461  	2542.5014770000002  	4329.6338559999995  	0.5872324454125851  	0.04769263802042176 	0.043801191002260986
23864     	0.8571428571428571  	2740.5923380000004  	5027.049846999999   	0.5451691193465106  	0.05292177917426587 	0.050492473368992506
23891     	0.8666666666666667  	2905.3097030000004  	5207.097279         	0.5579518774725009  	0.05850197899883429 	0.05643532959668308 
23918     	0.875               	2990.0278610000005  	5291.815436999999   	0.5650287498868417  	0.06371527768490515 	0.061772950242542604
23945     	0.8823529411764706  	3274.3939990000003  	5732.788272999999   	0.5711695327074223  	0.06965849698764626 	0.06709694609932888 
24073     	0.7619047619047619  	3361.7748830000005  	5820.169156999999   	0.5776077623030503  	0.06447716271582234 	0.06166612274338168 
24097     	0.7727272727272727  	3433.9629640000003  	5892.357238         	0.5827825478493164  	0.06968058408485299 	0.06588155702374444 
24121     	0.782608695652174   	3506.59358          	5964.987854         	0.5878626521676066  	0.0747712848581322  	0.06973280380514728 
24146     	0.7916666666666666  	3739.14606          	6268.274995         	0.5965191480882054  	0.08035079440831228 	0.07343052037638508 
24170     	0.8                 	4002.787409         	6610.381015999999   	0.6055305131900132  	0.08594724736172153 	0.07627510247595463 
24195     	0.8076923076923077  	4091.5239540000002  	6699.117560999999   	0.6107556580018048  	0.09121879107069239 	0.07885422282742025 
24268     	0.7586206896551724  	4321.585461000001   	7030.114301999999   	0.6147247790509681  	0.09005548904291297 	0.07602061203891258 
24292     	0.7666666666666667  	4543.2644040000005  	7278.587428999999   	0.6241958962941518  	0.0955210938802321  	0.0786890666862047  
24341     	0.75                	4714.0226600000005  	7487.489048999999   	0.6295865849218956  	0.09777797574719826 	0.07847204392980812 
24414     	0.7142857142857143  	4809.551787         	7583.018175999999   	0.6342529683262625  	0.09692717979016656 	0.07603992733161664 
24439     	0.7222222222222222  	4952.0945           	7801.293090999999   	0.634778676077817   	0.10190860873728368 	0.07822842976506302 
24487     	0.7105263157894737  	5106.304452         	8089.968738999999   	0.6311896395079507  	0.10321212618808549 	0.07829755083400013 
24585     	0.6666666666666666  	5335.744557         	8410.437171999998   	0.6344194062543793  	0.09964499604277567 	0.07476150927708855 
24658     	0.6444444444444445  	5546.317625         	8685.250681999998   	0.6385903905450453  	0.09930913869408112 	0.07356264845149219 
24682     	0.6521739130434783  	5845.169924         	9001.580959999998   	0.6493492587550977  	0.10402040272174616 	0.07579887377100018 
24707     	0.6595744680851063  	6092.424485         	9293.634010999998   	0.6555481394887049  	0.10910959189845089 	0.07806414298603005 
24756     	0.6530612244897959  	6430.535817         	9714.134610999998   	0.6619772192283863  	0.11132968334166933 	0.07838800396405415 
24780     	0.66                	6638.354687         	9964.387777999998   	0.6662079833601595  	0.11606819024708556 	0.080319617410476   
24804     	0.6666666666666666  	6834.463379         	10207.671427999998  	0.6695418663509122  	0.1204647105597324  	0.08225313923114358 
24829     	0.6730769230769231  	6901.458946         	10283.430925999997  	0.6711241603763558  	0.12453512988669085 	0.08408193258643132 
24853     	0.6792452830188679  	6983.8202329999995  	10365.792212999997  	0.6737372397105759  	0.1280922085155885  	0.08579027323216096 
24878     	0.6851851851851852  	7224.773171         	10658.449465999996  	0.6778446709389317  	0.13186864631859987 	0.08750590908065534 
24926     	0.6785714285714286  	7293.872076         	10758.862514999997  	0.6779408200291517  	0.1331641285198857  	0.08760648523970975 
24951     	0.6842105263157895  	7574.214469         	11139.737312999998  	0.6799275652722029  	0.13730787189260704 	0.08933939393179512 
25051     	0.6666666666666666  	7865.513137         	11556.473621999998  	0.6806153325203342  	0.1366455502019906  	0.0882434684962376  
25102     	0.6612903225806451  	8109.782099         	11832.009717999998  	0.6854103649579171  	0.1387116465431318  	0.08870125639509369 
25153     	0.65625             	8289.135672         	12032.381547999998  	0.6889023290138108  	0.14080032230897604 	0.0887075988834874  
25205     	0.6515151515151515  	8378.778844         	12125.492443999998  	0.6910052422774824  	0.14275799490620847 	0.0885855830302159  
25230     	0.6567164179104478  	8391.444272         	12138.244521999997  	0.6913227243684952  	0.14677215496482346 	0.08979132127565458 
25256     	0.6617647058823529  	8544.600384000001   	12309.842525999997  	0.6941275134879011  	0.15039634690141315 	0.09088621564522077 
25282     	0.6666666666666666  	8659.839863000001   	12468.503432999996  	0.6945372321172303  	0.1539574413498849  	0.09198289501864046 
25358     	0.6527777777777778  	8891.061850000002   	12750.735056999996  	0.6972979840184914  	0.15306644520404245 	0.09043464425270721 
25410     	0.6486486486486487  	8987.742535000001   	12894.689708999997  	0.6970111524844916  	0.1538816157152311  	0.09004597936248959 
25461     	0.6447368421052632  	9377.101286000001   	13611.897624999996  	0.6888900830974332  	0.1544917611606236  	0.08989159416251549 
25487     	0.6493506493506493  	9521.893993000002   	13795.468708999995  	0.6902189547781029  	0.15699737388076443 	0.09022901150934015 
25512     	0.6538461538461539  	9586.818344000001   	13860.393059999995  	0.6916700199265492  	0.15950648443893814 	0.09056968247997108 
25538     	0.6582278481012658  	9633.472282         	13907.046997999994  	0.6927043737887284  	0.1619973756485826  	0.0909067643973763  
25564     	0.6625              	9998.851544000001   	14688.016411999994  	0.6807489359714372  	0.1639798941879502  	0.0913400752234366  
25589     	0.6666666666666666  	10188.291127        	14907.554283999994  	0.6834314289859676  	0.16578433980145107 	0.0917642669978061  
25641     	0.6626506024096386  	10487.004569        	15437.978751999994  	0.6792990674145997  	0.1655727099868846  	0.0909763939740779  
25666     	0.6666666666666666  	11168.081737        	17311.656193999992  	0.6451191966757474  	0.1676390641736591  	0.09213839577736016 
25692     	0.6705882352941176  	11292.17362         	17560.471747999993  	0.6430450036905241  	0.16948124428897177 	0.09331234846584034 
25717     	0.6744186046511628  	11577.87261         	18072.28646899999   	0.6406423796933454  	0.17128848870011046 	0.09462108206383743 
25743     	0.6781609195402298  	11643.103978000001  	18138.50315099999   	0.6418999341386176  	0.17306830199156945 	0.09580594034707891 
25794     	0.6741573033707865  	11766.989516000001  	18340.70699699999   	0.6415777493160292  	0.172703091898215   	0.0958777533930971  
25871     	0.6630434782608695  	11937.594446000001  	18558.30289199999   	0.6432481739020433  	0.1700977055301388  	0.09481572878215026 
25897     	0.6666666666666666  	12137.344975000002  	18837.588511999988  	0.6443152193959555  	0.17150500631746873 	0.0958792712947095  
25923     	0.6702127659574468  	12225.464619000002  	18925.708155999986  	0.6459713168050826  	0.1729745403163513  	0.09692495881956043 
25948     	0.6736842105263158  	12441.810394000002  	19245.757162999987  	0.6464702993301511  	0.17460599666817994 	0.09806875084137869 
25974     	0.6770833333333334  	12619.464515000001  	19454.676325999986  	0.6486597002970879  	0.1762832475106404  	0.09918695317292774 
26000     	0.6804123711340206  	12868.702926000002  	19799.553327999987  	0.6499491535398142  	0.17814093615071927 	0.10034190738760958 
26040     	0.6836734693877551  	13082.690511000003  	20076.97592799999   	0.651626547639302   	0.18015901763756606 	0.10152565162001892 
26060     	0.6868686868686869  	13285.080074000003  	20374.23147799999   	0.6520530645951076  	0.18237522638954118 	0.10273577867499802 
26140     	0.6699029126213593  	13494.971366000003  	20644.45719899999   	0.653684969089606   	0.17922291337219873 	0.10081275413544726 
26180     	0.6666666666666666  	13683.884844000004  	20917.72460499999   	0.654176546560381   	0.17964434634874685 	0.10094496040820909 
26220     	0.6635514018691588  	13835.366885000003  	21074.288432999987  	0.6565045804030736  	0.18010948510581962 	0.10107526651704432 
26240     	0.6666666666666666  	13955.999943000003  	21222.767550999986  	0.6575956651017655  	0.1823440738551529  	0.10215209635581318 
26300     	0.6576576576576577  	14549.112180000002  	22343.836971999986  	0.6511465420300064  	0.18108052880010692 	0.10161792700736073 
26360     	0.6491228070175439  	14871.737770000002  	22748.984384999985  	0.6537319432952792  	0.17973103458811876 	0.10088079634157306 
26380     	0.6521739130434783  	15184.160526000001  	23308.534120999986  	0.6514421047319199  	0.1816259158109357  	0.10207723580581388 
26400     	0.6551724137931034  	15410.620905000002  	23585.674154999986  	0.653389036231261   	0.18354226241359867 	0.10327252710865452 
26420     	0.6581196581196581  	15488.984156000002  	23676.189205999985  	0.654200894461293   	0.18546722652228395 	0.10445426420840387 
26460     	0.6554621848739496  	15693.247015000003  	23943.652979999984  	0.6554240920593234  	0.18577083954801205 	0.10472057253072353 
26500     	0.6528925619834711  	15952.125268000003  	24473.184556999986  	0.6518205765517046  	0.18621239407391305 	0.10513353943550609 
26520     	0.6557377049180327  	16149.776634000003  	24730.809340999986  	0.6530225683809744  	0.18806655285105361 	0.10638631954319194 
26560     	0.6532258064516129  	16218.081428000003  	24818.174973999987  	0.6534759886651773  	0.1882912409090355  	0.10673564555120124 
26580     	0.656               	16315.970990000003  	24929.124856999988  	0.6544943347828174  	0.1900987061314763  	0.10793763845060474 
26600     	0.6587301587301587  	16604.425779000005  	25332.354707999988  	0.6554631802055222  	0.1921664983655791  	0.10917079898399369 
26620     	0.6614173228346457  	16835.229132000004  	25669.28634199999   	0.6558510785106739  	0.1943905565058592  	0.1104479600505817  
26660     	0.6589147286821705  	17045.109795000004  	25881.51329499999   	0.6585824252514988  	0.19505919322573334 	0.11080663950010508 
26680     	0.6615384615384615  	17213.635099000003  	26097.64666699999   	0.6595857212200799  	0.19701401142486746 	0.11141725001560869 
26700     	0.6641221374045801  	17382.316124000004  	26425.37761299999   	0.6577887505928679  	0.19891225416156877 	0.11195137347930666 
26720     	0.6666666666666666  	17723.977893000003  	27319.45798499999   	0.6487675525162879  	0.20089277551121934 	0.1127329822499181  
26820     	0.6496350364963503  	17887.903559000002  	27499.39810599999   	0.6504834574941881  	0.19680497575509115 	0.11016094001119013 
26840     	0.6521739130434783  	18140.497502000002  	27843.34556799999   	0.6515200358267524  	0.1987891812526714  	0.1109367493722013  
26860     	0.6546762589928058  	18443.581019        	28241.72704199999   	0.6530613723293702  	0.2009253454351891  	0.11169935807855091 
26880     	0.6571428571428571  	18817.183768000003  	29199.139140999992  	0.6444431007754554  	0.20294402297405    	0.11264103389364766 
26920     	0.6549295774647887  	19033.444935000003  	30021.101950999993  	0.6340022083821611  	0.20342482835801984 	0.11297000777956787 
27050     	0.6394557823129252  	19142.516832000005  	30130.173847999995  	0.6353271284981538  	0.19918174971282193 	0.11058095260445469 
27075     	0.6418918918918919  	19345.859422000005  	30452.273246999994  	0.6352845735057189  	0.20042712589470116 	0.11120662999368412 
27100     	0.6442953020134228  	19568.310867000004  	30728.315535999995  	0.636816907326879   	0.2017939599600835  	0.11184479097977218 
27175     	0.6381578947368421  	19609.192021000003  	30818.056531999995  	0.636289053485211   	0.20032665590196613 	0.11099011190318532 
27300     	0.6242038216560509  	19789.112925        	31084.727293999997  	0.6366185148685449  	0.19588468884095958 	0.1084795007033762  
27350     	0.6226415094339622  	20047.185554        	31459.273183999998  	0.6372424892573768  	0.19535708781850433 	0.10815905603147073 
27400     	0.6211180124223602  	20152.829394        	31604.368096        	0.6376596213784335  	0.19466776412866946 	0.10782205109821759 
27475     	0.6158536585365854  	20210.05038         	31661.589082        	0.638314467655373   	0.19267626808101748 	0.10680799343770736 
27525     	0.6144578313253012  	20292.735409        	31754.041598        	0.6390599239587228  	0.19182794340616743 	0.10623143832443196 
27550     	0.6167664670658682  	20617.511497        	32168.688972        	0.6409186123483528  	0.1922942439350483  	0.10634056526371231 
27625     	0.611764705882353   	20945.18804         	32598.562502        	0.6425187625593909  	0.19064540538162417 	0.10522835872018739 
27700     	0.6069364161849711  	21170.091164        	32929.67809         	0.6428878869128356  	0.1891253034179501  	0.10415180399213274 
27725     	0.6091954022988506  	21675.096611        	34253.732235        	0.6327805817566554  	0.18996915991342286 	0.10455130813732166 
27750     	0.6114285714285714  	21829.561033        	34493.639079        	0.632857582321316   	0.19085662781931786 	0.10500526953104677 
27775     	0.6136363636363636  	22048.548916000003  	34752.691876        	0.6344414698772327  	0.1918726309676587  	0.10547063764938908 
27800     	0.615819209039548   	22117.764211000005  	34821.907171        	0.6351680883642089  	0.19289905306893618 	0.10594314262824614 
27850     	0.6145251396648045  	22275.803310000007  	35009.074435999995  	0.6362865533826765  	0.19293630095668124 	0.10583545941881922 
27875     	0.6166666666666667  	22575.984876000006  	35365.490639999996  	0.638361986994902   	0.19419949057428848 	0.1063353236380834  
27900     	0.6187845303867403  	22736.669431000006  	35616.255247999994  	0.6383790006187349  	0.19553437710497967 	0.10686294170800868 
28000     	0.6108108108108108  	23017.188160000005  	36037.302195        	0.63870452997432    	0.19362036526740925 	0.10548022358904995 
28050     	0.6129032258064516  	23287.779425000004  	36340.502586999995  	0.6408216113480689  	0.19492252389895673 	0.10570812768986251 
28075     	0.6149732620320856  	23318.968318000003  	36387.75556599999   	0.6408465692725712  	0.19612155498085088 	0.10591611214361472 
28100     	0.6170212765957447  	23477.193641        	36618.51676199999   	0.6411290166007737  	0.19740178944532855 	0.10614217552083785 
28125     	0.6190476190476191  	23740.664905        	36999.98608499999   	0.6416398333356295  	0.1986510208008299  	0.10637046347083395 
28150     	0.6210526315789474  	24012.991675        	37378.32327499999   	0.6424309485027324  	0.19987431498468397 	0.10658859938434799 
28200     	0.6197916666666666  	24281.910345        	37781.69930899999   	0.6426897357476931  	0.2001623294390322  	0.10629478866520516 
28225     	0.6217616580310881  	24612.195559        	38235.290061999985  	0.6437036444366026  	0.2015064364671165  	0.10657769210718196 
28275     	0.6205128205128205  	24845.499518        	38594.92139199998   	0.643750488973661   	0.2019487871715911  	0.10634921088486506 
28325     	0.6192893401015228  	24929.505669000002  	38755.71630299998   	0.6432471915651389  	0.202284951157339   	0.10613048289094335 
28375     	0.6180904522613065  	24984.538453        	38813.630000999976  	0.6437052770471691  	0.20263623351118168 	0.10591846625681949 
28425     	0.6169154228855721  	25223.986613        	39106.30972599998   	0.6450106591425511  	0.20307380631495187 	0.10571684069708591 
28475     	0.6157635467980296  	25293.509993        	39190.00918399998   	0.6454070953197563  	0.20351418373085908 	0.105510289461796   
28500     	0.6176470588235294  	25344.560182        	39241.05937299998   	0.6458683987374322  	0.2049832678073969  	0.10582425321703028 
28550     	0.616504854368932   	25587.906436        	39530.04413299998   	0.6473027540750713  	0.2053609398228365  	0.105587724996155   
28625     	0.6124401913875598  	25708.980914        	39728.26462899998   	0.6471206621804848  	0.20443295221676178 	0.10477623918864018 
28650     	0.6142857142857143  	25989.507885        	40068.01224499998   	0.6486348193687393  	0.20548874015603807 	0.10499708802440162 
28675     	0.6161137440758294  	26090.033885999997  	40179.50398899998   	0.6493368831318255  	0.2064422913364282  	0.10519314406516564 
28700     	0.6179245283018868  	26623.996344999996  	41562.98990699998   	0.6405698051216479  	0.20730222222708194 	0.10539094353737395 
28725     	0.6197183098591549  	26713.440977999995  	41652.43453999998   	0.6413416472054314  	0.20821675259543454 	0.10558837639751655 
28750     	0.6214953271028038  	26808.874442999993  	41761.09804899998   	0.6419580828919791  	0.2091613867182626  	0.10578701867571748 
28775     	0.6232558139534884  	26937.102814999995  	41929.606982999976  	0.6424363296780108  	0.21016160000600861 	0.10599641729705829 
28800     	0.625               	27077.780358999993  	42074.30665199998   	0.643570447469581   	0.21122793653663424 	0.10621015811582947 
28875     	0.6210045662100456  	27312.663817999994  	42433.773395999975  	0.6436539018840739  	0.2101814302238966  	0.10541898011778275 
28925     	0.6199095022624435  	27373.175088999993  	42582.126820999976  	0.642832501158691   	0.2097908279174921  	0.10506465850682364 
28950     	0.6216216216216216  	27539.406121999993  	42807.67974799997   	0.6433286336498223  	0.21040724663567126 	0.10520517379380515 
29000     	0.6205357142857143  	27895.585359999994  	43240.57262499997   	0.6451252531256231  	0.2099710267963367  	0.10485092262857924 
29050     	0.6222222222222222  	27982.971321999994  	43327.95858699997   	0.6458409820026911  	0.21011269049757678 	0.10466658523635242 
29075     	0.6238938053097345  	28324.497219999994  	43762.54030099997   	0.6472315598039627  	0.21029394647032207 	0.10453751257439038 
29125     	0.6228070175438597  	28561.573293999994  	44040.30542399997   	0.6485325889323926  	0.20954560937241498 	0.10396707314224062 
29150     	0.6244541484716157  	28890.529053999995  	44467.49538399997   	0.6496999393492986  	0.2098343183779164  	0.1038821363910883  
29175     	0.6260869565217392  	28982.176859999996  	44595.86794999997   	0.6498848030605494  	0.21009161489084302 	0.10380722276693861 
29200     	0.6277056277056277  	29050.288081999995  	44663.97917199997   	0.6504187181829008  	0.21036256811309387 	0.10373308240625448 
29300     	0.6212765957446809  	29199.961665999996  	44823.09078599997   	0.6514490891627737  	0.20787002256774278 	0.10230646413859752 
29375     	0.6176470588235294  	29380.790678999994  	45126.18742899997   	0.6510807217034842  	0.20638816499858234 	0.10137855788895939 
29425     	0.6166666666666667  	29503.240056999995  	45248.636806999966  	0.6520249479081731  	0.2057515874216301  	0.10088428828002122 
29475     	0.6157024793388429  	30006.593319999996  	46597.49223799996   	0.643952965681913   	0.2051051416309121  	0.10059086130204385 
29500     	0.6172839506172839  	30240.102457999998  	46885.41120199996   	0.6449789323103999  	0.20538593905565689 	0.10073074997548569 
29550     	0.6163265306122448  	30575.136349999997  	47376.35621899996   	0.6453669887288219  	0.20494895214741343 	0.1004718053225684  
29625     	0.6129032258064516  	30671.782303999997  	47473.00217299996   	0.646088953722089   	0.20367393466684036 	0.09981072569143576 
29650     	0.6144578313253012  	30725.723348999996  	47534.15433899996   	0.6463925523923904  	0.20407721442103482 	0.0999655597315485  
29700     	0.6135458167330677  	30875.037489999995  	47761.235892999954  	0.6464455308311053  	0.20368133141215558 	0.09972682189718685 
29725     	0.6150793650793651  	31406.004144999995  	48964.82118699995   	0.6413993431132599  	0.2041953252558875  	0.10010710725108266 
29750     	0.616600790513834   	31770.847714999996  	49435.39631599995   	0.6426740773334763  	0.20485608106799835 	0.1005122945572236  
29775     	0.6181102362204725  	31857.696300999996  	49526.32227799995   	0.6432477687759077  	0.20547848257500206 	0.10090015668701119 
29825     	0.6171875           	32005.259944999998  	49684.07290899995   	0.6441754484101977  	0.2053494219006799  	0.1008931844158951  
29925     	0.6115384615384616  	32192.151444        	49997.79073999995   	0.6438714784700511  	0.20365114964878622 	0.1001192849586563  
30000     	0.6083650190114068  	32564.034084        	50554.997330999955  	0.6441308634790882  	0.20284528079554134 	0.09978099777727356 
30051     	0.6098484848484849  	32796.296939        	50887.34023099996   	0.6444883303022564  	0.20367998995663092 	0.10022513742916796 
30076     	0.6113207547169811  	33121.164972        	51513.52614299996   	0.642960547489152   	0.20456816989172377 	0.100753775896073   
30102     	0.6127819548872181  	33223.229608        	51615.59077899996   	0.643666557072849   	0.20544165486431087 	0.10128524343703092 
30205     	0.6074074074074074  	33381.006045        	52018.580944999965  	0.6417131232452159  	0.20387573672640763 	0.10070128749408833 
30230     	0.6088560885608856  	34019.857076        	53766.40380799997   	0.6327344710924881  	0.20454625412349875 	0.10143218919565039 
30256     	0.6102941176470589  	34244.70252         	54093.384007999965  	0.6330663748996641  	0.2052425828609312  	0.10216744700670154 
30282     	0.6117216117216118  	34342.786539        	54211.46133099996   	0.6334967863956403  	0.20576426052449148 	0.10270519644190046 
30307     	0.6131386861313869  	34454.625908        	54323.30069999996   	0.6342513334798161  	0.20631018321381778 	0.10323980365692373 
30333     	0.6145454545454545  	34811.775305        	54752.37084899996   	0.6358039800871167  	0.20692546642587142 	0.10378267478318429 
30358     	0.6159420289855072  	34895.554433000005  	55111.90053299996   	0.6331763937646318  	0.20751469322522084 	0.10437324782452433 
30384     	0.6173285198555957  	35200.51922         	55984.128400999965  	0.6287589040927404  	0.20793082429623222 	0.10504217679836958 
30410     	0.6187050359712231  	35314.991879        	56111.603894999964  	0.6293705655800524  	0.20832246468116222 	0.10569809083258844 
30512     	0.6134751773049646  	35478.933516000005  	56347.538601999964  	0.6296447794569813  	0.20643110583238414 	0.10519900417031097 
30538     	0.6148409893992933  	35574.061374000004  	56504.301330999966  	0.6295814749678712  	0.2067899679886952  	0.1058377720230733  
30589     	0.6140350877192983  	35624.33096100001   	56560.71003699997   	0.6298423576665827  	0.20638717194334713 	0.1060865602237868  
30615     	0.6153846153846154  	35746.75574200001   	56734.93822799997   	0.6300660026868272  	0.206743429388361   	0.1067186212705297  
30666     	0.6145833333333334  	35959.23789000001   	57075.66395199997   	0.6300275003413249  	0.20645355789559125 	0.1070006712509865  
30769     	0.6095890410958904  	36048.03764100001   	57164.46370299997   	0.6306022186841267  	0.2046070285978066  	0.1064879109727785  
30794     	0.6109215017064846  	36341.48928100001   	57568.33642799997   	0.6312756549158212  	0.20497687863627767 	0.10709699104658767 
30820     	0.6122448979591837  	36518.737273000006  	57837.85008999997   	0.6313985947986336  	0.2053658002913006  	0.10772292936517912 
30871     	0.6114864864864865  	36639.500467000005  	57983.11242199997   	0.6318995124017909  	0.20509598626890801 	0.10798443964105253 
30897     	0.6127946127946128  	36721.539236000004  	58088.72579399997   	0.6321629323773702  	0.2055267140913652  	0.10861451532542146 
30974     	0.61                	36794.172682000004  	58166.01926999997   	0.632571613869701   	0.2046058418187217  	0.1085139438871313  
31052     	0.609271523178808   	37113.379145000006  	58643.30896999997   	0.6328663882862752  	0.20446734081914236 	0.10878791951805918 
31078     	0.6105610561056105  	37397.34654200001   	58997.90048099997   	0.6338758877367792  	0.205046404410779   	0.10941001116437281 
31105     	0.6118421052631579  	37612.687878000004  	59420.267861999964  	0.6329942497962687  	0.20568256597057707 	0.11006292861708056 
31157     	0.6111111111111112  	37700.65016700001   	59554.095965999964  	0.6330488198246463  	0.2055805078993077  	0.11033552546787351 
31236     	0.6084142394822006  	37902.405989000006  	59869.58671399996   	0.633082806635391   	0.20484687669419355 	0.11021656775048133 
31263     	0.6096774193548387  	37950.86101100001   	59924.27851299996   	0.6333136076518127  	0.2054268991972886  	0.11079774213429987 
31394     	0.6031746031746031  	38220.61640800001   	60220.16609699996   	0.634681351533238   	0.20328463848759054 	0.10985271194758295 
31421     	0.6044303797468354  	38587.10488700001   	60785.215908999955  	0.6348106905594908  	0.2038414818229298  	0.11034267600367333 
31447     	0.6056782334384858  	38742.83211100001   	60981.27934099996   	0.6353233734955734  	0.20445969530639757 	0.11083717698862894 
31552     	0.6012461059190031  	38967.87411900001   	61380.64053199996   	0.6348561009017922  	0.20307195369123768 	0.1101463186020397  
31657     	0.5969230769230769  	39163.13315200001   	61672.71196399996   	0.6350155831457615  	0.20174481444220396 	0.10948795165063442 
31763     	0.5927051671732523  	39352.80040900001   	61879.27918899996   	0.6359608729249     	0.20016870790146124 	0.1087392680725605  
31789     	0.593939393939394   	39616.05360100001   	62400.63504299996   	0.6348661928472489  	0.20047688217943396 	0.10903788066439628 
31815     	0.595166163141994   	39855.56005100001   	62693.30440799996   	0.6357227526503493  	0.20080393355953313 	0.10933299758965584 
31868     	0.5945945945945946  	40095.47707100001   	63050.46390999996   	0.6359267574657886  	0.20056148973975796 	0.10931717969917472 
31894     	0.5958083832335329  	40398.62988900001   	63431.888436999965  	0.6368820302287485  	0.20094013361313534 	0.1094563328428513  
31947     	0.5952380952380952  	40743.02806400001   	63881.73755499996   	0.6377883511531238  	0.2007960290226801  	0.10928562231926484 
31973     	0.5964391691394659  	41022.44051600001   	64292.26957399996   	0.6380617885760506  	0.20133612872891693 	0.10946263421510552 
32043     	0.5958702064896755  	41329.54621100001   	64716.88373699996   	0.6386207713424104  	0.20136635572412317 	0.10934289826906826 
32108     	0.5935672514619883  	41630.57146500001   	65394.29938199996   	0.6366085707534774  	0.2007919846974616  	0.10892617593645655 
32173     	0.591304347826087   	41702.31429700001   	65466.042213999965  	0.6370068036292859  	0.20003037669386983 	0.10840522476232288 
32260     	0.5873925501432665  	41824.58677600001   	65627.64054499996   	0.6373013935693982  	0.19863194924156555 	0.10756812079221433 
32282     	0.5885714285714285  	42014.71559700001   	65817.76936599996   	0.6383491267132475  	0.1989017873854488  	0.10756437537119325 
32304     	0.5897435897435898  	42424.10033400001   	66613.71059499997   	0.6368673949411304  	0.19915724520539083 	0.10760372018347385 
32326     	0.5909090909090909  	42532.45677000001   	66752.51527599996   	0.6371663538690957  	0.19943714576097085 	0.10764751624609623 
32347     	0.5920679886685553  	42740.13861300001   	66986.20257499996   	0.6380439100894956  	0.19974095795831442 	0.10766669862163859 
32391     	0.5915492957746479  	42997.16357500001   	67391.00877999996   	0.6380252255217842  	0.1995468856868603  	0.10740798161537893 
32434     	0.5910364145658263  	43155.884095000016  	67675.90227399996   	0.6376846505906112  	0.19934635805870965 	0.10715004285392377 
32456     	0.5921787709497207  	43309.24350100002   	67979.62275299996   	0.6370915540140853  	0.19970283214254825 	0.10720322436056424 
32478     	0.5933147632311978  	43455.72362200002   	68191.41764899997   	0.6372608917690876  	0.2000189361165147  	0.10724660292793482 
32500     	0.5944444444444444  	43709.75718900002   	68488.10928099997   	0.6382094300437349  	0.20038067037261417 	0.10731667159287979 
32521     	0.5955678670360111  	44244.28502500002   	69514.33137099996   	0.6364771717196992  	0.20074161248785677 	0.10745581867013423 
32543     	0.5966850828729282  	44294.39999600002   	69564.44634199997   	0.6367390574523556  	0.2011148428529224  	0.10759529550239061 
32586     	0.5961538461538461  	44636.24827300002   	70035.14506499996   	0.6373406984675037  	0.20103472431342234 	0.10745985453566022 
32630     	0.5956284153005464  	44941.81710800002   	70490.99728599995   	0.6375539975077896  	0.20102607880359807 	0.10734813683290718 
32652     	0.5967302452316077  	45199.152556000015  	70780.80366399995   	0.6385792505346884  	0.20164532109293673 	0.10753979599686903 
32673     	0.5978260869565217  	45441.90899300001   	71086.11111999994   	0.6392515820184601  	0.202331549562785   	0.10774620902270725 
32695     	0.5989159891598916  	45514.86078900001   	71165.97715799994   	0.6395592754659953  	0.20303481246179184 	0.10795454432113459 
32739     	0.5983827493261455  	45702.49580600001   	71419.48641399994   	0.6399163323728582  	0.2031971189910767  	0.10787608779055595 
32760     	0.5994623655913979  	45968.48496100002   	71721.94030999995   	0.640926399401813   	0.20389983730544178 	0.10807731695866485 
32782     	0.6005361930294906  	46170.632952000014  	72021.57441099995   	0.641066698827238   	0.20453976500093826 	0.10828140271539997 
32826     	0.6                 	46210.26987400001   	72061.21133299996   	0.6412641283596953  	0.20464215662832969 	0.10819513925107699 
32847     	0.601063829787234   	46426.268266000014  	72359.00149699996   	0.6416101287401661  	0.2053329259968034  	0.10841028000305553 
32869     	0.6021220159151194  	46456.84840500001   	72389.58163599996   	0.6417615263837445  	0.20602895851487593 	0.10862458856831342 
32891     	0.6031746031746031  	46937.87940300001   	73175.75547899996   	0.6414403116954533  	0.20668882441725586 	0.10891889362199378 
32956     	0.6010498687664042  	47108.55511600001   	73482.56999699996   	0.6410847513624427  	0.20628741881591148 	0.10866567861951183 
32978     	0.6020942408376964  	47390.25916500001   	74396.19322799996   	0.6369984418391461  	0.20699785287112432 	0.10908466105749458 
33095     	0.5984455958549223  	47918.66073100001   	75763.34520299996   	0.6324781542130561  	0.20587362651450009 	0.1087021969279013  
33119     	0.599483204134367   	48013.39513200001   	75858.07960399995   	0.6329371292107993  	0.2063246991619978  	0.10911390705943486 
33166     	0.5989717223650386  	48179.96407000001   	76076.82819799996   	0.6333066876106521  	0.20626087886125352 	0.1092251166425899  
33190     	0.6                 	48616.55729700001   	76976.48501899996   	0.6315767378180502  	0.2067709771279041  	0.109618417727549   
33214     	0.6010230179028133  	48780.28245200001   	77337.06583599995   	0.6307490712854672  	0.20721805504781043 	0.11002354755066496 
33285     	0.5989847715736041  	48931.84018500001   	77501.37873899995   	0.6313673508930328  	0.20664317617565114 	0.10986897849861609 
33309     	0.6                 	49198.58036800001   	77842.10968699995   	0.6320304082947592  	0.20718536596278542 	0.11028689603062258 
33333     	0.601010101010101   	49284.52037500001   	77960.56571399994   	0.6321724313263883  	0.20775151203873543 	0.11070723752795601 
33357     	0.6020151133501259  	49675.59781500001   	78477.75135399993   	0.6329895665705525  	0.2083968493870515  	0.11117208731832068 
33380     	0.6030150753768844  	49767.17054200001   	78569.32408099994   	0.6334173180705136  	0.2090622696699277  	0.11163784953720654 
33404     	0.6040100250626567  	49810.26771700001   	78621.84838399994   	0.6335423135019644  	0.20969055072450776 	0.11209668651299692 
33428     	0.605               	50071.69759900001   	79012.51847199994   	0.6337185368511468  	0.21032546712100225 	0.11248716700734937 
33452     	0.6059850374064838  	50224.321158000006  	79166.34992199994   	0.6344150160703937  	0.21099508103069414 	0.11287938643557144 
33476     	0.6069651741293532  	50623.53133700001   	79838.01521799994   	0.634078029103943   	0.2116886347092788  	0.1133154836962955  
33523     	0.6064356435643564  	50809.153384000005  	80071.17385499994   	0.6345498752898237  	0.2118466739252439  	0.11336948794777768 
33547     	0.6074074074074074  	50864.164085000004  	80127.04005399994   	0.6347939977655629  	0.2125374242683102  	0.11370313084231315 
33571     	0.6083743842364532  	51067.115432000006  	80381.76990199994   	0.6353071784094845  	0.21327271865736017 	0.11404703836567975 
33595     	0.6093366093366094  	51149.71763600001   	80464.37210599994   	0.6356815606367723  	0.21397464998643254 	0.11437814197128017 
33619     	0.6102941176470589  	51276.30858800001   	80603.24806299993   	0.6361568524871624  	0.21470460290263907 	0.11471228115494751 
33642     	0.6112469437652812  	51465.11529500001   	80875.78196299993   	0.6363476685584928  	0.215478526405363   	0.11505916032085835 
33666     	0.6121951219512195  	51672.04097700001   	81196.91036999993   	0.6363793984468089  	0.21630974169893372 	0.11542023089307742 
33690     	0.6131386861313869  	51790.32680100001   	81327.14817199993   	0.6368147410194185  	0.21714082131620444 	0.11576359784866028 
33714     	0.6140776699029126  	51835.47938200001   	81372.30075299993   	0.6370162684639221  	0.21795533359602876 	0.11610440645708443 
33738     	0.6150121065375302  	52065.513112000015  	81661.07468699993   	0.6375805524426758  	0.21878936158195858 	0.11644965908393545 
33761     	0.6159420289855072  	52261.92427800001   	81902.74778799992   	0.6380973250528382  	0.21966690982207168 	0.11680163344463344 
33785     	0.6168674698795181  	52306.23159600001   	81956.56997399993   	0.6382188958443936  	0.22050851389004397 	0.11714151131355949 
33857     	0.6148325358851675  	52454.15065900001   	82254.16235699992   	0.6377081615801794  	0.22030655328128382 	0.11693568494190976 
33904     	0.6142857142857143  	52528.99472000002   	82331.18040999993   	0.6380206679706472  	0.2206233500933985  	0.11698896076523055 
33928     	0.6152019002375297  	52601.033979000014  	82441.04109599993   	0.6380442711506737  	0.22141282065440096 	0.11727812943128621 
33952     	0.6161137440758294  	52664.712135000016  	82514.12312599993   	0.6382508853009374  	0.22216048833637783 	0.11755387923389471 
34000     	0.6155660377358491  	52956.827201000015  	83006.88184399993   	0.6379811652306747  	0.22240560945053786 	0.11757131030677433 
34056     	0.6150234741784038  	53079.779292000014  	83204.95057299994   	0.6379401577245145  	0.2225907473540097  	0.11756456879114757 
34075     	0.6159250585480094  	53171.529793000016  	83296.70107399994   	0.6383389630972657  	0.22328235698374677 	0.11783187750922795 
34094     	0.616822429906542   	53438.743168000015  	83873.34165299994   	0.6371362117546994  	0.22402348908230688 	0.11814600515356773 
34150     	0.6148491879350348  	53593.06672800001   	84074.26161199994   	0.6374491515052528  	0.22369930088601966 	0.11791738055969654 
34169     	0.6157407407407407  	53735.74543800001   	84349.22873299994   	0.6370626767447487  	0.22443904493407388 	0.11825120324913237 
34207     	0.6152073732718893  	53835.43938200001   	84456.67320799993   	0.6374326306864357  	0.22461431002149798 	0.11830476561728898 
34226     	0.6160919540229886  	53914.256210000014  	84537.63336099994   	0.637754501356463   	0.22533381026275784 	0.11863043088111343 
34264     	0.6155606407322655  	53974.73743700001   	84605.58803399994   	0.6379571218783977  	0.2255074868510973  	0.11866251016438722 
34283     	0.6164383561643836  	54214.91520000001   	84845.76579699994   	0.6389819773648268  	0.22617426297709506 	0.11896310420008677 
34301     	0.6173120728929385  	54294.09104900001   	84943.70563399994   	0.6391773309600943  	0.2268552010528662  	0.11926743494725946 
34320     	0.6181818181818182  	54391.18401400001   	85040.79859899994   	0.6395892902002879  	0.22750132844454382 	0.11956591766278889 
34396     	0.6148648648648649  	54599.71639500001   	85369.58859899994   	0.6395686952582974  	0.22652593044014727 	0.11904446047037649 
34415     	0.6157303370786517  	54793.12385700001   	85636.58780499993   	0.6398331047678769  	0.22711885191507727 	0.11934018611816845 
34433     	0.6165919282511211  	54898.42156900001   	85934.27048199993   	0.6388420040232867  	0.22772358382300079 	0.1196567734206538  
34452     	0.6174496644295302  	55257.595452000016  	86467.76127399993   	0.6390543092343883  	0.2284004385852248  	0.11999186222421275 
34471     	0.6183035714285714  	55490.863759000014  	86746.03578799994   	0.6396933675979736  	0.22905524908003252 	0.12034329993422253 
34490     	0.6191536748329621  	55618.46828900001   	87188.13644799993   	0.6379132592445251  	0.22970161883227977 	0.12070438212695593 
34528     	0.6186252771618626  	55887.00975000001   	87543.07794199993   	0.6383943889547375  	0.229821883167821   	0.12079702825837876 
34603     	0.6153846153846154  	56150.92910000001   	87897.87830899993   	0.6388200737064966  	0.22891881000069134 	0.12032100847157358 
34905     	0.5966029723991507  	56279.94638700001   	88101.34963399994   	0.6388091285866129  	0.2221465185343502  	0.11679298027215808 
34962     	0.5949367088607594  	56508.52292900001   	88387.03270699993   	0.6393304673585308  	0.22176444203225357 	0.11660049645489427 
35040     	0.5932914046121593  	56851.88803200001   	89604.77541699994   	0.634473863334007   	0.2213004144931787  	0.11641085662451357 
35102     	0.5916666666666667  	56939.72992900001   	89709.96921899993   	0.6347090565820925  	0.22075449398967958 	0.11617319785001833 
35163     	0.5900621118012422  	57291.570016000005  	90139.05546599993   	0.6355909735221281  	0.2202855385464276  	0.1159494002133111  
35183     	0.5909090909090909  	57430.154114000004  	90287.79548699994   	0.6360788166798144  	0.2207569987468444  	0.11621007868554387 
35204     	0.5917525773195876  	57622.740724        	90640.63646499993   	0.6357274504162436  	0.22124650069692317 	0.11650146110499805 
35244     	0.5913757700205339  	57740.36062         	90760.38374399993   	0.636184624151252   	0.22122429834727558 	0.11653790431105046 
35265     	0.5922131147540983  	57771.943519        	90791.96664299993   	0.6363111809898682  	0.2216189102906903  	0.11677079668422427 
35306     	0.5918367346938775  	57910.601285        	90957.96755399993   	0.6366743105887852  	0.2215959163183681  	0.11676939088990507 
35326     	0.5926680244399185  	58093.198257        	91192.65294799993   	0.6370381426464917  	0.22204025650603829 	0.11701032917242762 
35367     	0.592292089249493   	58379.49651899999   	91742.65840399993   	0.636339708643702   	0.22199875898061247 	0.11701325720230032 
35387     	0.5931174089068826  	58702.827119999994  	92163.60794399993   	0.63694150467361    	0.22244211540324613 	0.11725941743260909 
35408     	0.593939393939394   	58885.145259        	92364.38189499993   	0.6375308755483341  	0.2229199657332873  	0.1175101894904622  
35428     	0.594758064516129   	59070.662251999995  	92588.95610199992   	0.6379882087332883  	0.22339174142955792 	0.11775629349205063 
35489     	0.593186372745491   	59280.71440799999   	92831.70037799992   	0.638582662674666   	0.22301399909447747 	0.1175339016767523  
35530     	0.592814371257485   	59502.92744199999   	93197.34206799993   	0.6384616355108567  	0.22313362039128404 	0.11756311406522374 
35551     	0.5936254980079682  	59818.366216999995  	93610.38524499992   	0.6390142083107719  	0.22370028200737863 	0.11782472911742375 
35612     	0.592079207920792   	60039.91265499999   	93908.79510999992   	0.6393428068656651  	0.2234210995801011  	0.11762711481635375 
35632     	0.5928853754940712  	60170.870707999995  	94102.78133899992   	0.639416496003852   	0.2240284895962042  	0.11788564598508564 
35653     	0.5936883629191322  	60278.85830099999   	94260.50086399991   	0.6394922342707577  	0.22465986088937537 	0.11814849230613539 
35693     	0.593320235756385   	60626.65364499999   	94725.17440399992   	0.6400268358063845  	0.22492414546760103 	0.11818970835902566 
35734     	0.5929549902152642  	60769.337499999994  	94881.05482699991   	0.6404791516157039  	0.22513769790786115 	0.11821741471747672 
35775     	0.5925925925925926  	60942.950752        	95135.08477699991   	0.6405938555145295  	0.22530560886191933 	0.11825106737575064 
35836     	0.5910852713178295  	61063.812809999996  	95298.73242799992   	0.640762067387779   	0.22505037122384916 	0.11805990276812167 
35857     	0.5918762088974855  	61256.996182999996  	95748.60182899992   	0.6397690933638964  	0.2256828399547936  	0.11835591106920311 
35877     	0.5926640926640927  	61657.367379999996  	96307.95675799991   	0.6402105231547067  	0.2263521013495457  	0.11855676967548319 
35897     	0.5934489402697495  	61803.049643        	96488.52932899991   	0.6405222472846305  	0.2270167569557923  	0.11875408469562626 
35918     	0.5942307692307692  	62076.861145999996  	96865.7444589999    	0.6408546333144127  	0.22772721901137932 	0.11896198204689967 
35938     	0.5950095969289827  	62174.016568        	96962.8998809999    	0.6412144917726738  	0.22834074535057963 	0.1191474803185961  
35979     	0.5946462715105163  	62535.58636         	97457.7827199999    	0.6416684703331209  	0.22859496632901657 	0.11912051432320851 
36000     	0.5954198473282443  	62831.054464        	97857.9931109999    	0.642063590990784   	0.22935371076500816 	0.11933660669602451 
36060     	0.5961904761904762  	63142.440972000004  	98254.6591089999    	0.6426406802953968  	0.23015394155260963 	0.11955387205378146 
36121     	0.5958254269449715  	63172.674967000006  	98288.0293559999    	0.6427301003074154  	0.23041030309312943 	0.11952673072204949 
36181     	0.5954631379962193  	63418.69390900001   	98735.79539699989   	0.642307013925438   	0.2306571752216015  	0.11950761937966536 
36272     	0.5939849624060151  	63743.29598400001   	99237.53487399989   	0.6423305059414639  	0.23054375896496349 	0.11928360204150179 
36303     	0.5947467166979362  	63985.873321000014  	99591.43332099989   	0.642483707557083   	0.2312057749235142  	0.11949888619489174 
36333     	0.5955056179775281  	64018.766935000014  	99683.8390939999    	0.642218111951242   	0.23187047484827483 	0.11971945896221146 
36454     	0.5929368029739777  	64178.246673000016  	99863.89658999989   	0.6426571450189804  	0.23114350614153015 	0.11918154576003655 
36484     	0.5936920222634509  	64203.12327400002   	99890.68302399988   	0.642733849948493   	0.2317137111099417  	0.11931233828954675 
36515     	0.5944444444444444  	64581.30943700002   	100564.10877699988  	0.6421904417231854  	0.23225437966561782 	0.11946916677967315 
36545     	0.5951940850277264  	64824.62411000002   	101036.36097199988  	0.6415969803976295  	0.23282750969453395 	0.11965127567538297 
36575     	0.5959409594095941  	65108.05747900002   	101442.79022399988  	0.6418204520521598  	0.23341758203653026 	0.11983798102664096 
36666     	0.5944954128440367  	65452.382503000015  	102048.18746699988  	0.641387016542218   	0.23313930766049293 	0.11959100065774445 
36727     	0.5941499085923218  	65599.70110400002   	102416.42543999988  	0.6405193387893747  	0.23320432851431144 	0.11953353485659372 
36818     	0.5927272727272728  	65849.89463200003   	102754.21859199987  	0.6408485757014641  	0.23277909637743613 	0.1192452235184253  
36848     	0.5934664246823956  	66327.98791900002   	103917.29354299988  	0.6382767069617167  	0.23317384315171147 	0.11945598908501752 
36909     	0.593128390596745   	66512.77866600003   	104158.48802199987  	0.6385728127308405  	0.23298391394343204 	0.11941750227418753 
36939     	0.5938628158844765  	66596.32939200003   	104289.97846999987  	0.6385688286545881  	0.2332287174777026  	0.11960081146343886 
36969     	0.5945945945945946  	66735.48479200003   	104456.94884999987  	0.6388802806008833  	0.23347949947542218 	0.11977183534562033 
37037     	0.5942549371633752  	66971.79821700003   	104772.52654499987  	0.6392114462204517  	0.23319775275393273 	0.11967974766507278 
37055     	0.5949820788530465  	67067.26499500003   	104891.97360099987  	0.6393936799217659  	0.23334671910674434 	0.11980631846535827 
37111     	0.5935828877005348  	67181.08627600003   	105130.03071699987  	0.6390285042039527  	0.2326695322993509  	0.11952082950581437 
37166     	0.5921985815602837  	67299.61895300003   	105264.32167699987  	0.6393393115618672  	0.23191738689799968 	0.11916451668955197 
37203     	0.5918727915194346  	67430.99241600002   	105407.16869799986  	0.6397192263952683  	0.23160234710507815 	0.11902299305213082 
37259     	0.5905096660808435  	67909.92892100003   	106274.66311099986  	0.639003944430957   	0.230942177888796   	0.11871049078739976 
37277     	0.5912280701754385  	68129.88287700003   	106729.80960099986  	0.6383397771597054  	0.2310259847470311  	0.11882617696116252 
37296     	0.5919439579684763  	68459.20694000003   	107137.49079399985  	0.6389846022400408  	0.23116100801737996 	0.11895206697919786 
37314     	0.5926573426573427  	68605.99117300003   	107315.55251899986  	0.6392921581506424  	0.2312674711156563  	0.11906952400171802 
37351     	0.5923344947735192  	68638.64254400003   	107384.38479199987  	0.6391864392290453  	0.23094153251796873 	0.11897759754311014 
37370     	0.5930434782608696  	68744.12053700002   	107496.32052399986  	0.639502079716785   	0.2309845193767424  	0.11905850715261415 
37407     	0.5927209705372617  	68801.60176500003   	107553.80175199987  	0.6396947448091552  	0.2306379269224603  	0.11893324953662503 
37425     	0.5934256055363322  	68922.87857900003   	107690.76731299987  	0.6400073125923397  	0.23071097305352087 	0.11901612684303921 
37462     	0.593103448275862   	69097.15771700002   	108091.24177399988  	0.6392484403266478  	0.2303913285792609  	0.11892358265362277 
37481     	0.5938037865748709  	69287.81873000003   	108362.65329099988  	0.6394068124553274  	0.23050359575065785 	0.11904664499217302 
37500     	0.5945017182130584  	69510.69445300003   	108669.89769499988  	0.6396499483977922  	0.2306392895488846  	0.11917790575666411 
37518     	0.5951972555746141  	69738.21317400003   	109010.36036199988  	0.6397393141570625  	0.2308135035784938  	0.11932071098643564 
37592     	0.5928449744463373  	69859.91061300003   	109132.05780099987  	0.6401410549811879  	0.22976440357975098 	0.11884679794926398 
37629     	0.5925297113752123  	70115.97801800002   	109515.21596599987  	0.6402395995801008  	0.2295392900735377  	0.11879515826302728 
37648     	0.5932203389830508  	70238.41209100002   	109664.87858599988  	0.6404822856382285  	0.22972526470046858 	0.11894767493299091 
37666     	0.5939086294416244  	70442.43928100001   	109960.23721599988  	0.6406173819234924  	0.22995047208559163 	0.11911200725510797 
37722     	0.5925925925925926  	70768.79139800002   	110803.38742999987  	0.638687977321165   	0.22940094829394647 	0.11890914388270842 
37740     	0.5932773109243697  	70863.12253500002   	110925.98439299988  	0.638832487471456   	0.22964245943029224 	0.11911036771054995 
37759     	0.5939597315436241  	70992.75073900001   	111123.24487899987  	0.6388649900954814  	0.22990191826894127 	0.11931845377124875 
37777     	0.5946398659966499  	71022.982799        	111153.47693899987  	0.638963213341287   	0.23015666503587184 	0.11952064863964273 
37814     	0.5943238731218697  	71128.180955        	111292.88526799987  	0.639108068621989   	0.23004785021077712 	0.11952582902573605 
37833     	0.595               	71524.147541        	112089.78465299986  	0.638096930620571   	0.23029529698447385 	0.11973569857286646 
37870     	0.5946843853820598  	71702.578761        	112627.11424199987  	0.6366369168167973  	0.23017381847655638 	0.11978174987964643 
37888     	0.5953565505804311  	71837.951575        	112798.89965999986  	0.6368674853348306  	0.23045602858657915 	0.12002566295057325 
37925     	0.5950413223140496  	72060.415901        	113040.84124999987  	0.6374723958540965  	0.23040820104672685 	0.12007350243584694 
37962     	0.5947281713344317  	72116.70897         	113097.13431899987  	0.637652840668702   	0.2303708555607189  	0.12012196917231946 
38093     	0.5915032679738562  	72161.00343200001   	113145.16918399987  	0.6377736137779754  	0.2290727823470973  	0.11952639597833711 
38162     	0.5902439024390244  	72254.89218100002   	113241.30794499986  	0.638061264853047   	0.22853369064818294 	0.11931092950535026 
38209     	0.5899513776337115  	72366.71039000002   	113363.05454899986  	0.6383623895624685  	0.22834046177346012 	0.11927779118224567 
38232     	0.5906148867313916  	72608.43753800003   	113692.47969699986  	0.6386388768325548  	0.22854058501987853 	0.11944605056513101 
38279     	0.5903225806451613  	72927.73443600003   	114054.65850699985  	0.6394103966522704  	0.22837563244929468 	0.1193950432163362  
38325     	0.590032154340836   	73206.09213600002   	114406.32891399985  	0.6398779930350673  	0.22822699815240274 	0.11934218926275748 
38348     	0.5906902086677368  	73711.50590000002   	116217.68832199986  	0.6342537608885354  	0.22846568247218957 	0.11957080762182805 
38372     	0.5913461538461539  	73769.81563800001   	116316.84244999985  	0.6342143930678897  	0.22869448734803877 	0.11980100518198686 
38465     	0.589171974522293   	73885.20325100001   	116449.25901099986  	0.634484099585561   	0.22769234373812205 	0.11943563464266982 
38488     	0.589825119236884   	73999.74764200002   	116611.18415599986  	0.6345853373978674  	0.22778703747091705 	0.11965139982239222 
38511     	0.5904761904761905  	74104.13348100001   	116725.26492299986  	0.6348594156533658  	0.22785412285902043 	0.11985813454048608 
38581     	0.5892575039494471  	74197.595398        	116818.72683999986  	0.6351515497992402  	0.2271840487069832  	0.11968197905809387 
38651     	0.5880503144654088  	74520.37579         	117212.42206199985  	0.6357719982151911  	0.22651513260257236 	0.1193945679315272  
38674     	0.5886970172684458  	74692.900184        	117448.96644299985  	0.6359604724171825  	0.22656010816969435 	0.11948137528043988 
38720     	0.5884194053208138  	74755.07487899999   	117511.14113799985  	0.6361530843378583  	0.2262578246425177  	0.1193819615345776  
38767     	0.5881435257410297  	74925.966999        	117707.87488999985  	0.6365416678282543  	0.22595674149362868 	0.11923376859325802 
38790     	0.5887850467289719  	75226.541138        	118091.68034199985  	0.637018127950588   	0.22601302326494224 	0.11919063694443735 
38813     	0.5894245723172629  	75395.787473        	118280.36545899985  	0.6374328248007896  	0.2261001615191026  	0.11915033769866291 
38883     	0.5882352941176471  	75473.58522600001   	118381.29221899985  	0.6375465566499934  	0.22547654918566254 	0.11874321370261384 
38906     	0.58887171561051    	75590.89547300001   	118563.92864399985  	0.6375539030928141  	0.2255684061643065  	0.11871163442973531 
38930     	0.5895061728395061  	75818.34750000002   	118832.81945599985  	0.6380253186542731  	0.22567145217899187 	0.11867671078441162 
39000     	0.5883256528417818  	75935.49807300002   	118988.88614899985  	0.6381730305291903  	0.22509502157313518 	0.11828149031607382 
39040     	0.588957055214724   	76196.46223300003   	119313.11632999986  	0.6386260335557201  	0.22522631843311636 	0.11826232236797972 
39061     	0.5895865237366003  	76366.57856800003   	119563.24116499985  	0.638712850403683   	0.22529139725000183 	0.11823140443423495 
39081     	0.5902140672782875  	76623.79809700002   	119925.86410599985  	0.6389263789608713  	0.2253807345437716  	0.1182011735607855  
39122     	0.5899390243902439  	76711.79083500002   	120161.78483699985  	0.6384042225992232  	0.22513362405209028 	0.11800450825361075 
39142     	0.5905631659056316  	76793.91696700003   	120243.91096899986  	0.6386511911343129  	0.22525168727689177 	0.11798860774960662 
39163     	0.5911854103343465  	77052.66615300003   	120604.78321399986  	0.6388856569335114  	0.22542079612641214 	0.11798164623845757 
39183     	0.5918057663125948  	77186.24581600002   	120742.87022299986  	0.6392613135122996  	0.22560906629627953 	0.11797594870158286 
39204     	0.5924242424242424  	77295.64060300002   	120861.11120199985  	0.6395410387532581  	0.22581937603104843 	0.11797152191810203 
39244     	0.5921450151057401  	77562.30396600002   	121224.17099299986  	0.6398254022333457  	0.22572749559841523 	0.1177983317435471  
39285     	0.5918674698795181  	77649.44682200003   	121311.31384899987  	0.6400841303116445  	0.22559184126827111 	0.11761619385551907 
39306     	0.5924812030075188  	78385.30124300002   	122918.05696599987  	0.6377037123575915  	0.2258256100314943  	0.11769329068326555 
39346     	0.5922038980509745  	78489.25941100002   	123164.83038099988  	0.6372700645809376  	0.22572267832073628 	0.11760230362161397 
39367     	0.592814371257485   	78947.11386400001   	123865.89068099987  	0.6373595945579386  	0.2260070059433954  	0.11771425222546791 
39387     	0.593423019431988   	79082.47598400002   	124084.09450899987  	0.6373296778844135  	0.22629828782039654 	0.11784178410721648 
39408     	0.5940298507462687  	79325.45446000002   	124454.26321699987  	0.6373863972959066  	0.22662540086609612 	0.11798041606740094 
39428     	0.5946348733233979  	79530.61273000002   	124754.44519399987  	0.6374972259010542  	0.22698583085273116 	0.11812695800404957 
39448     	0.5952380952380952  	79802.14971500002   	125089.32404299987  	0.6379613154482133  	0.22739501844886406 	0.11828040375967161 
39489     	0.5949554896142433  	79989.93611200002   	125415.83823199986  	0.6377977234743752  	0.2274557565527749  	0.11824325378559804 
39510     	0.5955555555555555  	80271.69391800002   	125942.58808699987  	0.6373673523570053  	0.22789344480947624 	0.11840258590711629 
39591     	0.593519882179676   	80433.47251600002   	126140.46286799987  	0.6376500504851478  	0.22729183932489844 	0.11803145205268624 
39632     	0.593245227606461   	80515.38172300003   	126227.77219199987  	0.6378579002450537  	0.2273665619663484  	0.11800149537076145 
39673     	0.5929721815519766  	80616.98437600002   	126525.09646099988  	0.637162006834347   	0.22740473268762232 	0.11796543547299779 
39714     	0.5927007299270073  	80897.31834600003   	126936.44892499987  	0.6373056677660649  	0.2274693801968939  	0.11792490585238383 
39755     	0.5924308588064047  	81055.06373100003   	127142.62447799987  	0.6375129038257772  	0.22750657764003437 	0.11786285657442148 
39795     	0.5921625544267054  	81228.81123500003   	127356.29227699987  	0.6378076008865539  	0.22753977579692183 	0.11779346256237615 
39857     	0.5910404624277457  	81337.32957400003   	127497.04598599987  	0.6379546203990599  	0.22724320142187804 	0.11755382940118167 
39877     	0.5916305916305916  	81544.87148800003   	127982.18605199987  	0.6371579827122807  	0.22761055647995357 	0.11767190841106488 
39918     	0.5913669064748202  	81642.21208000003   	128213.24051399987  	0.6367689620253014  	0.22765753686289025 	0.11762948516769162 
39938     	0.5919540229885057  	81756.77384900003   	128365.32077399988  	0.6369070194039487  	0.22805250707962288 	0.11775957452086148 
39979     	0.5916905444126075  	82015.25174300003   	128784.07025299988  	0.6368431404744297  	0.2281417618205128  	0.11771666584962222 
40000     	0.592274678111588   	82142.38340300003   	128961.39002699988  	0.6369533035104721  	0.22857148694257656 	0.11784719634559551 
40066     	0.5928571428571429  	82252.43693800003   	129071.44356199988  	0.6372628574382513  	0.22894611866041045 	0.11795883222554569 
40166     	0.5917496443812233  	82416.42484900003   	129249.94647299989  	0.6376515201591724  	0.2285614631134939  	0.11771751763985705 
40200     	0.5923295454545454  	82618.40580300003   	129502.79930499989  	0.6379661771512786  	0.22881588222549798 	0.11781200653788866 
40233     	0.5929078014184397  	82741.28780400004   	129629.03220399989  	0.6382928761960389  	0.2290677386194907  	0.11789746465355333 
40266     	0.5934844192634561  	82920.34641200004   	129886.35925599988  	0.6384068880440936  	0.22934673305444256 	0.11798832334099618 
40300     	0.594059405940594   	83082.91389600004   	130218.35367599988  	0.6380276785154348  	0.22962916384813037 	0.11808677435445782 
40333     	0.594632768361582   	83442.81256400004   	130780.72463299989  	0.638036016379014   	0.22983668972229332 	0.11818043868298084 
40366     	0.5952045133991537  	83458.32889600004   	130796.24096499989  	0.6380789560942571  	0.23001203232136752 	0.11826662368665494 
40400     	0.5957746478873239  	83688.39377500003   	131097.7525509999   	0.6383663498917986  	0.23021032895850324 	0.11835894015309344 
40433     	0.5963431786216596  	84169.24478500003   	132036.1036069999   	0.6374714376268354  	0.23043116246964745 	0.11849193437360463 
40466     	0.5969101123595506  	84308.05178400002   	132184.60889399992  	0.6378053578961485  	0.23065867440774437 	0.11862411786504216 
40533     	0.5966386554621849  	84581.15519000002   	132546.58946299992  	0.6381239648086958  	0.2306019504026092  	0.11859764444228235 
40700     	0.5938803894297635  	84627.59639600002   	132635.59283799992  	0.6380459014448973  	0.22950284011622418 	0.11806986596599565 
40733     	0.5944444444444444  	84911.83614700002   	133305.7922539999   	0.6369703424830154  	0.22968173418271876 	0.1182259585281168  
40800     	0.5941828254847645  	85055.62079600002   	133468.9582159999   	0.6372689345364484  	0.2295602094671148  	0.1182193379408184  
40866     	0.5939226519337016  	85183.05162800002   	133645.1165969999   	0.6373824483603483  	0.22941855513592277 	0.11814243502676557 
40900     	0.5944827586206897  	85290.01320000002   	133752.0781689999   	0.6376724337115229  	0.2295799999676094  	0.11822839959526713 
41071     	0.5925925925925926  	85361.20848100001   	133823.2734499999   	0.6378651954952614  	0.2287504790101754  	0.11781770721892101 
41107     	0.5931506849315068  	85463.946641        	133936.26662999988  	0.6380941382896308  	0.22885585109369985 	0.11789314814965314 
41178     	0.592896174863388   	85678.4883          	134298.7213839999   	0.6379695012510193  	0.22865870559656135 	0.11782763127884398 
41214     	0.5934515688949522  	86163.43854599999   	135167.4122819999   	0.6374571880257435  	0.22874529946136915 	0.1178962750288254  
41321     	0.592391304347826   	86885.661459        	137183.21045499988  	0.6333549212824484  	0.22818918837163513 	0.11771180125828386 
41428     	0.591339648173207   	86956.01259299999   	137275.0156139999   	0.633443836841435   	0.22760952867739903 	0.1175260713513162  
41464     	0.5918918918918918  	87048.763163        	137369.25758599988  	0.6336844552610559  	0.22765906512815495 	0.1176602356877814  
41535     	0.5916442048517521  	87309.990471        	137738.89370899988  	0.6338804394309953  	0.2273909634378088  	0.11763266176525941 
41571     	0.5921938088829072  	87464.040397        	137949.42206799987  	0.6340297703740003  	0.22741262115668698 	0.11775789528991952 
41607     	0.592741935483871   	87731.452692        	138391.44497699986  	0.6339369655875813  	0.22745976503152435 	0.11789987211713132 
41642     	0.5932885906040268  	87871.340783        	138531.33306799986  	0.6343066137959363  	0.2275208760580879  	0.11804445918321581 
41678     	0.5938337801608579  	87940.388174        	138600.38045899986  	0.634488793485052   	0.22758271959658508 	0.11818929928208051 
41714     	0.5943775100401606  	88442.85544900001   	139778.87240099986  	0.6327340743976939  	0.22763108526140607 	0.11834992078824995 
41750     	0.5949197860962567  	88580.261194        	140211.66610599984  	0.6317609914643867  	0.22768799992449404 	0.11853124936964977 
41857     	0.5938748335552596  	88899.390731        	140633.18663799984  	0.6321366446728792  	0.22713090748320722 	0.1183020207820626  
41892     	0.5944148936170213  	89030.513149        	140802.35632799985  	0.6323084035724725  	0.2271741520612233  	0.1183941281375325  
41928     	0.5949535192563081  	89256.308571        	141071.96531299985  	0.6327005395647876  	0.22723826756135118 	0.11849729001939448 
42045     	0.593915343915344   	89346.88319200001   	141203.76124899986  	0.6327514394920755  	0.22667335380232123 	0.11827806909201671 
42068     	0.5944517833553501  	89357.02858900001   	141213.90664599984  	0.6327778241629095  	0.2267003763817897  	0.11837159725670675 
42090     	0.5949868073878628  	89412.667176        	141269.54523299984  	0.6329224535162846  	0.2267293538845994  	0.11846743298856603 
42136     	0.5947368421052631  	89423.990737        	141280.86879399983  	0.6329518745201673  	0.22646092983754598 	0.1184072386788759  
42159     	0.59526938239159    	89681.28571         	141613.21232199983  	0.6332833232119817  	0.22651004772892752 	0.1185148399968527  
42181     	0.5958005249343832  	89774.671433        	141726.86745799982  	0.6334343871644827  	0.22656536795139934 	0.11862619499942179 
42272     	0.5939947780678851  	89963.596933        	141951.70609099983  	0.6337619984315495  	0.22573635169756007 	0.11821526604430851 
42318     	0.59375             	90281.42438699999   	142429.99660399984  	0.6338652428533768  	0.22553868713005698 	0.11810805129842443 
42340     	0.5942782834850455  	90559.14174299999   	142891.90397999983  	0.633759780789787   	0.2256053094872844  	0.11815577134735675 
42363     	0.5948051948051948  	90584.48785399999   	142917.25009099982  	0.6338247328179213  	0.22567538966216938 	0.1182034179327665  
42386     	0.5953307392996109  	90677.88360999999   	143063.50498099983  	0.6338295963183822  	0.22575157326228537 	0.1182550831676864  
42409     	0.5958549222797928  	90723.17039099999   	143118.52257799983  	0.6339023681687024  	0.22583304234036025 	0.11830772789070124 
42431     	0.5963777490297542  	90935.05380699999   	143383.74559699983  	0.6342075486198118  	0.22586764024197353 	0.11832112141563766 
42454     	0.5968992248062015  	90982.32607299999   	143440.80323599983  	0.6342848340252869  	0.2259043011743032  	0.11833537701815434 
42477     	0.5974193548387097  	91076.25924099999   	143610.60191399982  	0.6341889667417476  	0.2259427632726944  	0.11835500519505182 
42500     	0.5979381443298969  	91297.834985        	143887.17315099982  	0.6345098940069461  	0.22599864543081116 	0.11837994056026484 
42522     	0.5984555984555985  	91490.022246        	144125.9546519998   	0.6347921334981459  	0.22607251431162106 	0.11841446422322983 
42545     	0.5989717223650386  	91700.68359999999   	144422.3108419998   	0.6349481812427301  	0.22617591383067312 	0.11845581876495674 
42568     	0.5994865211810013  	91901.80574599998   	144808.8445269998   	0.6346422143356358  	0.22630054367772545 	0.1185174058640832  
42613     	0.5992317541613317  	91992.70646499998   	144902.0168919998   	0.6348614632021661  	0.22612444493354614 	0.11842502031697087 
42636     	0.5997442455242967  	92244.69625799998   	145204.8559619998   	0.6352728057671878  	0.22627170969891816 	0.11848856690643826 
42659     	0.6002554278416348  	92429.47698199998   	145445.5438829998   	0.635491982183742   	0.22643159821979017 	0.11856397193363873 
42681     	0.6007653061224489  	92629.72989699998   	145740.2374769998   	0.6355810275910828  	0.22661645497078348 	0.11864593932795303 
42704     	0.6012738853503184  	92896.96802499998   	146053.15658599982  	0.6360490262344989  	0.22681526215189726 	0.11872170523420612 
42727     	0.6017811704834606  	93253.58480699998   	146653.34485799982  	0.6358776535052421  	0.22702689283871252 	0.11881313423424282 
42772     	0.6015228426395939  	93471.37646199997   	146889.89560999983  	0.6363363257481729  	0.2269730446403351  	0.1187558416052656  
42795     	0.6020278833967047  	93557.92748099998   	146979.88500299983  	0.636535587703654   	0.22714955279805576 	0.11883180841204503 
42863     	0.601010101010101   	93661.85579499998   	147099.56559299983  	0.6367242174878126  	0.22673351787701523 	0.11859063382259312 
42886     	0.6015132408575031  	93885.57351499998   	147394.16106699983  	0.6369694215520731  	0.22690700958281704 	0.11863521321109823 
42931     	0.6012578616352201  	93960.30844599998   	147468.89599799985  	0.6371533997737013  	0.22679659898519755 	0.11853162981120398 
42977     	0.6010037641154329  	94429.95367299998   	148769.20527999985  	0.634741265810169   	0.22670996000076943 	0.11848811841344466 
43000     	0.6015037593984962  	94716.26265199998   	149116.17067299984  	0.6351843815765988  	0.22694665654735424 	0.11859908426104417 
43052     	0.6020025031289111  	94891.37582099998   	149362.72018099984  	0.6353082998623035  	0.2271883180629813  	0.11870826818982451 
43157     	0.6002490660024906  	95487.88550299998   	150918.84637799984  	0.6327101471729757  	0.22653384417440367 	0.11842077136745206 
43236     	0.5992555831265509  	95647.82087399998   	151363.41209899983  	0.6319084615471086  	0.22612898466462342 	0.11825949417228486 
43289     	0.599009900990099   	95919.11953399998   	151692.69747999983  	0.6323252280924505  	0.2260138201256849  	0.11823131139678147 
43342     	0.5987654320987654  	95998.40282299998   	151815.18693999984  	0.6323372829685368  	0.22586356495018847 	0.11820020878043412 
43368     	0.5992601726263872  	96688.79352099999   	153576.49856799984  	0.6295806612506445  	0.22602991052528448 	0.1184030471039028  
43394     	0.5997536945812808  	96858.82234499998   	153828.74793299983  	0.629653583263818   	0.22621593177628205 	0.11861125763053745 
43421     	0.6002460024600246  	97072.63564199998   	154123.42035999984  	0.6298370190283784  	0.22640132356957238 	0.11882146888129552 
43500     	0.5992647058823529  	97430.21664799997   	154577.05581899986  	0.6303019302042129  	0.22602565397812896 	0.11866819525857313 
43578     	0.5982905982905983  	97508.93658799997   	154670.14186999985  	0.6304315455400317  	0.22565507976186636 	0.11849771518472142 
43605     	0.598780487804878   	97728.48260799996   	155051.03551499985  	0.6302988063471887  	0.22584544386178995 	0.11862577475821076 
43631     	0.5992691839220463  	98009.04741299996   	155463.73785299985  	0.6304302776102895  	0.22606590820143618 	0.11876373672727612 
43657     	0.5997566909975669  	98207.59575799997   	155716.28717599987  	0.6306828754977947  	0.22627685522336166 	0.1188980342659357  
43710     	0.5995145631067961  	98427.28947799996   	156066.21498499985  	0.6306764695194294  	0.22622861451049855 	0.11890081038806302 
43736     	0.6                 	98516.98480699996   	156170.27841199984  	0.6308305639764429  	0.22643057687034668 	0.11904188149772367 
43763     	0.6004842615012107  	98840.68836699995   	156554.75907599984  	0.6313489858140788  	0.22666907773357298 	0.11918726066845174 
43842     	0.5995174909529554  	98910.43873299994   	156624.50944199983  	0.6315131589901504  	0.22631034068074862 	0.11902967368507575 
43868     	0.6                 	99263.40812599995   	157656.41718899983  	0.6296185711679732  	0.22651476288095546 	0.11920614142291705 
43921     	0.5997596153846154  	99622.64379399995   	158143.44225999984  	0.6299511530184904  	0.22646539438647567 	0.11922899711992371 
43947     	0.6002400960384153  	99827.05946099994   	158612.97838399984  	0.6293751020759474  	0.22666567012259414 	0.11939982939088109 
43973     	0.6007194244604317  	99893.22346099994   	158679.14238399983  	0.6295296405072613  	0.22687651988634902 	0.11957043950183449 
44054     	0.6004784688995215  	100166.70696599994  	159051.76768699984  	0.6297742453458259  	0.226799827799598   	0.1195927238686027  
44081     	0.6009557945041816  	100321.94498699994  	159226.02384099984  	0.6300599774266773  	0.22700261782538575 	0.11975764832968092 
44135     	0.600715137067938   	100674.40654099993  	159609.50832199983  	0.6307544431369158  	0.22693608207885418 	0.11977867672133613 
44243     	0.5990510083036773  	101018.15154999994  	160010.57358699985  	0.6313217263425097  	0.22631295528053738 	0.11945822065485487 
44270     	0.5995260663507109  	101342.79694799993  	160412.68371199985  	0.6317629915720865  	0.22653040223143392 	0.11956835977555368 
44297     	0.6                 	101464.62553999994  	160575.12815199984  	0.6318825755129018  	0.22669394410166566 	0.11967278303002894 
44324     	0.6004728132387707  	101552.58801199993  	160663.09062399986  	0.6320841184965355  	0.22685512793292542 	0.1197786545204749  
44351     	0.6009445100354192  	101650.81653099993  	160761.68000099986  	0.6323075034446499  	0.22702537157751226 	0.11988430453432866 
44378     	0.6014150943396226  	101847.06851899993  	161043.18763399986  	0.6324208432241546  	0.2271220950102567  	0.11990500944353012 
44459     	0.600470035252644   	102055.68371999993  	161322.67027899987  	0.6326183638263579  	0.2267061463344184  	0.11964899157585385 
44486     	0.6009389671361502  	102200.41200199992  	161479.56320599988  	0.6328999780091219  	0.2268431096949077  	0.11967619665974961 
44513     	0.6014067995310668  	102276.52604899992  	161555.67725299989  	0.6330729305713754  	0.2269694528587443  	0.11968676937420182 
44540     	0.6018735362997658  	102375.26621699992  	161654.41742099987  	0.6332970533702271  	0.22710213997354473 	0.11969936434227639 
44567     	0.6023391812865497  	102629.08688699992  	162097.86201999988  	0.6331304164538418  	0.22717724830948768 	0.1197144810980695  
44621     	0.6021003500583431  	102796.84293299992  	162348.5985369999   	0.6331858966406299  	0.2269641686956752  	0.11959302158860485 
44729     	0.6004645760743321  	103075.69458099992  	162687.3307069999   	0.6335815710606216  	0.2262389452863716  	0.11919653933014165 
44783     	0.6002317497103129  	103360.95289099992  	163112.8199289999   	0.6336776774259135  	0.22604501862329968 	0.11907717846660372 
44837     	0.6                 	103578.40331299992  	163646.5342569999   	0.632939791748565   	0.22583770264494962 	0.11897256231715339 
44864     	0.6004618937644342  	103618.34869599991  	163686.47963999992  	0.6330293676294495  	0.22589707240651508 	0.11900572439968707 
44891     	0.6009227220299884  	103921.27122399991  	164631.08002899992  	0.6312372560861174  	0.22595646512869638 	0.11907843563417192 
44918     	0.6013824884792627  	104064.57146099991  	164827.51233999993  	0.6313543775770848  	0.22603304579592973 	0.11915487374943415 
44972     	0.6011494252873564  	104620.33541799992  	165849.65549999994  	0.6308143065030362  	0.2258862780635919  	0.11911461896186436 
45000     	0.6016073478760046  	104774.38039299991  	166007.64302599995  	0.6311419069818988  	0.22600284147057342 	0.11920010188276885 
45044     	0.6020642201834863  	104889.83490499991  	166132.58235999994  	0.6313622133297703  	0.22610804818042857 	0.11923247556721865 
45088     	0.6018306636155606  	104990.68076099991  	166247.76232799995  	0.6315313920066945  	0.2259277409682902  	0.11912168361995196 
45111     	0.6022857142857143  	104998.30052499991  	166268.94672199996  	0.6314967562797883  	0.22598525154159985 	0.11914615801535162 
45133     	0.6027397260273972  	105275.55761399992  	166762.97394699996  	0.6312885595783284  	0.2260640286830126  	0.11918771251163479 
45155     	0.6031927023945268  	105642.04132099992  	167330.55605499996  	0.6313374186498035  	0.22616532864421882 	0.11924630688898956 
45222     	0.6022727272727273  	106013.08974799993  	167983.04717999997  	0.6310939795871368  	0.22571984411229815 	0.11900832012852885 
45266     	0.6020408163265306  	106310.50168199993  	168346.11163199996  	0.6314995971774614  	0.22554506460640214 	0.11891077383288524 
45288     	0.6024915062287656  	106714.75399799993  	168975.45533799997  	0.6315399700183641  	0.2256170787447693  	0.11894539600695508 
45311     	0.6029411764705882  	106912.60002499993  	169173.30136499996  	0.6319708793430152  	0.2257045319321992  	0.11898537994693117 
45355     	0.6027088036117382  	106938.85520199993  	169212.09493399996  	0.6319811550333367  	0.2255145903525146  	0.11887939426962683 
45377     	0.6031567080045096  	107197.05307799994  	169521.54630899997  	0.6323506091821721  	0.22556310221215797 	0.11890762932400917 
45400     	0.6036036036036037  	107312.34122899994  	169646.74168699997  	0.632563526784336   	0.22562376785171462 	0.11893628278405441 
45422     	0.6040494938132733  	107758.47544899995  	170470.53880199997  	0.6321237452892694  	0.2257178984276805  	0.11899193452061133 
45444     	0.604494382022472   	107795.70496599995  	170507.76831899997  	0.6322040692264934  	0.2258105961225045  	0.11904777988315106 
45511     	0.6035834266517357  	107925.29068299994  	170662.96651399997  	0.6323884606455995  	0.22540215344655729 	0.1188191414814073  
45533     	0.6040268456375839  	108049.24348499994  	170792.40076399996  	0.6326349591765609  	0.22548803893890407 	0.11884179942684367 
45577     	0.6037946428571429  	108086.45294599995  	170829.61022499995  	0.6327149772433427  	0.22531834201634426 	0.11873119923893931 
45622     	0.6035634743875279  	108292.28678099994  	171097.17773899995  	0.6329285392783879  	0.2251214204790909  	0.11859882441119407 
45644     	0.6040044493882091  	108443.61551099994  	171287.40804699995  	0.6331090927667248  	0.22518136758796992 	0.118602294855707   
45688     	0.6037735849056604  	108730.04298999994  	171615.30959399993  	0.6335684342336868  	0.22502569736622316 	0.11847887357967161 
45733     	0.6035437430786268  	108917.51465699995  	171824.97568999993  	0.6338863964311263  	0.22489092736886737 	0.11835955052897189 
45777     	0.6033149171270719  	108971.76606699995  	171879.53824199992  	0.6340008076678202  	0.22476578819499646 	0.1182407742342184  
45800     	0.6037527593818984  	109361.46296399995  	172419.74344299993  	0.6342745951257818  	0.22492421978400445 	0.11825729823455226 
45822     	0.6041896361631753  	109516.94488699995  	172593.51130899994  	0.6345368609537592  	0.22508517988753984 	0.11825727190748311 
45844     	0.6046255506607929  	109979.96693299995  	173385.53461699994  	0.6343087800025546  	0.22527667794495532 	0.11827922539990528 
45888     	0.6043956043956044  	110267.73169899994  	173796.51456499993  	0.6344645747067602  	0.22525923378541932 	0.1181801405443112  
45933     	0.6041666666666666  	110483.26838199994  	174211.39701699992  	0.6341908180164513  	0.22526328834390896 	0.11809436596081453 
45955     	0.6046002190580504  	110764.89723599993  	174558.50683699994  	0.6345431067385934  	0.22554568742963893 	0.11814288179214148 
46000     	0.6043715846994535  	110843.35739199993  	174636.96699299992  	0.6347072976619145  	0.2255323369246775  	0.11804575537156536 
46046     	0.6048034934497817  	111173.27507199993  	175338.06457599992  	0.6340509993699178  	0.22577741039132557 	0.11810417973055778 
46069     	0.6052344601962922  	111407.63014399994  	175711.8660289999   	0.6340358944546918  	0.22603283253316375 	0.11817509410620008 
46093     	0.6056644880174292  	111698.86093199994  	176077.38210599992  	0.6343737031753254  	0.22630132046212845 	0.11825129508719683 
46116     	0.6060935799782372  	112057.84427399994  	176878.14454899993  	0.633531319314337   	0.22658999294729928 	0.11835781277221946 
46139     	0.6065217391304348  	112110.57352799995  	176930.87380299994  	0.6336405349629776  	0.22687376127031886 	0.11846309606167031 
46279     	0.603671706263499   	112176.87902099996  	177041.46187599993  	0.6336192541133037  	0.2258561532156618  	0.11791668143016934 
46325     	0.603448275862069   	112356.21508199995  	177242.36394999994  	0.6339128669808062  	0.22581920277287895 	0.1178688231442078  
46348     	0.6038751345532831  	112568.89578899996  	177495.52135199995  	0.6342069643873387  	0.22601607741941843 	0.11793750164950076 
46372     	0.6043010752688172  	112603.07180999996  	177529.69737299994  	0.6342773827491777  	0.2262149115327207  	0.11800677069587634 
46395     	0.6047261009667024  	112658.13931399997  	177584.76487699995  	0.6343907901785948  	0.22642196479841567 	0.11807613080489227 
46418     	0.6051502145922747  	112724.82183199997  	177651.44739499994  	0.6345280237506956  	0.22662838871702298 	0.11814567996625355 
46465     	0.6049250535331906  	112870.74695299997  	177811.03185499995  	0.634779213502585   	0.2265892401250325  	0.11808720884778333 
46488     	0.6053475935828877  	112961.24675599996  	177924.71548999994  	0.6348822671707396  	0.22680270759019153 	0.11815674969827016 
46534     	0.6051227321237994  	113217.42077899996  	178392.53288499994  	0.6346533621560558  	0.22677556685409328 	0.11809921077746442 
46558     	0.605543710021322   	113490.50892999997  	178879.21780699992  	0.6344532937998952  	0.22696097380788857 	0.11815262839512382 
46604     	0.6053191489361702  	113601.82493699997  	179205.77762399992  	0.6339183169381587  	0.2269124182231207  	0.11809233406144135 
46627     	0.6057385759829969  	113677.89694599996  	179289.91982899993  	0.6340451100341933  	0.2270948714179606  	0.11815696806140925 
46651     	0.6061571125265393  	113865.87748999997  	179697.55673999994  	0.6336528974333789  	0.22729038755816855 	0.11823478495676164 
46674     	0.6065747613997879  	114243.35023499998  	180490.60340899994  	0.6329600991810046  	0.22751777652775226 	0.11833946301692602 
46720     	0.6063492063492063  	114347.06128099997  	180597.23935199995  	0.6331606268804999  	0.22748734014098407 	0.11831196959590486 
46813     	0.6048472075869337  	114427.10631999998  	180677.28439099994  	0.6333231468786672  	0.2269215542805236  	0.11802119605093024 
46837     	0.6052631578947368  	114563.79496199997  	180946.91946699994  	0.6331348182077975  	0.22708025352651634 	0.11811446370824913 
47051     	0.6012526096033403  	114666.19955199998  	181050.97939699993  	0.6333365328036443  	0.2255431431919411  	0.11731618339079879 
47076     	0.6016684045881127  	115003.23035399997  	181480.49691399993  	0.6336947071976432  	0.225697032435447   	0.11738812712613107 
47102     	0.6020833333333333  	115175.19228199997  	181675.88770299993  	0.6339597055955276  	0.22587062279803663 	0.11746330493597594 
47128     	0.6024973985431842  	115449.92760699998  	181988.77998099994  	0.634379370085635   	0.22603484964365356 	0.1175367829567532  
47153     	0.6029106029106029  	115765.46671599998  	182669.39001699994  	0.6337431066322956  	0.2262136350643108  	0.11763135971871688 
47179     	0.6033229491173416  	115839.69063599998  	182749.82765099994  	0.6338703139967976  	0.22638689294432696 	0.11771469382666207 
47230     	0.6031088082901555  	116039.52357899999  	182987.03138199993  	0.634140696762047   	0.22629479329024424 	0.11762285352756417 
47256     	0.6035196687370601  	116264.15272499999  	183219.82893999992  	0.6345609719080881  	0.22646657247235588 	0.11765461049808226 
47307     	0.6033057851239669  	116485.07080799999  	183490.63764899992  	0.6348284157735874  	0.22641482695408924 	0.11756620593828142 
47384     	0.6024716786817713  	116819.11118299999  	184664.97591299991  	0.632600256791717   	0.22612568522179352 	0.11740047498055006 
47410     	0.602880658436214   	116881.36685299998  	184738.53770299992  	0.6326853525327107  	0.2262886330572958  	0.11746565044805145 
47512     	0.6014344262295082  	117065.98688899998  	185017.1265859999   	0.6327305425672861  	0.2257396647285065  	0.1171688865484029  
47538     	0.601842374616172   	117292.83288899998  	185374.84396099992  	0.6327332791372525  	0.2258663086659274  	0.11724150900970375 
47641     	0.6004077471967381  	117650.40460099999  	186110.55267899993  	0.6321533245023524  	0.2252872051801468  	0.11697319652105696 
47743     	0.5989847715736041  	117877.00746299999  	186405.68629099993  	0.6323680881654056  	0.22466809606471783 	0.11668412343520226 
47769     	0.5993914807302231  	118025.87499299999  	186669.08613899993  	0.6322732779926615  	0.2247201866165973  	0.11675585938367558 
47794     	0.5997973657548126  	118142.016519       	186785.22766499993  	0.6325019274591039  	0.22478091711469006 	0.11682937511251337 
47820     	0.6002024291497976  	118178.039998       	186821.25114399992  	0.6325727896282504  	0.22480764287471525 	0.11688961114668946 
47846     	0.6006066734074823  	118432.799842       	187308.39463599992  	0.6322877310018741  	0.22485059446763112 	0.11696136580901297 
47871     	0.601010101010101   	118819.509589       	187766.02343899992  	0.632806230929214   	0.22494194468582918 	0.11703750794786251 
47923     	0.6008064516129032  	118886.55498199999  	187833.06883199993  	0.6329372975763575  	0.22481340559412452 	0.11699546182745246 
47948     	0.6012084592145015  	119237.230443       	188461.78390399992  	0.6326865212298847  	0.22493233731628764 	0.1170930142310616  
48000     	0.6010050251256281  	119460.80451399999  	188708.32234899994  	0.6330447063859083  	0.22481727598651807 	0.1170686187396488  
48063     	0.600802407221665   	119622.71092299999  	188917.39226999992  	0.6332011546720682  	0.2247117945642684  	0.11703993596418925 
48085     	0.6012024048096193  	119946.28016899999  	189341.32021499993  	0.6334923620095138  	0.2248695235396311  	0.11713415878490167 
