23513     	1.0                 	104.29275200000001  	107.40882400000001  	0.9709886778017418  	0.0050234975662535085	0.00046599149732076727
23540     	1.0                 	320.69169100000005  	350.94270100000006  	0.913800714721233   	0.011749683376490556	0.0014546108626356023
23567     	1.0                 	430.64054400000003  	460.89155400000004  	0.9343641476233258  	0.015768201556403186	0.0019090563641883881
23621     	0.8                 	526.885133          	557.1361430000001   	0.9457026610459913  	0.014806885306293482	0.0018981687734944898
23702     	0.625               	963.8479689999999   	1312.0440079999998  	0.7346155792969408  	0.013806722211263786	0.004380531732418335
23756     	0.6                 	1148.636031         	1538.943734         	0.7463794845926447  	0.015258499360067308	0.006446222084827563
23783     	0.6363636363636364  	1351.332263         	1871.710337         	0.7219772399002357  	0.018443403948288483	0.009199703480074334
23837     	0.6153846153846154  	1437.241076         	1957.61915          	0.7341780836175412  	0.020075575937016938	0.010671851332048572
23864     	0.6428571428571429  	1635.331937         	2402.643599         	0.6806385839666934  	0.02336033176074716 	0.01386100340279616 
23918     	0.625               	1720.0500949999998  	2487.361757         	0.691515856171459   	0.024891283065720887	0.015689656862065696
23972     	0.6111111111111112  	2285.2951559999997  	4190.405804         	0.5453636862135274  	0.027421035880121087	0.020262248308976685
24073     	0.5714285714285714  	2372.67604          	4404.182544         	0.5387324472352751  	0.028241102361544687	0.023130592303764384
24146     	0.5416666666666666  	2605.2285199999997  	4706.890079000001   	0.5534925346192686  	0.029870630421585345	0.02547128624446092 
24170     	0.56                	2868.8698689999997  	5044.707813000001   	0.5686890054577675  	0.03407782288918172 	0.028807504940713803
24195     	0.5769230769230769  	2957.606414         	5133.444358000001   	0.5761446326754944  	0.03807133599472798 	0.03185191444253565 
24292     	0.5333333333333333  	3179.2853569999997  	5380.332432000001   	0.5909087211955381  	0.03795101294049482 	0.03127089138661936 
24341     	0.53125             	3350.043613         	5591.775313000001   	0.5991019712848035  	0.04049428447205158 	0.03272087601625662 
24365     	0.5454545454545454  	3916.8340089999997  	6678.457244000001   	0.5864878468030811  	0.04462150717108613 	0.036093334886666224
24414     	0.5428571428571428  	4012.363136         	6773.986371000001   	0.5923193399350876  	0.047212062845636754	0.038169999487982165
24439     	0.5555555555555556  	4154.905849         	6987.244465000001   	0.5946415457212716  	0.051295202408556076	0.04127108146379896 
24487     	0.5526315789473685  	4309.115801         	7274.831058000001   	0.5923320784558073  	0.05306934723378905 	0.04316236999030797 
24536     	0.55                	4451.162338         	7624.199646000001   	0.5838202755269244  	0.054827992339574264	0.04515396353106112 
24560     	0.5609756097560976  	4541.865205         	7796.423061000001   	0.5825575612641833  	0.05787411561764533 	0.04819576847060448 
24585     	0.5714285714285714  	4771.30531          	8053.9417520000015  	0.5924186512542335  	0.061321030429741116	0.05116387161602435 
24634     	0.5681818181818182  	5185.893545         	9402.205156000002   	0.5515614112813344  	0.06285886233445206 	0.05257443144636318 
24658     	0.5777777777777777  	5396.466613         	9655.778494000002   	0.5588846737063518  	0.06608217652546533 	0.05511345062908232 
24707     	0.574468085106383   	5643.721173999999   	9990.862444000002   	0.564888287235836   	0.06827135592415697 	0.0564715146133157  
24756     	0.5714285714285714  	5981.832506         	10473.794692000001  	0.5711237122653348  	0.07048234211083654 	0.05784039020248233 
24804     	0.5686274509803921  	6177.9411979999995  	10858.783339000001  	0.5689349354463622  	0.07245875281562199 	0.05916280132408558 
24853     	0.5660377358490566  	6260.302484999999   	10941.144626000001  	0.5721798494577361  	0.0737409356989115  	0.0602980126845092  
24951     	0.543859649122807   	6540.644877999999   	11302.198593000001  	0.5787055345188269  	0.07269729894220386 	0.059288526978478404
25051     	0.5333333333333333  	6831.9435459999995  	12123.945191        	0.5635082836791091  	0.07296249920754493 	0.05967790904202242 
25102     	0.532258064516129   	7076.212508         	12408.492512        	0.5702717313289054  	0.07478033581267893 	0.06105090968192582 
25153     	0.53125             	7255.566081         	12605.005622        	0.5756099043967566  	0.07647332624161728 	0.06190742071885021 
25205     	0.5303030303030303  	7345.209253         	12698.116518        	0.5784487205317358  	0.0780570098383917  	0.06254245407938826 
25230     	0.5373134328358209  	7357.874681         	12710.868596        	0.5788648215052321  	0.08075567001371975 	0.06408261140110777 
25256     	0.5441176470588235  	7511.030793         	12867.251551        	0.5837323350079581  	0.08313126102463057 	0.06546018553569981 
25282     	0.5507246376811594  	7626.270272         	12989.093331        	0.5871287608503827  	0.08556453911384497 	0.06681234095491159 
25358     	0.5416666666666666  	7857.492259         	13254.395245        	0.5928216349187344  	0.08544318986927203 	0.06620953273938941 
25384     	0.547945205479452   	8192.795103999999   	13845.904392999999  	0.591712528951304   	0.08735397883509591 	0.06715659071292224 
25410     	0.5540540540540541  	8289.475788999998   	13989.859045        	0.5925346182785646  	0.08924977269121909 	0.0681079114263852  
25487     	0.5454545454545454  	8434.268495999999   	14146.667571        	0.5962017877121712  	0.0886528709151199  	0.06722246323937832 
25512     	0.5512820512820513  	8499.192846999998   	14234.204185        	0.5970964541843825  	0.09042199622419893 	0.0681230101149909  
25564     	0.55                	8864.572108999999   	14826.381481        	0.5978918133436634  	0.09113600920787675 	0.06837773752060909 
25589     	0.5555555555555556  	9054.011691999998   	15032.386506        	0.6023003525345889  	0.09290947073880602 	0.06946736763344363 
25692     	0.5411764705882353  	9178.103574999997   	15156.478389        	0.605556471591786   	0.091072940078761   	0.06767416048723013 
25743     	0.5402298850574713  	9243.334942999998   	15222.695071        	0.6072075213940937  	0.09131920267990315 	0.06690257601682882 
25794     	0.5393258426966292  	9367.220480999998   	15346.580609        	0.6103783454867199  	0.09165049166100375 	0.06619713164752562 
25871     	0.532608695652174   	9537.825410999998   	15535.390668        	0.6139417807269009  	0.09058738629430335 	0.06472434338241434 
25897     	0.5376344086021505  	9737.575939999999   	15795.662343        	0.6164715178477653  	0.09168099087609778 	0.06474540312233724 
25974     	0.53125             	9915.230060999998   	16010.904153        	0.6192798336839809  	0.0908965538990203  	0.06343718070868229 
26000     	0.5360824742268041  	10164.468471999999  	16331.035117        	0.622401972635474   	0.09221924673252144 	0.06353839556620723 
26040     	0.5408163265306123  	10378.456057        	16628.565333        	0.6241341841080885  	0.09360289885791064 	0.06349889096738018 
26060     	0.5454545454545454  	10580.84562         	16943.580750999998  	0.6244751788594348  	0.09516999596961853 	0.06352554615854128 
26080     	0.55                	11000.813509        	17480.109739        	0.6293332063274182  	0.09692663859332891 	0.0637455645509312  
26140     	0.5436893203883495  	11210.704801        	17749.83338         	0.6315949316815502  	0.09692311634726719 	0.06276295455082379 
26180     	0.5428571428571428  	11399.618279        	17938.746858        	0.6354746164398994  	0.09780719327865318 	0.06245750095978342 
26220     	0.5420560747663551  	11551.10032         	18097.065837        	0.6382858096467454  	0.0988042471625777  	0.06216905934217072 
26240     	0.5462962962962963  	11671.733377999999  	18220.626341        	0.6405780547585402  	0.10079358192460212 	0.06247147607868424 
26300     	0.5405405405405406  	12264.845614999998  	19776.341565        	0.620177679207676   	0.10092717599891755 	0.06214176269615747 
26360     	0.5350877192982456  	12587.471204999998  	20178.091485999998  	0.6238187201070756  	0.10112981268721621 	0.06181101852394934 
26380     	0.5391304347826087  	12899.893960999998  	20908.298149        	0.616974842671113   	0.10316741171224869 	0.06278646167443187 
26400     	0.5431034482758621  	13126.354339999998  	21177.563968        	0.6198236189882064  	0.10523895324501599 	0.06376693267797841 
26420     	0.5470085470085471  	13204.717590999999  	21255.927218999997  	0.621225197797851   	0.10735593193393608 	0.06473699344102946 
26500     	0.5371900826446281  	13463.595844        	21603.535450999996  	0.6232126160339552  	0.10648918952465079 	0.06394050341791    
26520     	0.5409836065573771  	13661.24721         	21857.548592999996  	0.6250127799956072  	0.1082263970491121  	0.06474002605081718 
26560     	0.5403225806451613  	13729.552004        	21938.820560999997  	0.6258108527678385  	0.1089723759282488  	0.06498291916253025 
26580     	0.544               	13827.441566        	22049.485671        	0.6271094832922192  	0.11063510011984105 	0.0657449267010094  
26600     	0.5476190476190477  	14115.896354999999  	22399.629175        	0.6301843769250702  	0.11253264144720308 	0.06652877212625029 
26620     	0.5511811023622047  	14346.699707999998  	22710.998545        	0.631707129898898   	0.11458377493847555 	0.06734387620665402 
26640     	0.5546875           	14802.041260999998  	23723.675484        	0.6239354130005262  	0.1165838564674501  	0.06834745392674654 
26720     	0.5454545454545454  	15143.703029999999  	24366.654863        	0.6214929014731208  	0.11586872002227457 	0.06776079829992558 
26820     	0.5328467153284672  	15307.628695999998  	24560.0214          	0.6232742409581123  	0.11419156152022138 	0.0666943445733292  
26840     	0.5362318840579711  	15560.222638999998  	24880.043943        	0.6254097731759781  	0.11613160735383513 	0.0676414364227755  
26860     	0.539568345323741   	15863.306155999999  	25252.402053        	0.6281899885288508  	0.11826298305624285 	0.068597726257734   
26920     	0.5352112676056338  	16079.567323        	25608.664652000003  	0.6278955791529023  	0.11835844305443285 	0.06857386649544955 
26940     	0.5384615384615384  	16579.349024        	26394.332118000002  	0.6281405019031896  	0.12032739071644513 	0.0697003384853522  
26980     	0.5379310344827586  	17137.968818999998  	27822.642887        	0.6159719940555192  	0.12147080084125579 	0.0706510697504163  
27050     	0.5374149659863946  	17247.040716        	27931.714784000003  	0.6174716034935149  	0.12236045653220662 	0.07136709285292626 
27150     	0.5298013245033113  	17358.735858        	28087.190716000005  	0.6180303339526054  	0.1214420086204373  	0.07106548046883596 
27350     	0.5094339622641509  	17616.808487        	28391.274045000006  	0.6205008080679105  	0.1168285297443701  	0.06824758325081547 
27400     	0.5093167701863354  	17722.452327        	28536.368957000006  	0.6210479109554917  	0.11666119892284368 	0.06813960096768412 
27425     	0.5123456790123457  	18003.198690999998  	28884.545068000007  	0.6232813654712879  	0.11730580853459383 	0.06846159715858924 
27450     	0.5153374233128835  	18436.428440999996  	29798.303092000006  	0.6187073265238936  	0.1180005097552824  	0.06894826023582881 
27475     	0.5182926829268293  	18493.649426999997  	29855.524078000006  	0.6194381106385478  	0.11871601079733844 	0.06942969083730498 
27525     	0.5180722891566265  	18576.334455999997  	29966.446958000004  	0.6199044712253001  	0.11871514141276372 	0.06943711040650583 
27725     	0.5                 	19081.339902999996  	31074.845963000003  	0.6140445531321264  	0.11457535273556374 	0.06704851360861737 
27750     	0.5028571428571429  	19235.804324999997  	31524.393258000004  	0.6101879318523756  	0.11526767180869263 	0.06757736611447258 
27775     	0.5056818181818182  	19454.792208        	31787.848276000004  	0.612019789420238   	0.11606468329520067 	0.06811810012929058 
27800     	0.5084745762711864  	19524.007503        	31857.063571000006  	0.6128627473617191  	0.11687076426299813 	0.06866335982745075 
27850     	0.5083798882681564  	19682.046602000002  	32021.299926000007  	0.6146548281139259  	0.11709346760628538 	0.06882420570553081 
27875     	0.5111111111111111  	19982.228168        	32338.138202000006  	0.6179152319524742  	0.11812580771520677 	0.06937585013593063 
27900     	0.5138121546961326  	20142.912723        	32561.632736000007  	0.6186088052252392  	0.11921693447716837 	0.06994333604472397 
27950     	0.5136612021857924  	20631.100840000003  	34082.67471700001   	0.6053251692042078  	0.11964995558006394 	0.07026083429517199 
28100     	0.5053191489361702  	20789.326163        	34276.50583200001   	0.6065182450304316  	0.11810848988984049 	0.06934911388223593 
28200     	0.5                 	21058.244833        	34631.90565500001   	0.6080590840937365  	0.11688887553551848 	0.06868039895886106 
28225     	0.5025906735751295  	21388.530047        	35031.77575900001   	0.6105465561934889  	0.11765543992258022 	0.06912085623849341 
28325     	0.49746192893401014 	21472.536198        	35192.57067000001   	0.6101440102045264  	0.11651568710072319 	0.06851437048154967 
28350     	0.5                 	21812.953743000002  	35930.65329500001   	0.6070848076128752  	0.11724735762832802 	0.06910646192903348 
28375     	0.5025125628140703  	21867.986527        	35993.32646000001   	0.6075566966921566  	0.11799560382610737 	0.0696973155504465  
28425     	0.5024875621890548  	22107.434687        	36262.42652400001   	0.6096512783657311  	0.11826012503193353 	0.06993445036874521 
28475     	0.5024630541871922  	22176.958067        	36334.46128800001   	0.6103560443959097  	0.11853401179639013 	0.07015735336595522 
28500     	0.5049019607843137  	22228.008256        	36386.70936600001   	0.6108826173979338  	0.11929557129026587 	0.07070160947577944 
28550     	0.5048543689320388  	22471.35451         	36657.85613500001   	0.6130024196517294  	0.11956198059524183 	0.07090466440894863 
28600     	0.5048076923076923  	22653.332677000002  	36886.95675000001   	0.6141285341193129  	0.11970433357660355 	0.07108020244679061 
28650     	0.5047619047619047  	22933.859648        	37247.49538500001   	0.6157154839795141  	0.11987129380247444 	0.07127034066860886 
28675     	0.5071090047393365  	23034.385649        	37372.32840700001   	0.6163486898152579  	0.12065318409987207 	0.07180255063821665 
28700     	0.5094339622641509  	23568.348108        	38798.908542000005  	0.6074487400202804  	0.12139122400844994 	0.07231551559032402 
28750     	0.5093457943925234  	23663.781572999997  	38903.137883        	0.6082743670746585  	0.12159021497751196 	0.07248606090934791 
28775     	0.5116279069767442  	23792.009944999998  	39058.312484        	0.6091407547304111  	0.1224177516768622  	0.07300253188419709 
28800     	0.5138888888888888  	23932.687488999996  	39212.771967        	0.6103288874640347  	0.12331653994036114 	0.07352047045958562 
28925     	0.5067873303167421  	23993.198759999996  	39273.283238        	0.6109292827543555  	0.12145907545745668 	0.07260578974908645 
28950     	0.509009009009009   	24159.429792999996  	39473.46182700001   	0.6120423361620351  	0.12188331440405788 	0.07303401763444337 
29075     	0.504424778761062   	24500.955690999996  	40137.27215700001   	0.6104290195697065  	0.12038731015386074 	0.07231607354484461 
29125     	0.5043859649122807  	24738.031764999996  	40460.88041400001   	0.6114061659528374  	0.11997624922094269 	0.07227950839557717 
29150     	0.5065502183406113  	25066.987524999997  	40936.363494000005  	0.6123403591692759  	0.12019370299857832 	0.07259116466708651 
29375     	0.49159663865546216 	25247.816537999995  	41161.91777100001   	0.6133780422589531  	0.11635683718860232 	0.07044311940384318 
29425     	0.49166666666666664 	25370.265915999997  	41330.592927000005  	0.6138374535494839  	0.11603260043706105 	0.07043529476513233 
29500     	0.4897119341563786  	25603.775053999998  	41641.884344000006  	0.6148563029110169  	0.11514205381366857 	0.0699096606099716  
29550     	0.4897959183673469  	25938.808945999997  	42114.05777500001   	0.6159180643333292  	0.11483756667921947 	0.0697041133362592  
29650     	0.4859437751004016  	25992.749990999997  	42189.63218300001   	0.6160933064847524  	0.11356632708921748 	0.06894304180997914 
29725     	0.48412698412698413 	26523.716645999997  	43352.61887300001   	0.6118134806042584  	0.11285778180609994 	0.06866310019918526 
29750     	0.48616600790513836 	26888.560215999998  	43880.77867200001   	0.6127639716010187  	0.11319375506622027 	0.06896789763448606 
29775     	0.4881889763779528  	26975.408801999998  	43967.62725800001   	0.6135288730435587  	0.11349417322220377 	0.06925227644734903 
29925     	0.4807692307692308  	27162.300301        	44218.52378200001   	0.6142742447692686  	0.1115448405378433  	0.06809244032612193 
29950     	0.4827586206896552  	27510.625404        	45073.70058200001   	0.6103476095545225  	0.11181040227655677 	0.0683737119123962  
30000     	0.4828897338403042  	27882.508044        	45608.335327000015  	0.611346760281637   	0.11177375072963162 	0.06843127030130557 
30051     	0.48484848484848486 	28114.770899        	45869.77079300002   	0.6129259076936672  	0.11226918257442343 	0.06875955103277268 
30076     	0.4867924528301887  	28439.638931999998  	46484.623347000015  	0.6118074512447439  	0.11283263196322407 	0.06916977296586387 
30282     	0.47619047619047616 	28537.722951        	46582.70736600002   	0.6126248250617832  	0.11034522836341257 	0.06773918119010824 
30307     	0.4781021897810219  	28649.56232         	46694.54673500002   	0.6135526377971167  	0.11077955514523058 	0.06808672117210583 
30358     	0.4782608695652174  	28733.341448        	46870.242715000015  	0.6130401675689293  	0.11080798147397326 	0.06819495394219743 
30410     	0.4784172661870504  	28847.814107        	47005.83707400002   	0.6137070607121764  	0.11074574782451722 	0.06827159470344811 
30487     	0.47686832740213525 	29521.513226        	48638.17659300002   	0.6069617591348752  	0.11026544349297947 	0.06828142567320719 
30589     	0.47368421052631576 	29571.782812999998  	48688.44618000002   	0.6073675611596604  	0.10938513987384306 	0.0680441045579001  
30666     	0.4722222222222222  	29784.264960999997  	48935.22388600002   	0.6086467496375558  	0.10895344858759363 	0.06805887396098272 
30769     	0.4691780821917808  	29873.064711999996  	49024.02363700002   	0.6093556280324127  	0.1081190629060405  	0.06775897633892924 
30794     	0.4709897610921502  	30166.516351999995  	49406.71620800002   	0.6105752146125304  	0.1084888229379975  	0.06817730162997264 
30820     	0.47278911564625853 	30343.764343999996  	50209.83047400002   	0.6043391116349776  	0.1088908387462102  	0.06871363965663266 
30871     	0.47297297297297297 	30464.527537999995  	50348.042190000015  	0.6050786924948349  	0.10896767106081219 	0.06901924373134616 
30974     	0.47                	30537.160983999995  	50421.70666000002   	0.6056352116344644  	0.10832216023404172 	0.068856581262538   
31078     	0.46864686468646866 	30821.128380999995  	50783.33606600002   	0.6069142117986035  	0.10815301701376076 	0.06894794170494602 
31105     	0.47039473684210525 	31036.469716999996  	51178.08639900002   	0.606440605751262   	0.10875716600253478 	0.06952895405225357 
31131     	0.4721311475409836  	31391.167251999996  	51767.07801900002   	0.6063924883007406  	0.1093376645675637  	0.06997245121101126 
31157     	0.4738562091503268  	31479.129540999995  	51862.50406200002   	0.6069728045403991  	0.10985340756934148 	0.07039653259148741 
31236     	0.47249190938511326 	31680.885362999994  	52145.26073900002   	0.6075506175253528  	0.10969769787548758 	0.07037843984271404 
31315     	0.47115384615384615 	31945.642610999996  	52838.97343300002   	0.6045848459093772  	0.10956419489578337 	0.07045826029556773 
31394     	0.46984126984126984 	32215.398007999996  	53153.57519700002   	0.6060814891303535  	0.10932531784842642 	0.07045645708088841 
31447     	0.47003154574132494 	32371.125231999995  	53345.93165800002   	0.6068152570571042  	0.10949020557522303 	0.07068469427520709 
31473     	0.4716981132075472  	32524.539925999994  	53508.657530000026  	0.6078369637243257  	0.11003901619561461 	0.07113669415440402 
31500     	0.47335423197492166 	33070.177197        	54479.004287000025  	0.6070260943607466  	0.11058110309208642 	0.07153941788023212 
31578     	0.4720496894409938  	33402.991491        	55037.978409000025  	0.6069080379874165  	0.11038735438132796 	0.0714816704372785  
31657     	0.4707692307692308  	33598.250524        	55332.00378600002   	0.6072118886918199  	0.1102220484851964  	0.07144388131436354 
31684     	0.4723926380368098  	33779.970792        	55592.948601000026  	0.6076304934721947  	0.11068015418687205 	0.07184493760493808 
31710     	0.4740061162079511  	34334.946455        	56729.42288100003   	0.605240538530131   	0.11109619182716424 	0.07234197824362382 
31736     	0.47560975609756095 	34548.187642        	57041.98843400003   	0.6056624004609114  	0.11154634325388908 	0.07285385473838239 
31815     	0.4743202416918429  	34787.694092        	57361.09311900003   	0.606468464954638   	0.11130423346875334 	0.07289152910573567 
31868     	0.4744744744744745  	35027.611112        	57661.44548900003   	0.6074702223460935  	0.11133279634165534 	0.07302821604991892 
31894     	0.47604790419161674 	35330.76393         	58001.45321200003   	0.6091358401118535  	0.11177075877279648 	0.07338956609408671 
31947     	0.47619047619047616 	35675.162105        	58431.58819300003   	0.6105458230429172  	0.11197577134835303 	0.07354424462130406 
31973     	0.47774480712166173 	35954.574557        	58781.86256400003   	0.6116610292478173  	0.11261018067531567 	0.07393008871123889 
32086     	0.4750733137829912  	36262.235853        	59201.18038600003   	0.6125255546690981  	0.11228633195218618 	0.07371079784541348 
32108     	0.4766081871345029  	36563.261107        	59881.261017000026  	0.6105960443388099  	0.11299407433227733 	0.07421186631370612 
32282     	0.4685714285714286  	36753.389928        	60214.84046600002   	0.6103709591118587  	0.1112189798957793  	0.0730496574124531  
32304     	0.4700854700854701  	37162.774665        	60884.571727000024  	0.6103808175186638  	0.11170229320337284 	0.07342072519091634 
32326     	0.4715909090909091  	37271.131101        	60999.06374700002   	0.6110115272520559  	0.11221459964548211 	0.07379249281081524 
32391     	0.4704225352112676  	37528.156063        	61372.31096500002   	0.6114835089785345  	0.11214078536552377 	0.07376352492631374 
32434     	0.47058823529411764 	37686.876583000005  	61699.54763400002   	0.6108128507936151  	0.11240332353213772 	0.0739719643666939  
32456     	0.4720670391061452  	37840.23598900001   	61852.90704000002   	0.61177780964327    	0.11297532911285126 	0.07429796923193581 
32478     	0.4735376044568245  	37986.71611000001   	62033.65472100002   	0.6123565712974268  	0.11348715736890054 	0.0746160115220341  
32543     	0.4723756906077348  	38036.83108100001   	62092.979245000024  	0.6125786126466607  	0.11325084755691862 	0.0743999092689113  
32586     	0.4725274725274725  	38378.67935800001   	62536.122047000026  	0.6137041777095787  	0.11340984362483063 	0.07440855977018412 
32652     	0.4713896457765668  	38636.01480600001   	62822.75976000003   	0.6150002794146588  	0.11328436437560278 	0.0741762255602039  
32673     	0.47282608695652173 	38878.771243        	63139.58978800003   	0.615759009102544   	0.11383690054916779 	0.07436309167143956 
32695     	0.4742547425474255  	38951.723039000004  	63212.54158400003   	0.616202450699423   	0.11441236738411066 	0.07455055914812568 
32760     	0.4731182795698925  	39217.71219400001   	63546.60709800003   	0.6171487981021458  	0.11440640978207609 	0.07434026636347842 
32826     	0.472               	39257.349116000005  	63586.24402000003   	0.6173874510287515  	0.11425872073919574 	0.07403394317053624 
32847     	0.4734042553191489  	39473.347508000006  	63900.59153100003   	0.6177305493150301  	0.11476830626035703 	0.07413919953529961 
32869     	0.47480106100795755 	39503.927647000004  	63931.171670000025  	0.6179133999125092  	0.11527936772685766 	0.07424400123964954 
32934     	0.47368421052631576 	39917.494461        	64685.10049500003   	0.6171049307419026  	0.11515881170947212 	0.07400528005664771 
32956     	0.47506561679790027 	40088.170174        	64903.47250500003   	0.617658325922572   	0.11567269945964917 	0.07418013437376451 
32978     	0.47643979057591623 	40369.874223        	65558.98620700002   	0.6157794157391886  	0.11620855771730972 	0.07442761698582775 
33000     	0.47780678851174935 	40727.750423        	66560.90181300002   	0.6118869984277385  	0.11679974802846144 	0.0747683033631186  
33047     	0.4791666666666667  	41259.935305        	67494.74950500001   	0.6113058513083816  	0.1173639696180232  	0.07514941134557013 
33119     	0.4780361757105943  	41354.669706        	67589.48390600001   	0.6118506506650347  	0.11720640751187729 	0.07507214777027749 
33166     	0.4781491002570694  	41521.238644        	67807.567878        	0.6123392999245363  	0.11736622128307246 	0.07516777321452482 
33285     	0.4746192893401015  	41672.796377        	67976.198172        	0.613049824757122   	0.11652869536114363 	0.07461867084437805 
33333     	0.47474747474747475 	41758.736383999996  	68073.932383        	0.6134321159684957  	0.11661137642744474 	0.07464780731809392 
33357     	0.4760705289672544  	42149.813824        	68912.52021         	0.6116423212437321  	0.11703307366880894 	0.0749225639852005  
33380     	0.47738693467336685 	42241.386550999996  	69025.833878        	0.611964885866641   	0.11747275926413642 	0.07520055198155108 
33404     	0.47869674185463656 	42284.483726        	69068.93105300001   	0.6122070094519492  	0.11792128880342619 	0.07547768251648412 
33428     	0.48                	42545.913607999995  	69422.955138        	0.6128508001917605  	0.11843962711563692 	0.07577012274601948 
33452     	0.48129675810473815 	42698.537166999995  	69615.826661        	0.6133452580391531  	0.1189958367735702  	0.07606708773927572 
33547     	0.47901234567901235 	42753.547867999994  	69670.837362        	0.6136505528971683  	0.11859632296955475 	0.07574213859392145 
33619     	0.47794117647058826 	42880.13881999999   	69892.409641        	0.6135163895514888  	0.1185182307241904  	0.07561998627425164 
33642     	0.4792176039119804  	43068.945526999996  	70174.24503800001   	0.6137429124271698  	0.119066120161716   	0.07588062937407529 
33690     	0.4793187347931874  	43187.231350999995  	70292.53086200001   	0.6143928924082447  	0.11935573304936163 	0.07595746657692852 
33714     	0.48058252427184467 	43232.383932        	70353.24765600002   	0.6145044524936435  	0.11992195918177859 	0.07621684129269941 
33738     	0.48184019370460046 	43462.417662        	70631.24228000002   	0.6153426763995462  	0.12050219566728852 	0.07647857269765711 
33785     	0.4819277108433735  	43506.72498         	70689.82190000002   	0.6154595359080963  	0.12075570900531596 	0.07654274292939432 
33857     	0.48086124401913877 	43654.644043        	70837.74096300002   	0.6162625099211125  	0.12073618013845479 	0.07643021088544996 
33904     	0.48095238095238096 	43729.488104000004  	70916.93300800002   	0.6166297137958145  	0.12102771663138796 	0.07650157216103315 
33928     	0.4821852731591449  	43801.527363        	70988.97226700002   	0.617018756071802   	0.1216165912163395  	0.07675782821124197 
33976     	0.48226950354609927 	44029.991749        	71773.63661900003   	0.6134563305288103  	0.12189134817548691 	0.07688152884258803 
34056     	0.4812206572769953  	44152.94384         	71968.79573200003   	0.6135012180059023  	0.12181947487817794 	0.07676873996471885 
34075     	0.48243559718969553 	44244.694341        	72080.39281400002   	0.6138242677890409  	0.12229944209602854 	0.07701484122244662 
34094     	0.48364485981308414 	44511.907716        	72560.15525500002   	0.6134483527436051  	0.12281182907852588 	0.07729500953015003 
34113     	0.48484848484848486 	44647.112736        	72929.17033500002   	0.6121982813038126  	0.12333290775397572 	0.0776043634496088  
34150     	0.48491879350348027 	44801.436296        	73254.87563300002   	0.6115829957919927  	0.12355566757375386 	0.07776509588437505 
34207     	0.4838709677419355  	44901.13024         	73362.32010800001   	0.612046213558936   	0.12345620727245138 	0.07774035691740076 
34264     	0.482837528604119   	44961.611466999995  	73425.06132400001   	0.6123469379017551  	0.12329144788307728 	0.07759862791707456 
34283     	0.4840182648401826  	45201.789229999995  	73741.621647        	0.6129752536007447  	0.12371130323013349 	0.07782561462578037 
34301     	0.48519362186788156 	45280.965078999994  	73840.02497700001   	0.6132306305842162  	0.12413880922799392 	0.07805543368186939 
34320     	0.4863636363636364  	45378.058044        	73937.11794200001   	0.6137385295379897  	0.12457689828610471 	0.07829073140739852 
34396     	0.48423423423423423 	45586.590424999995  	74313.11626500002   	0.6134393592436436  	0.12407298709429615 	0.07799224801952136 
34433     	0.484304932735426   	45691.888136999994  	74418.41397700002   	0.6139863199869009  	0.12414984525899884 	0.0780517635184111  
34471     	0.484375            	45925.15644399999   	74694.01326600002   	0.6148438735036436  	0.12425099399035935 	0.07812480769731256 
34490     	0.48552338530066813 	46052.76097399999   	74821.61779600002   	0.6155007380295108  	0.12462287003875505 	0.07837085955198546 
34528     	0.48558758314855877 	46321.30243499999   	75209.43304500003   	0.6158975085915697  	0.12473078326294493 	0.07845265733839289 
34584     	0.4845814977973568  	46669.89455399999   	75746.20379500002   	0.6161350960941577  	0.12456826930280705 	0.07839054467030773 
34603     	0.4857142857142857  	46933.81390399999   	76091.62917400002   	0.6168065319862668  	0.12501981655973665 	0.07868529976879508 
34698     	0.4826086956521739  	47090.24040099999   	76492.40488200002   	0.6156198183812251  	0.12432353204146761 	0.0782286930444886  
34867     	0.47547974413646055 	47255.48084099999   	76746.28080400002   	0.6157364284750725  	0.12256571236026817 	0.07713751543197479 
34905     	0.47558386411889597 	47384.49812799999   	76895.93067800002   	0.6162159389997048  	0.12267718623594132 	0.07719123146280503 
34943     	0.47568710359408034 	47499.93955899999   	77139.57773300001   	0.6157661339994567  	0.12278724394678672 	0.07725972566132971 
34962     	0.4767932489451477  	47728.516100999994  	77507.80153400001   	0.6157898322024156  	0.12318772682136794 	0.07750491540963506 
35040     	0.4758909853249476  	48071.88120399999   	78272.45882200002   	0.6141608674044674  	0.12296027724314668 	0.07735197787326287 
35061     	0.4769874476987448  	48242.36949999999   	78483.84353100002   	0.6146789877963218  	0.12325324494458079 	0.07752936882480328 
35081     	0.4780793319415449  	48355.872123999994  	78615.76304900002   	0.6150913029217883  	0.12357199155953955 	0.07771114301415823 
35163     	0.47619047619047616 	48707.71221099999   	79010.41909500002   	0.6164720143103549  	0.1231597815340406  	0.07738332044776906 
35183     	0.4772727272727273  	48846.29630899999   	79158.94530100001   	0.6170660324397086  	0.12355716539164036 	0.07754139406490791 
35204     	0.47835051546391755 	49038.88291899999   	79860.30996200001   	0.6140582592571228  	0.12397296490031305 	0.0777563496562231  
35265     	0.4774590163934426  	49070.46581799999   	79891.89286100001   	0.6142108299195675  	0.1237814629913719  	0.07760328405686474 
35306     	0.4775510204081633  	49209.123583999986  	80060.55113900002   	0.6146488237204836  	0.12387218983915368 	0.07761438429268182 
35326     	0.4786150712830957  	49391.720555999986  	80276.63436200001   	0.6152689502810073  	0.12423229087931892 	0.07778546524354922 
35367     	0.4787018255578093  	49678.01881799998   	80744.986564        	0.6152458614705972  	0.12433023986655055 	0.077811979214771   
35489     	0.4749498997995992  	49888.07097399998   	81018.244386        	0.6157634166486662  	0.12340212718937474 	0.07717577873951681 
35510     	0.476               	50155.38446599998   	81330.738759        	0.6166842356445438  	0.12375883558419927 	0.07733741744381487 
35551     	0.4760956175298805  	50470.823240999984  	81836.399349        	0.6167282974628663  	0.12392762994480318 	0.0773671773654878  
35612     	0.4752475247524752  	50692.36967899998   	82135.239406        	0.6171817364337882  	0.12390076043232685 	0.07725396991594247 
35734     	0.47162426614481406 	50835.053533999984  	82316.574478        	0.617555502720612   	0.1231505891482056  	0.07665023976748819 
35775     	0.47173489278752434 	51008.66678599999   	82490.18772999999   	0.6183604158225134  	0.12331895048398592 	0.07665421724900426 
35836     	0.47093023255813954 	51129.528843999986  	82623.297029        	0.6188270219482286  	0.12326178999495643 	0.07651249735061112 
35857     	0.47195357833655704 	51322.712216999986  	82852.47416         	0.6194469475695858  	0.12370192367942182 	0.07668256732523701 
35897     	0.4720616570327553  	51468.39447999999   	83035.395425        	0.6198368083462401  	0.12387716832427623 	0.0766508171354478  
35918     	0.47307692307692306 	51742.205982999985  	83387.553239        	0.6205027485900663  	0.12434457712307351 	0.07677557233536013 
35938     	0.4740882917466411  	51839.36140499999   	83484.708661        	0.6209443889359444  	0.1247470268235985  	0.07688374911772    
35979     	0.47418738049713194 	52200.93119699999   	83896.88335199999   	0.622203461098601   	0.12497627378045131 	0.07685294751003945 
36000     	0.4751908396946565  	52496.39930099999   	84305.245661        	0.6226943399476395  	0.12550500369598103 	0.07698126801949166 
36060     	0.47619047619047616 	52807.78580899999   	84696.81971899999   	0.6234919561820768  	0.12608197915936065 	0.07711431452204705 
36121     	0.476280834914611   	52838.019803999996  	84731.75809199999   	0.6235916850282932  	0.12639687467522745 	0.07709681769879931 
36151     	0.4772727272727273  	53197.428115999995  	85269.86263799999   	0.6238713945376158  	0.12693938696407542 	0.0772331342301095  
36181     	0.4782608695652174  	53443.447058        	85789.35685699999   	0.622961274171614   	0.1275110415207396  	0.07740107925794591 
36272     	0.4774436090225564  	53768.049133        	86156.55867999999   	0.6240737786742808  	0.12760826474470438 	0.07726313918304441 
36303     	0.47842401500938087 	54010.62647         	86454.57264599999   	0.624728395699252   	0.12816704059540643 	0.07741178234029801 
36333     	0.4794007490636704  	54043.520084        	86487.46625999999   	0.6248711220367298  	0.12871692378011296 	0.07755477591481329 
36363     	0.4803738317757009  	54264.773312000005  	86755.97870799998   	0.6254874202346601  	0.1292739857730767  	0.07770696865472006 
36393     	0.48134328358208955 	54542.190993000004  	87076.89195899999   	0.6263681416038724  	0.12984770331924797 	0.07783889525571991 
36454     	0.48141263940520446 	54701.670731000006  	87268.22149099999   	0.6268223391792328  	0.13011633135641254 	0.07775199951266125 
36484     	0.48237476808905383 	54726.54733200001   	87293.09809199999   	0.6269286865534613  	0.13062886850440292 	0.07781006245388272 
36515     	0.48333333333333334 	55104.73349500001   	88103.54997099999   	0.6254541787832407  	0.13113348701742536 	0.07790412218051872 
36575     	0.4833948339483395  	55388.166864000006  	88563.95813099999   	0.6254030198387499  	0.13139889202531202 	0.07786224019221992 
36606     	0.4843462246777164  	55745.74018200001   	89197.05794299999   	0.6249728574862129  	0.13193430304545842 	0.07801096091795641 
36666     	0.48440366972477067 	56090.06520600001   	89747.16285099999   	0.6249787004311417  	0.13228739934814876 	0.0780400823504629  
36787     	0.48269581056466304 	56380.550281        	90327.77300199999   	0.6241773532903513  	0.13203853157920903 	0.07778317662544845 
36818     	0.48363636363636364 	56630.74380900001   	90804.96825499999   	0.6236524817669518  	0.13248852082128068 	0.07797440746794802 
36848     	0.484573502722323   	57108.83709600001   	91492.15253899999   	0.6241938298659708  	0.1328657963723325  	0.07818302775819377 
36878     	0.4855072463768116  	57323.59384600001   	91804.01694699998   	0.624412697312514   	0.13315585645982575 	0.07839313656231361 
36909     	0.4864376130198915  	57508.38459300001   	92036.25580299998   	0.6248448949954513  	0.13345576614916319 	0.07859888229700415 
36939     	0.48736462093862815 	57591.93531900001   	92119.80652899998   	0.6251851527811194  	0.1337652416108224  	0.0788051741383265  
36969     	0.4882882882882883  	57731.090719000014  	92274.43364699998   	0.625645570904861   	0.13407651772022508 	0.07900554086014004 
37000     	0.4892086330935252  	58137.16761200001   	92974.64690499999   	0.6253013003792706  	0.13443154216104436 	0.07924400012726443 
37037     	0.49012567324955114 	58373.48103700001   	93325.53141699999   	0.6254824392713484  	0.1347353206401811  	0.07948553340743703 
37055     	0.4910394265232975  	58468.947815000014  	93437.91165499999   	0.6257518685871792  	0.13505098290501852 	0.07972855883620819 
37111     	0.49019607843137253 	58582.76909600001   	93676.21547499999   	0.6253750623778604  	0.13488835734125032 	0.07971014521800959 
37166     	0.48936170212765956 	58701.301773000014  	93817.43934499999   	0.625697121801998   	0.13468734339909375 	0.07967212384904002 
37277     	0.48596491228070177 	58921.25572900001   	94084.942243        	0.6262559589697129  	0.13372699870059523 	0.07922466741509165 
37296     	0.4868651488616462  	59250.57979200001   	94493.807846        	0.6270313488537032  	0.1340175032034736  	0.079485386765306   
37314     	0.48776223776223776 	59397.36402500001   	94658.783552        	0.6274891964185296  	0.13428732196874887 	0.07973370144461557 
37370     	0.48695652173913045 	59502.84201800001   	94765.390051        	0.6278963447095749  	0.13408370774717435 	0.07969153057754795 
37462     	0.4844827586206897  	59677.12115600001   	95342.046691        	0.6259265793759529  	0.13342639612078952 	0.07941714217193893 
37518     	0.483704974271012   	59904.63987700001   	95649.97759899999   	0.6262901610718862  	0.13324609407031776 	0.0794240994336042  
37555     	0.48376068376068376 	60215.60209300001   	96134.36983299999   	0.6263691351761462  	0.13331519230521488 	0.0795983525361272  
37592     	0.4838160136286201  	60337.29953200001   	96298.568349        	0.6265648655681866  	0.13336422816658206 	0.07977460256152653 
37629     	0.4838709677419355  	60593.36693700001   	96673.277531        	0.6267850690959523  	0.13344422772580242 	0.07996125217020018 
37648     	0.4847457627118644  	60715.80101000001   	96812.925007        	0.6271456110391251  	0.13377639558854224 	0.08028521713836063 
37722     	0.4831649831649832  	61042.15312700001   	97750.656095        	0.6244679633421136  	0.13343917885066228 	0.08023638265411064 
37777     	0.4824120603015075  	61072.385187000014  	97787.644195        	0.6245409191494024  	0.13332468417615043 	0.08032189793536065 
37814     	0.48247078464106846 	61177.58334300001   	97892.842351        	0.6249443970953926  	0.13345183301840313 	0.08054176995573076 
37925     	0.4793388429752066  	61400.047669000014  	98176.602165        	0.6254040811659822  	0.13272324111257897 	0.08023214906928543 
37962     	0.4794069192751236  	61456.34073800001   	98232.89523400001   	0.6256187460585909  	0.13286170621899052 	0.08041395511657279 
37981     	0.48026315789473684 	61764.16767100001   	98620.98016         	0.6262781770247619  	0.13324404608265872 	0.08075176741939272 
38093     	0.47875816993464054 	61808.46213300001   	98665.27462200001   	0.6264459544636811  	0.13286702118105287 	0.08063826695603221 
38162     	0.47804878048780486 	61902.350882000006  	98764.15155100002   	0.6267694290881926  	0.13269955421463692 	0.08063196400858107 
38186     	0.4788961038961039  	62112.84488900001   	99024.59126100002   	0.6272466677018501  	0.13297871122762928 	0.080903435264171   
38209     	0.47974068071312803 	62224.663098000005  	99195.82813600003   	0.6272911297508238  	0.13322669664677464 	0.08116142469259532 
38232     	0.48058252427184467 	62466.390246        	99524.11657400003   	0.6276507885358     	0.13349645065710258 	0.08142874020808386 
38279     	0.4806451612903226  	62785.687144        	99906.76729300003   	0.6284427856610179  	0.13355805087733    	0.08152591560748015 
38325     	0.4807073954983923  	63064.044844000004  	100266.71294300002  	0.6289629229179068  	0.13361583928094845 	0.08159661360908724 
38348     	0.48154093097913325 	63569.458608        	101444.56630400002  	0.6266423222462277  	0.13392274771042692 	0.08186031109754581 
38372     	0.4823717948717949  	63627.768346000004  	101502.87604200002  	0.6268568027537664  	0.1342371287787247  	0.08212455551359274 
38441     	0.48165869218500795 	64138.48998500001   	102521.76750200002  	0.6256085078102929  	0.13404057039087858 	0.0821599972128711  
38581     	0.4786729857819905  	64231.95190200001   	102623.43171800002  	0.6258994737040527  	0.1331700641321298  	0.08179320995154046 
38651     	0.4779874213836478  	64554.73229400001   	103048.26676200003  	0.6264514127452083  	0.13294144915760114 	0.08176481358711234 
38674     	0.478806907378336   	64727.25668800001   	103283.83841400003  	0.6266929819992659  	0.1331446754038531  	0.08199447186167856 
38790     	0.4766355140186916  	65027.830827000005  	103657.49000000003  	0.6273336430102637  	0.13246247665217    	0.08154746599920937 
38813     	0.4774494556765163  	65197.07716200001   	103852.63265700004  	0.6277845394380139  	0.1326342928812972  	0.08161440590470788 
38883     	0.47678018575851394 	65274.87491500001   	103930.43041000004  	0.628063163574846   	0.13236150882509853 	0.08137053101632102 
38906     	0.4775888717156105  	65392.18516200001   	104092.76549100004  	0.6282106624177823  	0.13251195653404618 	0.08138414153585663 
38930     	0.4783950617283951  	65619.63718900002   	104384.61949900004  	0.6286331981085453  	0.13266363491905306 	0.08137882042339539 
39000     	0.47772657450076805 	65736.78776200002   	104541.99271600004  	0.6288074873470351  	0.1324233378130067  	0.08112741833785718 
39061     	0.4777947932618683  	65906.90409700002   	104752.47102100003  	0.6291680134570522  	0.1323575987152918  	0.0810043185391365  
39081     	0.4785932721712538  	66164.12362600002   	105064.20104400003  	0.6297494576510511  	0.13252457591637942 	0.08101161729905192 
39102     	0.47938931297709925 	66639.96923500001   	106142.05907100003  	0.6278375397864058  	0.1327370374632336  	0.08107888250752228 
39122     	0.4801829268292683  	66727.96197300001   	106230.05180900003  	0.6281458103115288  	0.13295545692371816 	0.08114909709552989 
39142     	0.4809741248097412  	66810.08810500002   	106312.17794100003  	0.6284330675840123  	0.1331869604539741  	0.0812193094351834  
39204     	0.4803030303030303  	66919.48289200001   	106421.57272800003  	0.6288150153826206  	0.13303678440769165 	0.08104356509405741 
39306     	0.4781954887218045  	67655.33731300001   	108369.91778700003  	0.6242999782095977  	0.13249409252753722 	0.08073098601830592 
39387     	0.476831091180867   	67790.69943300002   	108801.14164000003  	0.6230697436733257  	0.13216495173202333 	0.08056751101048634 
39408     	0.47761194029850745 	68033.67790900002   	109158.94064400003  	0.6232533726291665  	0.13245746959966556 	0.080776144504354   
39428     	0.4783904619970194  	68238.83617900002   	109428.26588900003  	0.6235942388799157  	0.13278625794374793 	0.08099065077067434 
39448     	0.4791666666666667  	68510.37316400002   	109777.81788000003  	0.6240821186561556  	0.1331622002098588  	0.08121214545257607 
39591     	0.47569955817378495 	68672.15176200002   	109950.78082000003  	0.6245717515587536  	0.13233602700038938 	0.0806965025735288  
39632     	0.47577092511013214 	68754.06096900003   	110037.57987400003  	0.6248234562022154  	0.13250528810656811 	0.08078083772038763 
39673     	0.47584187408491946 	68855.66362200002   	110237.04333500004  	0.624614571825499   	0.13263734105755942 	0.08086338497747825 
39714     	0.4759124087591241  	69135.99759200003   	110607.18246500003  	0.6250588438402458  	0.13279255930643574 	0.08092882156027177 
39755     	0.4759825327510917  	69293.74297700003   	110829.03849300003  	0.6252309315250139  	0.13296945567441845 	0.08100024745922195 
39795     	0.4760522496371553  	69467.49048100003   	111073.10180700003  	0.625421360805304   	0.1331738380784808  	0.08107797908535636 
39857     	0.4754335260115607  	69576.00882000003   	111181.62014600003  	0.6257869666644101  	0.1331836639392118  	0.08103822372236875 
39897     	0.4755043227665706  	69924.90221900003   	112145.86465700003  	0.6235174380514742  	0.13339158876566648 	0.08116258434379707 
39918     	0.4762589928057554  	70022.24281100002   	112243.20524900002  	0.6238439347456523  	0.13380042295851752 	0.08140600690728933 
39938     	0.47701149425287354 	70136.80458000003   	112377.69863000001  	0.6241167547924541  	0.134232790117997   	0.08165131925832257 
40066     	0.4757142857142857  	70246.85811500002   	112495.85790300001  	0.6244395075912097  	0.13402276802025245 	0.08152144550365142 
40233     	0.47375886524822697 	70369.74011600003   	112628.88902000002  	0.6247929880894426  	0.13348928074248315 	0.08125108554414272 
40266     	0.4745042492917847  	70548.79872400004   	112882.50282000002  	0.6249755007336754  	0.1337400741452705  	0.08144817654438403 
40366     	0.47390691114245415 	70564.31505600004   	112898.01915200002  	0.6250270428659683  	0.13351460352476058 	0.08139179526857149 
40400     	0.47464788732394364 	70794.37993500003   	113159.25347300002  	0.62561724085509    	0.13369022535705047 	0.08156821381024816 
40600     	0.4720670391061452  	71141.73270500003   	114008.52924500001  	0.6240036002229197  	0.13290519324624023 	0.08119169788647063 
40633     	0.47280334728033474 	71520.99123100004   	114672.27485800002  	0.6236990704123145  	0.13305426001847984 	0.08136793013177192 
40700     	0.4728789986091794  	71567.43243700004   	114761.27823300002  	0.6236200357728375  	0.132999547935555   	0.08143279581178514 
40800     	0.47229916897506924 	71711.21708600003   	114919.79395000002  	0.6240110134308157  	0.13275806982781177 	0.08138093599447623 
40833     	0.4730290456431535  	71892.91233400004   	115272.27022000002  	0.6236791571536728  	0.13289102724530827 	0.08156882714227856 
40866     	0.47375690607734805 	72020.34316600004   	115448.42860100002  	0.6238312988642636  	0.13299974299533218 	0.08165712601982482 
40900     	0.47448275862068967 	72127.30473800004   	115601.60795100003  	0.6239299436784009  	0.13309560234665926 	0.08171641241177029 
41071     	0.4732510288065844  	72198.50001900003   	115681.02455800003  	0.6241170519958631  	0.132603377765573   	0.08143403559371369 
41107     	0.473972602739726   	72301.23817900002   	115790.00189200003  	0.62441693581141    	0.1326493940941101  	0.08148794610209452 
41178     	0.47404371584699456 	72515.77983800002   	116088.10045900002  	0.6246616108910416  	0.13250568425131953 	0.08140929623803288 
41250     	0.47411444141689374 	72932.90530400001   	116765.42710000003  	0.6246104443358816  	0.1323257581850856  	0.08129414145182755 
41357     	0.4735413839891452  	73147.08245100001   	117093.22292500002  	0.6246909993915858  	0.1319446532642971  	0.0810748738950388  
41392     	0.4742547425474255  	73666.85731200001   	118234.90471500003  	0.6230550740457793  	0.13193707427086027 	0.08113653830983246 
41428     	0.4749661705006766  	73737.208446        	118311.72091800002  	0.6232451685586257  	0.13193723731271167 	0.08119945246758935 
41500     	0.4750337381916329  	74207.552079        	118877.91782600002  	0.6242332759193897  	0.13177337681256215 	0.08118016896457374 
41535     	0.4757412398921833  	74468.779387        	119307.77200800001  	0.6241737494017289  	0.13181622667822454 	0.08128348793164238 
41571     	0.47644683714670255 	74622.82931300001   	119487.45271600001  	0.6245243966357282  	0.13184967798079983 	0.08137975329494014 
41642     	0.47651006711409394 	74762.71740400001   	119676.46223200002  	0.6247069474619661  	0.13171810159325587 	0.08137050726935313 
41714     	0.47657295850066933 	75265.18467900001   	121173.73976000003  	0.6211344539507674  	0.1315976959112814  	0.08143451886747544 
41750     	0.4772727272727273  	75402.59042400001   	121383.99167700003  	0.6211905654301149  	0.1316616129347609  	0.08161233484638734 
42045     	0.47354497354497355 	75493.16504500002   	121515.78761300002  	0.6212621958673261  	0.13048681842582482 	0.08101950848740297 
42068     	0.47424042272126815 	75503.31044200002   	121535.93095600003  	0.6212427045079754  	0.1305332644296981  	0.08118406259705821 
42272     	0.4699738903394256  	75692.23594200001   	121752.48744500002  	0.6216894416731561  	0.1291970303015759  	0.08040993175323459 
42340     	0.4694408322496749  	75969.95329800001   	122076.87530000001  	0.6223124003731769  	0.12886767036826066 	0.08026833924940907 
42363     	0.4701298701298701  	75995.29940900001   	122103.07684500002  	0.6223864408058275  	0.12887671518887048 	0.080336054355238   
42409     	0.47020725388601037 	76040.58619000002   	122177.55607400002  	0.6223776987644445  	0.12872314078371538 	0.0803012872857024  
42454     	0.4702842377260982  	76087.85845600002   	122224.82834000002  	0.6225237497928157  	0.12857481525616107 	0.08026769921932568 
42500     	0.47036082474226804 	76309.43420000002   	122522.77180000002  	0.6228183796279412  	0.128446197381815   	0.08024085592520752 
42522     	0.47104247104247104 	76501.62146100002   	122714.95906100002  	0.6234090941021465  	0.12850084227873665 	0.08032371443616618 
42545     	0.4717223650385604  	76712.28281500001   	123008.66309100001  	0.6236331725534598  	0.12858306817815524 	0.08041258232934856 
42568     	0.472400513478819   	76913.40496100001   	123209.785237       	0.624247536939159   	0.12868562125253838 	0.08050699574465377 
42590     	0.47307692307692306 	77531.963174        	124234.75986600001  	0.6240762509431839  	0.12879608912486226 	0.08061800553159179 
42613     	0.4737516005121639  	77622.863893        	124326.79640800001  	0.6243454036913094  	0.12889811742791782 	0.0807266017211422  
42681     	0.4732142857142857  	77823.116808        	124641.47945700001  	0.6243757467179949  	0.12869048609651104 	0.0806362895558453  
42704     	0.47388535031847134 	78090.354936        	124975.77485100001  	0.6248439349874145  	0.12885219412489118 	0.08075655374016498 
42772     	0.4733502538071066  	78308.146591        	125236.71355200002  	0.6252810726982657  	0.1287189133751845  	0.08067540475686807 
42886     	0.47162673392181587 	78531.864311        	125502.33499100001  	0.6257402646463244  	0.12822705970814027 	0.0803705950041004  
42931     	0.4716981132075472  	78606.599242        	125577.06992200001  	0.6259629985858494  	0.12822576033132077 	0.08037328824972934 
43000     	0.47117794486215536 	78892.90822099999   	125932.75257800001  	0.626468544568145   	0.12809165892319685 	0.08028092284504858 
43052     	0.4718397997496871  	79068.02139         	126164.46034700001  	0.6267059770440345  	0.12826789912576808 	0.08033702501161469 
43078     	0.4725              	79743.271623        	127402.07654400001  	0.6259181465967675  	0.12844758610897522 	0.08040013533355353 
43105     	0.4731585518102372  	80459.50407099999   	128827.98951200001  	0.6245498697587405  	0.12867755247508453 	0.08053798303297866 
43210     	0.4720496894409938  	80891.48372899999   	129446.09464300002  	0.6249047833547314  	0.1284134421278125  	0.08037968450969868 
43236     	0.47270471464019853 	81051.41909999998   	129748.34518900001  	0.6246817173809434  	0.12863838338925637 	0.08052966744045403 
43263     	0.47335811648079307 	81229.44406699999   	129959.13543500002  	0.6250383537494943  	0.12888441048300245 	0.0806836707886018  
43342     	0.4728395061728395  	81308.72735599999   	130038.41872400002  	0.6252669645927766  	0.128767131592232   	0.08060870319310715 
43473     	0.47116564417177914 	81380.48731399998   	130208.01436000002  	0.6250036736525192  	0.12831785359500092 	0.0803382451327394  
43500     	0.47181372549019607 	81738.06831999998   	130654.19998900002  	0.6256061292088707  	0.12852954319931914 	0.08045810796986347 
43578     	0.4713064713064713  	81816.78825999997   	130742.24948000001  	0.6257869096287478  	0.12842689248874042 	0.0803737761064316  
43631     	0.4713763702801462  	82097.35306499997   	131160.31744        	0.6259313385891724  	0.12851222240607185 	0.08039748430437028 
43657     	0.4720194647201946  	82295.90140999998   	131424.19339200002  	0.6261853262019674  	0.1287775752291095  	0.08052008436618392 
43710     	0.4720873786407767  	82515.59512999997   	131813.721736       	0.6260015576774653  	0.12890177473731926 	0.08056291782284107 
43736     	0.4727272727272727  	82605.29045899997   	131903.41706500002  	0.6262558794689399  	0.12916740020103415 	0.08068453285266525 
43815     	0.4722222222222222  	83226.73237399997   	133063.237706       	0.6254675131074701  	0.12912042413464536 	0.08064304694074569 
43842     	0.47285886610373945 	83296.48273999996   	133132.988072       	0.6256637362856468  	0.12937550488634061 	0.08079107147473513 
43947     	0.4717887154861945  	83500.89840699996   	133452.320782       	0.6256983611652749  	0.12914085306151393 	0.08064742770176919 
44054     	0.47129186602870815 	83774.38191199995   	133810.987439       	0.6260650452952522  	0.12904259947041524 	0.08058768456465391 
44081     	0.47192353643966545 	83929.61993299995   	133971.915224       	0.6264717481471418  	0.12926226723065107 	0.08072107755178264 
44162     	0.4714285714285714  	84682.23661399995   	135749.865421       	0.6238108328975177  	0.12915689235624017 	0.08073284253847376 
44243     	0.4709371293001186  	85025.98162299996   	136207.239958       	0.6242398102275476  	0.12906563583609346 	0.08074675668069063 
44297     	0.4710059171597633  	85147.81021499996   	136377.970784       	0.624351643637959   	0.12912045055579024 	0.08085828306837863 
44351     	0.47107438016528924 	85246.03873399996   	136477.462388       	0.6246162351088332  	0.12917985948515018 	0.08096872274911943 
44378     	0.4716981132075472  	85442.29072199996   	136713.822495       	0.6249718511463961  	0.12936790151010433 	0.08114085606349639 
44405     	0.4723203769140165  	85941.01386799997   	137642.962939       	0.6243763722674797  	0.12957999324204458 	0.08134605879019852 
44432     	0.47294117647058825 	86390.51703199996   	138451.693411       	0.6239758785437596  	0.12977780077173798 	0.08153833079839305 
44486     	0.47300469483568075 	86535.24531399996   	138613.52578199998  	0.6242914955506976  	0.1298378050042748  	0.08163558896995632 
44540     	0.47306791569086654 	86633.98548199996   	138835.03801299998  	0.624006639259809   	0.1298882198557236  	0.08173069786367303 
44783     	0.46929316338354576 	86919.24379199996   	139191.91617999997  	0.6244561191297767  	0.12882892155933975 	0.08115598171628148 
44864     	0.46882217090069284 	86959.18917499996   	139231.86156299998  	0.6245638620270293  	0.12867131504786736 	0.08114020826495777 
45000     	0.4672789896670494  	87113.23414999996   	139394.57915499998  	0.624939898510216   	0.12822191021637724 	0.08093451172027818 
45044     	0.46788990825688076 	87228.68866199996   	139543.67359299998  	0.6250995578374658  	0.12837298673534556 	0.08110448409536193 
45088     	0.4679633867276888  	87329.53451799996   	139650.636022       	0.6253429057368733  	0.12835977675708038 	0.08117534951045574 
45111     	0.4685714285714286  	87337.15428199996   	139665.03810099998  	0.6253329786001371  	0.12846380155268947 	0.08133553672258469 
45266     	0.46598639455782315 	87634.56621599996   	140019.12819        	0.625875673908522   	0.1276687455126888  	0.08093659989888403 
45311     	0.4660633484162896  	87832.41224299997   	140350.942444       	0.6258056462858815  	0.127601928066368   	0.08099390391876042 
45333     	0.4666666666666667  	88005.47881699997   	140595.239392       	0.6259492085050468  	0.1276776763142539  	0.08114607698509227 
45355     	0.4672686230248307  	88031.73399399997   	140625.141044       	0.6260028138670869  	0.12775522145980925 	0.08129864909393399 
45377     	0.46786922209695603 	88289.93186999997   	140927.952842       	0.6264898488164755  	0.12783540648516195 	0.0814221958492946  
45400     	0.46846846846846846 	88405.22002099997   	141043.24099299998  	0.6267951544405276  	0.12793168048766276 	0.08154572120673152 
45444     	0.46853932584269664 	88442.44953799997   	141087.362026       	0.6268630178350173  	0.1278834454943906  	0.08157807926999737 
45511     	0.46808510638297873 	88572.03525499997   	141245.222857       	0.6270798648154805  	0.12770745045891008 	0.08152101874024559 
45533     	0.46868008948545864 	88695.98805699997   	141391.80096499997  	0.6273064452934983  	0.1278305404797547  	0.08164908069382523 
45577     	0.46875             	88733.19751799997   	141430.09098199997  	0.6273997061155338  	0.127814817794839   	0.08168642916574119 
45644     	0.4682981090100111  	88884.52624799997   	141581.41971199997  	0.6277979584383727  	0.12763399129385156 	0.08156389288989897 
45733     	0.4673311184939092  	89071.99791499997   	141839.645252       	0.6279767392025681  	0.12733038959187365 	0.08135737766397044 
45777     	0.46740331491712706 	89126.24932499997   	141894.20780399998  	0.6281176004598513  	0.12731699617811829 	0.08133205495787738 
45800     	0.46799116997792495 	89515.94622199997   	142420.87647499997  	0.6285310723931211  	0.12747712095314445 	0.08139424087759738 
45888     	0.46703296703296704 	89803.71098799996   	142817.84434399998  	0.6287989529634206  	0.12724823447576056 	0.08119608359589456 
46000     	0.46557377049180326 	89882.17114399996   	142896.30449999997  	0.629002768535557   	0.12683231627221936 	0.08090054346000193 
46046     	0.4661572052401747  	90212.08882399996   	143465.66892699996  	0.6288061074033178  	0.1269862677466505  	0.08097736850411388 
46069     	0.46673936750272627 	90446.44389599997   	143981.18165199997  	0.6281823975761461  	0.12715075057262165 	0.08107090639041063 
46232     	0.4642857142857143  	90619.21456699997   	144198.84563799997  	0.628432316264809   	0.1264695478308433  	0.08063748507238168 
46279     	0.46436285097192226 	90685.52005999998   	144270.68185799997  	0.6285789939584414  	0.1264226767359366  	0.08061028088610395 
46302     	0.46494066882416396 	90997.08047399999   	144733.68534199995  	0.6287208140867656  	0.12652336572952494 	0.08068071045054857 
46325     	0.46551724137931033 	91176.41653499998   	144973.28469099995  	0.6289187468528143  	0.12664112919746115 	0.08075503375156161 
46395     	0.46509129967776586 	91231.48403899999   	145028.35219499996  	0.6290596470153187  	0.12649356517740137 	0.08065573629606355 
46418     	0.4656652360515021  	91298.16655699999   	145100.19890499997  	0.6292077284937062  	0.12662054319974086 	0.08073043109068997 
46441     	0.4662379421221865  	91564.42925599999   	145549.61410499996  	0.6290942770205156  	0.12676178016939238 	0.08082361978182523 
46465     	0.4668094218415418  	91710.35437699998   	145724.13901499996  	0.6293422283837262  	0.12690013306204395 	0.08091299723328384 
46488     	0.46737967914438505 	91800.85417999998   	145814.63881799998  	0.6295722769960165  	0.127048333905762   	0.08100248953215548 
46511     	0.46794871794871795 	91965.21524399998   	146014.234358       	0.6298373281780064  	0.12720749813197876 	0.08109865847074861 
46604     	0.46702127659574466 	92076.53125099998   	146125.55036499997  	0.6301193119273559  	0.1269018412694672  	0.08086522899112494 
46697     	0.4661016949152542  	92494.98776699998   	147095.19463399998  	0.6288103972202803  	0.12659539795717872 	0.08066683363906453 
46720     	0.4666666666666667  	92598.69881299998   	147204.930007       	0.6290461794220932  	0.12670524945097633 	0.08072597595032228 
46837     	0.4652631578947368  	92735.38745499997   	147427.92619899998  	0.6290218539045624  	0.12623682124039426 	0.0804284786318334  
46860     	0.4658254468980021  	92851.56038699998   	147544.09913099997  	0.6293139538204091  	0.12629949511989325 	0.0804766386799494  
46883     	0.46638655462184875 	92992.02764999997   	147769.57698599997  	0.6293042826996131  	0.12635839797949486 	0.08052746275523502 
47000     	0.46499477533960293 	93507.04623299997   	148881.25445899996  	0.6280646047266525  	0.1258936639149772  	0.0802764829050959  
47051     	0.46555323590814196 	93609.45082299998   	148985.31438899995  	0.6283132750828457  	0.125928681062027   	0.0803356770677196  
47102     	0.465625            	93781.41275099998   	149171.21376799996  	0.6286830440144737  	0.1258362131055201  	0.08030875244567537 
47153     	0.4656964656964657  	94096.95185999999   	149601.75033399995  	0.6289829607602833  	0.12575039230308283 	0.08029055218807275 
47179     	0.46625129802699894 	94171.17577999999   	149686.47029999996  	0.629122829813965   	0.12578873548379882 	0.0803404670957527  
47256     	0.4658385093167702  	94395.804926        	149958.35592999996  	0.6294801269364652  	0.12557497952510135 	0.08019070037742959 
47384     	0.46446961894953653 	94729.845301        	151266.26111499997  	0.6262456981665049  	0.12509180870290706 	0.07992795364250305 
47410     	0.46502057613168724 	94792.10097099999   	151352.17132499997  	0.6263015597407717  	0.12513175081757483 	0.07999720361288945 
47435     	0.46557040082219936 	95235.57500499999   	152906.96609999996  	0.6228334616404374  	0.1251921990297202  	0.08013114909226843 
47538     	0.4646878198567042  	95462.421005        	153299.02582799995  	0.6227203368670322  	0.12487238654189488 	0.08002467072835698 
47564     	0.4652351738241309  	95628.34956         	153464.95438299995  	0.6231282571611881  	0.1249495857340318  	0.0801677019238418  
47589     	0.46578140960163433 	95893.020781        	154107.92385099994  	0.6222458805798634  	0.1250187699073436  	0.08029463815468467 
47769     	0.4634888438133874  	96041.888311        	154256.79138099993  	0.6226104371235459  	0.12429201242671585 	0.0799275043584854  
47794     	0.46403242147923    	96158.02983700001   	154465.47027499994  	0.6225211995004885  	0.12433241733724656 	0.08005641924017058 
47820     	0.4645748987854251  	96194.053316        	154501.49375399994  	0.6226092122394746  	0.124361393885456   	0.08018357911422071 
47923     	0.4637096774193548  	96261.098709        	154569.07600099995  	0.6227707456074671  	0.1240219787299056  	0.08006763935734755 
48000     	0.46331658291457284 	96484.67278         	154808.53785599995  	0.6232516249830372  	0.12378122820840225 	0.07996630762272698 
48063     	0.4633901705115346  	96646.579189        	155009.92307999995  	0.623486401829392   	0.12368116204609557 	0.07994841946787275 
